0 0.832812 0.992188 0.832812 0.993750 0.834375 0.992188
0 0.660937 0.979688 0.660937 0.982812 0.662500 0.981250
0 0.871875 0.978125 0.871875 0.982812 0.870313 0.984375 0.862500 0.984375 0.862500 0.985938 0.865625 0.989062 0.865625 0.990625 0.864062 0.992188 0.864062 0.993750 0.873437 0.993750 0.873437 0.992188 0.870313 0.989062 0.871875 0.987500 0.875000 0.987500 0.876563 0.985938 0.875000 0.984375 0.873437 0.984375 0.871875 0.982812
0 0.856250 0.978125 0.856250 0.982812 0.854688 0.984375 0.850000 0.984375 0.848437 0.982812 0.846875 0.984375 0.839063 0.984375 0.837500 0.985938 0.835938 0.984375 0.831250 0.984375 0.829688 0.985938 0.831250 0.985938 0.832812 0.987500 0.834375 0.987500 0.835938 0.985938 0.843750 0.985938 0.846875 0.989062 0.846875 0.990625 0.845313 0.992188 0.843750 0.992188 0.843750 0.993750 0.857812 0.993750 0.857812 0.990625 0.856250 0.989062 0.859375 0.985938 0.856250 0.982812
0 0.767188 0.978125 0.764062 0.981250 0.764062 0.985938 0.765625 0.987500 0.765625 0.990625 0.762500 0.993750 0.765625 0.993750 0.767188 0.995313 0.770312 0.995313 0.771875 0.993750 0.771875 0.992188 0.770312 0.990625 0.770312 0.984375 0.768750 0.982812 0.768750 0.979688
0 0.745313 0.978125 0.746875 0.979688 0.746875 0.981250 0.746875 0.978125
0 0.606250 0.976562 0.606250 0.978125 0.604688 0.979688 0.604688 0.982812 0.607812 0.985938 0.604688 0.989062 0.604688 0.990625 0.606250 0.992188 0.612500 0.992188 0.614062 0.993750 0.615625 0.992188 0.615625 0.985938 0.614062 0.984375 0.614062 0.982812 0.612500 0.982812 0.610938 0.984375 0.607812 0.981250 0.607812 0.978125
0 0.595313 0.971875 0.593750 0.973437 0.592187 0.973437 0.590625 0.975000 0.590625 0.978125 0.589063 0.979688 0.589063 0.982812 0.590625 0.982812 0.593750 0.985938 0.590625 0.989062 0.589063 0.989062 0.590625 0.990625 0.590625 0.993750 0.592187 0.993750 0.593750 0.992188 0.595313 0.992188 0.598437 0.995313 0.600000 0.993750 0.600000 0.992188 0.601562 0.990625 0.601562 0.987500 0.600000 0.985938 0.600000 0.981250 0.598437 0.979688 0.595313 0.982812 0.593750 0.982812 0.592187 0.981250 0.592187 0.979688 0.590625 0.978125 0.590625 0.976562 0.593750 0.973437 0.596875 0.973437
0 0.653125 0.964063 0.651563 0.965625 0.654687 0.965625
0 0.645312 0.964063 0.643750 0.965625 0.643750 0.967187 0.642188 0.968750 0.642188 0.970313 0.642188 0.968750 0.643750 0.967187 0.645312 0.967187 0.646875 0.965625
0 0.629687 0.964063 0.628125 0.965625 0.621875 0.965625 0.626563 0.965625 0.628125 0.967187 0.631250 0.967187 0.632812 0.965625 0.640625 0.965625 0.639062 0.964063 0.635938 0.964063 0.634375 0.965625 0.632812 0.964063
0 0.598437 0.964063 0.596875 0.965625 0.598437 0.967187 0.600000 0.965625
0 0.590625 0.964063 0.589063 0.965625 0.592187 0.965625
0 0.870313 0.962500 0.870313 0.964063 0.871875 0.965625 0.871875 0.962500
0 0.614062 0.962500 0.612500 0.964063 0.610938 0.964063 0.609375 0.965625 0.606250 0.965625 0.610938 0.965625 0.612500 0.967187 0.615625 0.967187 0.615625 0.964063
0 0.854688 0.960938 0.853125 0.962500 0.848437 0.962500 0.853125 0.962500 0.856250 0.965625 0.859375 0.965625 0.859375 0.962500 0.857812 0.960938
0 0.837500 0.960938 0.835938 0.962500 0.837500 0.962500 0.840625 0.965625 0.840625 0.962500 0.839063 0.962500
0 0.714063 0.960938 0.714063 0.962500 0.715625 0.964063 0.715625 0.960938
0 0.689063 0.959375 0.685937 0.962500 0.684375 0.962500 0.685937 0.962500 0.687500 0.964063 0.689063 0.964063 0.692187 0.967187 0.693750 0.967187 0.695312 0.965625 0.693750 0.964063 0.693750 0.960938 0.692187 0.959375
0 0.595313 0.956250 0.593750 0.957812 0.596875 0.957812
0 0.668750 0.948438 0.668750 0.950000 0.670312 0.950000
0 0.653125 0.948438 0.651563 0.950000 0.654687 0.950000
0 0.621875 0.948438 0.620313 0.950000 0.623437 0.950000
0 0.614062 0.948438 0.612500 0.950000 0.614062 0.951562 0.615625 0.950000 0.615625 0.948438
0 0.606250 0.948438 0.604688 0.950000 0.607812 0.950000 0.607812 0.948438
0 0.590625 0.948438 0.589063 0.950000 0.590625 0.950000 0.592187 0.951562 0.593750 0.950000 0.595313 0.951562 0.598437 0.951562 0.600000 0.950000 0.600000 0.948438 0.596875 0.948438 0.595313 0.950000 0.593750 0.950000 0.592187 0.948438
0 0.817187 0.945312 0.817187 0.948438 0.818750 0.946875
0 0.657813 0.940625 0.657813 0.942187 0.660937 0.942187 0.659375 0.942187
0 0.610938 0.939063 0.609375 0.940625 0.609375 0.943750 0.612500 0.943750 0.614062 0.945312 0.615625 0.943750 0.615625 0.942187 0.614062 0.940625 0.614062 0.939063
0 0.785937 0.937500 0.784375 0.939063 0.785937 0.939063
0 0.770312 0.937500 0.768750 0.939063 0.770312 0.939063
0 0.668750 0.932813 0.667188 0.934375 0.668750 0.935937 0.671875 0.935937 0.673438 0.937500 0.673438 0.942187 0.676562 0.942187 0.673438 0.939063 0.675000 0.937500 0.676562 0.937500 0.676562 0.932813 0.675000 0.934375 0.670312 0.934375
0 0.762500 0.931250 0.762500 0.932813 0.764062 0.931250
0 0.910937 0.925000 0.910937 0.928125 0.909375 0.929688 0.909375 0.934375 0.920312 0.934375 0.920312 0.931250 0.918750 0.929688 0.917188 0.929688 0.915625 0.931250 0.910937 0.926562
0 0.776563 0.915625 0.778125 0.917188 0.778125 0.918750 0.779687 0.918750 0.779687 0.915625
0 0.762500 0.915625 0.762500 0.918750 0.762500 0.917188 0.764062 0.915625
0 0.951562 0.914062 0.950000 0.915625 0.948438 0.915625 0.946875 0.917188 0.945312 0.917188 0.943750 0.918750 0.945312 0.918750 0.946875 0.920312 0.954688 0.920312 0.956250 0.918750 0.956250 0.917188 0.954688 0.915625 0.954688 0.914062
0 0.754687 0.914062 0.754687 0.917188 0.756250 0.915625
0 0.782813 0.907813 0.782813 0.910937 0.785937 0.914062 0.785937 0.920312 0.784375 0.921875 0.782813 0.921875 0.782813 0.925000 0.785937 0.925000 0.785937 0.907813
0 0.754687 0.906250 0.753125 0.907813 0.751563 0.907813 0.753125 0.909375 0.754687 0.909375 0.756250 0.907813
0 0.798438 0.350000 0.798438 0.357812 0.800000 0.356250 0.800000 0.353125 0.798438 0.351562
0 0.907813 0.348438 0.907813 0.350000 0.910937 0.350000 0.909375 0.348438
0 0.679688 0.343750 0.678125 0.345313 0.678125 0.346875 0.681250 0.350000 0.684375 0.350000 0.684375 0.346875 0.685937 0.345313 0.684375 0.345313 0.682813 0.343750
0 0.845313 0.331250 0.843750 0.332813 0.845313 0.334375 0.846875 0.334375 0.846875 0.331250
0 0.782813 0.331250 0.781250 0.332813 0.781250 0.343750 0.782813 0.345313 0.782813 0.348438 0.782813 0.346875 0.787500 0.342187 0.790625 0.342187 0.792188 0.340625 0.792188 0.335938 0.790625 0.334375 0.790625 0.332813 0.785937 0.332813 0.784375 0.331250
0 0.751563 0.331250 0.751563 0.343750 0.750000 0.345313 0.750000 0.348438 0.751563 0.350000 0.751563 0.351562 0.753125 0.353125 0.751563 0.354687 0.751563 0.357812 0.753125 0.357812 0.754687 0.356250 0.754687 0.353125 0.759375 0.348438 0.759375 0.346875 0.753125 0.340625 0.753125 0.335938 0.754687 0.334375 0.753125 0.332813 0.753125 0.331250
0 0.735938 0.331250 0.735938 0.342187 0.737500 0.340625 0.737500 0.339062 0.735938 0.337500 0.737500 0.335938 0.737500 0.332813
0 0.720313 0.331250 0.720313 0.334375 0.721875 0.334375 0.723437 0.332813 0.721875 0.331250
0 0.704688 0.331250 0.703125 0.332813 0.703125 0.334375 0.704688 0.335938 0.704688 0.340625 0.710938 0.340625 0.707812 0.337500 0.707812 0.332813 0.706250 0.332813
0 0.696875 0.331250 0.695312 0.332813 0.696875 0.332813
0 0.667188 0.328125 0.665625 0.329688 0.665625 0.334375 0.670312 0.334375 0.670312 0.328125
0 0.782813 0.323437 0.782813 0.326562 0.784375 0.325000
0 0.689063 0.323437 0.687500 0.325000 0.689063 0.326562 0.690625 0.325000
0 0.782813 0.315625 0.782813 0.320312 0.784375 0.318750 0.784375 0.317188
0 0.665625 0.312500 0.664062 0.314063 0.664062 0.317188 0.665625 0.318750 0.668750 0.318750 0.670312 0.320312 0.671875 0.320312 0.673438 0.321875 0.673438 0.325000 0.676562 0.325000 0.676562 0.320312 0.678125 0.318750 0.676562 0.317188 0.675000 0.317188 0.673438 0.315625 0.671875 0.315625 0.670312 0.314063 0.670312 0.312500
0 0.696875 0.307812 0.695312 0.309375 0.696875 0.310937 0.698438 0.309375
0 0.767188 0.292187 0.767188 0.298438 0.765625 0.300000 0.765625 0.303125 0.767188 0.304688 0.767188 0.312500 0.765625 0.314063 0.765625 0.318750 0.767188 0.320312 0.767188 0.323437 0.765625 0.325000 0.765625 0.326562 0.767188 0.328125 0.767188 0.329688 0.765625 0.331250 0.765625 0.334375 0.767188 0.335938 0.767188 0.342187 0.768750 0.340625 0.768750 0.335938 0.771875 0.332813 0.770312 0.332813 0.768750 0.331250 0.768750 0.326562 0.770312 0.325000 0.768750 0.323437 0.768750 0.321875 0.770312 0.320312 0.770312 0.318750 0.771875 0.317188 0.773438 0.317188 0.771875 0.317188 0.768750 0.314063 0.768750 0.309375 0.767188 0.307812 0.767188 0.306250 0.768750 0.304688 0.768750 0.300000 0.767188 0.298438
0 0.720313 0.278125 0.720313 0.282813 0.718750 0.284375 0.718750 0.287500 0.720313 0.289062 0.721875 0.289062 0.725000 0.285938 0.726562 0.285938 0.725000 0.285938 0.723437 0.284375 0.721875 0.284375 0.720313 0.282813
0 0.781250 0.275000 0.781250 0.278125 0.782813 0.279687 0.784375 0.279687 0.784375 0.278125 0.782813 0.276562 0.782813 0.275000
0 0.720313 0.268750 0.718750 0.270313 0.720313 0.271875 0.720313 0.273438 0.721875 0.275000 0.725000 0.271875 0.726562 0.271875 0.728125 0.270313 0.726562 0.268750
0 0.750000 0.259375 0.750000 0.287500 0.751563 0.289062 0.751563 0.298438 0.750000 0.300000 0.750000 0.303125 0.753125 0.306250 0.751563 0.307812 0.751563 0.314063 0.750000 0.315625 0.750000 0.318750 0.751563 0.320312 0.751563 0.323437 0.750000 0.325000 0.751563 0.326562 0.751563 0.328125 0.754687 0.325000 0.753125 0.323437 0.753125 0.321875 0.757812 0.317188 0.759375 0.317188 0.756250 0.317188 0.753125 0.314063 0.753125 0.312500 0.754687 0.310937 0.754687 0.304688 0.756250 0.303125 0.757812 0.303125 0.759375 0.301563 0.757812 0.300000 0.754687 0.300000 0.753125 0.298438 0.753125 0.293750 0.754687 0.292187 0.754687 0.290625 0.757812 0.287500 0.757812 0.284375 0.756250 0.282813 0.759375 0.279687 0.760938 0.279687 0.762500 0.278125 0.767188 0.282813 0.767188 0.289062 0.768750 0.287500 0.770312 0.287500 0.771875 0.285938 0.771875 0.284375 0.770312 0.282813 0.771875 0.281250 0.771875 0.278125 0.773438 0.276562 0.773438 0.273438 0.775000 0.271875 0.773438 0.270313 0.770312 0.270313 0.768750 0.268750 0.762500 0.268750 0.759375 0.265625 0.759375 0.264062 0.754687 0.259375
0 0.735938 0.250000 0.734375 0.251563 0.734375 0.257812 0.735938 0.259375 0.734375 0.260937 0.734375 0.264062 0.735938 0.265625 0.735938 0.268750 0.734375 0.270313 0.734375 0.271875 0.735938 0.273438 0.735938 0.281250 0.734375 0.282813 0.734375 0.287500 0.735938 0.289062 0.735938 0.298438 0.734375 0.300000 0.734375 0.303125 0.735938 0.304688 0.735938 0.309375 0.734375 0.310937 0.734375 0.314063 0.731250 0.317188 0.729688 0.315625 0.729688 0.314063 0.728125 0.314063 0.725000 0.310937 0.725000 0.309375 0.723437 0.307812 0.723437 0.304688 0.721875 0.304688 0.717187 0.300000 0.717187 0.298438 0.715625 0.298438 0.714063 0.296875 0.712500 0.296875 0.707812 0.292187 0.707812 0.289062 0.710938 0.285938 0.712500 0.285938 0.712500 0.284375 0.707812 0.284375 0.706250 0.282813 0.706250 0.278125 0.704688 0.276562 0.704688 0.279687 0.703125 0.281250 0.703125 0.282813 0.701562 0.284375 0.701562 0.285938 0.703125 0.287500 0.703125 0.300000 0.701562 0.301563 0.701562 0.312500 0.703125 0.314063 0.703125 0.318750 0.706250 0.321875 0.706250 0.326562 0.717187 0.326562 0.718750 0.328125 0.723437 0.328125 0.726562 0.325000 0.725000 0.323437 0.725000 0.321875 0.728125 0.318750 0.729688 0.318750 0.731250 0.317188 0.734375 0.320312 0.734375 0.326562 0.735938 0.328125 0.737500 0.326562 0.739062 0.326562 0.740625 0.325000 0.740625 0.320312 0.743750 0.317188 0.742188 0.315625 0.740625 0.315625 0.737500 0.312500 0.739062 0.310937 0.739062 0.304688 0.737500 0.303125 0.737500 0.300000 0.735938 0.298438 0.735938 0.296875 0.737500 0.295312 0.737500 0.290625 0.739062 0.289062 0.739062 0.287500 0.740625 0.285938 0.739062 0.284375 0.739062 0.271875 0.740625 0.270313 0.737500 0.267188 0.739062 0.265625 0.740625 0.265625 0.742188 0.264062 0.742188 0.260937 0.740625 0.259375 0.743750 0.256250 0.743750 0.254688 0.740625 0.254688 0.739062 0.253125 0.739062 0.251563 0.737500 0.251563
0 0.721875 0.243750 0.720313 0.245312 0.718750 0.245312 0.718750 0.248438 0.720313 0.250000 0.720313 0.251563 0.718750 0.253125 0.718750 0.256250 0.720313 0.257812 0.720313 0.260937 0.718750 0.262500 0.720313 0.264062 0.720313 0.265625 0.723437 0.265625 0.723437 0.264062 0.725000 0.262500 0.723437 0.260937 0.723437 0.259375 0.728125 0.254688 0.726562 0.253125 0.725000 0.253125 0.723437 0.251563 0.723437 0.250000 0.725000 0.248438 0.725000 0.245312 0.723437 0.243750
0 0.657813 0.223438 0.657813 0.234375 0.659375 0.232813 0.660937 0.232813 0.660937 0.226562 0.664062 0.223438 0.667188 0.223438 0.662500 0.223438 0.660937 0.225000 0.659375 0.223438
0 0.670312 0.212500 0.670312 0.234375 0.671875 0.235937 0.671875 0.240625 0.685937 0.240625 0.687500 0.242188 0.687500 0.251563 0.685937 0.253125 0.685937 0.254688 0.689063 0.257812 0.689063 0.260937 0.687500 0.262500 0.687500 0.265625 0.684375 0.268750 0.679688 0.264062 0.679688 0.260937 0.678125 0.259375 0.678125 0.257812 0.679688 0.256250 0.681250 0.256250 0.682813 0.254688 0.682813 0.251563 0.679688 0.251563 0.675000 0.246875 0.673438 0.246875 0.673438 0.251563 0.671875 0.253125 0.671875 0.271875 0.673438 0.273438 0.675000 0.273438 0.676562 0.275000 0.676562 0.276562 0.673438 0.279687 0.673438 0.282813 0.671875 0.284375 0.671875 0.287500 0.673438 0.289062 0.673438 0.298438 0.670312 0.301563 0.670312 0.303125 0.671875 0.304688 0.671875 0.307812 0.673438 0.309375 0.673438 0.310937 0.679688 0.310937 0.681250 0.309375 0.678125 0.306250 0.678125 0.304688 0.679688 0.303125 0.687500 0.303125 0.689063 0.304688 0.690625 0.303125 0.698438 0.303125 0.698438 0.301563 0.696875 0.300000 0.695312 0.301563 0.690625 0.301563 0.687500 0.298438 0.687500 0.296875 0.689063 0.295312 0.690625 0.295312 0.692187 0.293750 0.692187 0.290625 0.695312 0.287500 0.696875 0.287500 0.698438 0.285938 0.698438 0.282813 0.696875 0.282813 0.693750 0.279687 0.693750 0.278125 0.692187 0.276562 0.692187 0.273438 0.695312 0.270313 0.692187 0.267188 0.692187 0.260937 0.690625 0.259375 0.692187 0.257812 0.692187 0.256250 0.693750 0.254688 0.695312 0.254688 0.693750 0.253125 0.692187 0.253125 0.690625 0.251563 0.692187 0.250000 0.693750 0.250000 0.695312 0.248438 0.695312 0.243750 0.698438 0.240625 0.701562 0.240625 0.703125 0.242188 0.703125 0.256250 0.706250 0.259375 0.704688 0.260937 0.704688 0.267188 0.703125 0.268750 0.703125 0.271875 0.706250 0.271875 0.706250 0.268750 0.704688 0.267188 0.704688 0.265625 0.707812 0.262500 0.707812 0.257812 0.710938 0.254688 0.712500 0.254688 0.710938 0.253125 0.709375 0.253125 0.707812 0.251563 0.709375 0.250000 0.710938 0.250000 0.712500 0.248438 0.712500 0.243750 0.715625 0.240625 0.712500 0.237500 0.710938 0.237500 0.707812 0.234375 0.707812 0.232813 0.706250 0.231250 0.704688 0.231250 0.703125 0.229687 0.700000 0.229687 0.696875 0.226562 0.695312 0.226562 0.692187 0.223438 0.690625 0.223438 0.689063 0.221875 0.684375 0.221875 0.682813 0.220312 0.681250 0.220312 0.679688 0.218750 0.679688 0.215625 0.678125 0.215625 0.676562 0.214062 0.676562 0.212500
0 0.579688 0.192188 0.579688 0.201563 0.581250 0.201563 0.581250 0.198437 0.579688 0.196875
0 0.626563 0.181250 0.623437 0.184375 0.623437 0.185938 0.625000 0.187500 0.625000 0.193750 0.626563 0.195312 0.626563 0.198437 0.621875 0.203125 0.620313 0.203125 0.618750 0.204687 0.612500 0.204687 0.610938 0.206250 0.598437 0.206250 0.596875 0.204687 0.595313 0.204687 0.592187 0.207813 0.593750 0.209375 0.593750 0.210938 0.595313 0.212500 0.595313 0.214062 0.598437 0.210938 0.603125 0.210938 0.604688 0.209375 0.607812 0.209375 0.609375 0.210938 0.615625 0.210938 0.617188 0.209375 0.623437 0.209375 0.626563 0.212500 0.626563 0.215625 0.628125 0.215625 0.628125 0.214062 0.629687 0.212500 0.629687 0.210938 0.631250 0.209375 0.632812 0.209375 0.634375 0.207813 0.634375 0.206250 0.632812 0.204687 0.632812 0.203125 0.634375 0.201563 0.635938 0.201563 0.637500 0.200000 0.639062 0.201563 0.639062 0.203125 0.640625 0.204687 0.640625 0.206250 0.639062 0.207813 0.640625 0.209375 0.640625 0.215625 0.642188 0.217188 0.646875 0.217188 0.648438 0.215625 0.648438 0.214062 0.646875 0.212500 0.650000 0.209375 0.654687 0.209375 0.656250 0.210938 0.656250 0.217188 0.657813 0.218750 0.662500 0.218750 0.665625 0.215625 0.667188 0.215625 0.664062 0.212500 0.665625 0.210938 0.665625 0.207813 0.664062 0.207813 0.660937 0.204687 0.659375 0.204687 0.657813 0.203125 0.656250 0.203125 0.653125 0.206250 0.650000 0.206250 0.648438 0.204687 0.648438 0.203125 0.650000 0.201563 0.650000 0.200000 0.642188 0.192188 0.640625 0.192188 0.639062 0.193750 0.639062 0.195312 0.637500 0.196875 0.635938 0.195312 0.635938 0.193750 0.634375 0.192188 0.632812 0.192188 0.631250 0.190625 0.631250 0.187500 0.629687 0.185938 0.629687 0.184375
0 0.579688 0.159375 0.579688 0.162500 0.581250 0.160938
0 0.329688 0.132812 0.328125 0.134375 0.279687 0.134375 0.278125 0.135937 0.265625 0.135937 0.264062 0.137500 0.253125 0.137500 0.251563 0.139063 0.232813 0.139063 0.231250 0.140625 0.226562 0.140625 0.225000 0.139063 0.223438 0.139063 0.221875 0.140625 0.201563 0.140625 0.200000 0.142187 0.195312 0.142187 0.195312 0.143750 0.193750 0.145313 0.192188 0.145313 0.190625 0.146875 0.189062 0.146875 0.189062 0.148438 0.187500 0.150000 0.184375 0.150000 0.182812 0.151562 0.181250 0.151562 0.179688 0.153125 0.178125 0.153125 0.176563 0.154688 0.173437 0.154688 0.171875 0.156250 0.165625 0.156250 0.164062 0.157812 0.162500 0.157812 0.162500 0.159375 0.159375 0.162500 0.150000 0.162500 0.148438 0.164062 0.146875 0.164062 0.145313 0.165625 0.143750 0.165625 0.142187 0.167187 0.139063 0.167187 0.137500 0.168750 0.134375 0.168750 0.132812 0.170313 0.131250 0.170313 0.128125 0.173437 0.125000 0.173437 0.123438 0.175000 0.120313 0.175000 0.118750 0.176563 0.115625 0.176563 0.114062 0.178125 0.112500 0.178125 0.110937 0.179688 0.109375 0.179688 0.107813 0.178125 0.106250 0.178125 0.104688 0.179688 0.103125 0.179688 0.101562 0.181250 0.100000 0.181250 0.098437 0.182812 0.093750 0.182812 0.082812 0.193750 0.075000 0.193750 0.071875 0.196875 0.070312 0.196875 0.065625 0.201563 0.062500 0.201563 0.060937 0.203125 0.059375 0.203125 0.057813 0.204687 0.056250 0.204687 0.054688 0.206250 0.053125 0.206250 0.050000 0.209375 0.045312 0.209375 0.043750 0.210938 0.042188 0.210938 0.040625 0.212500 0.039062 0.212500 0.037500 0.214062 0.035937 0.214062 0.032813 0.217188 0.026562 0.217188 0.025000 0.218750 0.023438 0.218750 0.020313 0.221875 0.015625 0.221875 0.014063 0.223438 0.010937 0.223438 0.009375 0.225000 0.006250 0.225000 0.006250 0.226562 0.000000 0.232813 0.000000 0.315625 0.001563 0.317188 0.001563 0.320312 0.000000 0.321875 0.001563 0.323437 0.001563 0.325000 0.000000 0.326562 0.000000 0.342187 0.003125 0.345313 0.003125 0.367188 0.000000 0.370312 0.000000 0.373437 0.003125 0.376563 0.003125 0.390625 0.000000 0.393750 0.000000 0.653125 0.003125 0.656250 0.003125 0.659375 0.001563 0.660937 0.001563 0.662500 0.000000 0.664062 0.000000 0.773438 0.001563 0.773438 0.003125 0.775000 0.003125 0.782813 0.001563 0.784375 0.001563 0.785937 0.000000 0.787500 0.000000 0.876563 0.003125 0.879687 0.003125 0.935937 0.000000 0.939063 0.000000 0.940625 0.001563 0.942187 0.001563 0.946875 0.003125 0.948438 0.003125 0.950000 0.004687 0.951562 0.004687 0.956250 0.003125 0.957812 0.003125 0.968750 0.004687 0.970313 0.004687 0.989062 0.003125 0.990625 0.003125 0.998437 0.353125 0.998437 0.356250 0.995313 0.359375 0.998437 0.554688 0.998437 0.554688 0.996875 0.556250 0.995313 0.559375 0.998437 0.560937 0.998437 0.564063 0.995313 0.565625 0.996875 0.565625 0.998437 0.568750 0.998437 0.568750 0.996875 0.570312 0.995313 0.573438 0.995313 0.575000 0.996875 0.575000 0.998437 0.576562 0.998437 0.576562 0.996875 0.579688 0.993750 0.579688 0.992188 0.582812 0.989062 0.582812 0.985938 0.585938 0.982812 0.585938 0.981250 0.584375 0.979688 0.584375 0.973437 0.581250 0.970313 0.581250 0.968750 0.582812 0.967187 0.584375 0.967187 0.584375 0.964063 0.582812 0.964063 0.579688 0.967187 0.578125 0.967187 0.576562 0.965625 0.575000 0.965625 0.575000 0.967187 0.578125 0.967187 0.579688 0.968750 0.578125 0.970313 0.578125 0.971875 0.576562 0.973437 0.575000 0.973437 0.573438 0.975000 0.573438 0.978125 0.571875 0.979688 0.570312 0.979688 0.568750 0.978125 0.568750 0.976562 0.570312 0.975000 0.570312 0.973437 0.568750 0.971875 0.568750 0.967187 0.570312 0.965625 0.568750 0.964063 0.568750 0.957812 0.565625 0.954688 0.568750 0.951562 0.568750 0.948438 0.567187 0.946875 0.567187 0.945312 0.568750 0.943750 0.568750 0.942187 0.565625 0.939063 0.568750 0.935937 0.575000 0.935937 0.578125 0.939063 0.578125 0.940625 0.576562 0.942187 0.579688 0.945312 0.581250 0.945312 0.582812 0.946875 0.579688 0.950000 0.578125 0.950000 0.576562 0.948438 0.575000 0.948438 0.575000 0.950000 0.576562 0.951562 0.578125 0.951562 0.579688 0.953125 0.579688 0.954688 0.578125 0.956250 0.578125 0.959375 0.581250 0.959375 0.582812 0.960938 0.584375 0.959375 0.584375 0.957812 0.582812 0.956250 0.581250 0.956250 0.579688 0.954688 0.581250 0.953125 0.582812 0.953125 0.584375 0.951562 0.584375 0.948438 0.582812 0.946875 0.582812 0.945312 0.584375 0.943750 0.584375 0.942187 0.582812 0.940625 0.582812 0.932813 0.579688 0.932813 0.576562 0.929688 0.576562 0.926562 0.575000 0.925000 0.575000 0.923438 0.576562 0.921875 0.584375 0.921875 0.585938 0.920312 0.593750 0.920312 0.595313 0.921875 0.593750 0.923438 0.593750 0.928125 0.595313 0.929688 0.595313 0.939063 0.593750 0.940625 0.593750 0.943750 0.595313 0.943750 0.596875 0.945312 0.598437 0.945312 0.600000 0.943750 0.600000 0.942187 0.598437 0.940625 0.596875 0.940625 0.595313 0.939063 0.596875 0.937500 0.598437 0.937500 0.600000 0.935937 0.601562 0.935937 0.603125 0.934375 0.604688 0.935937 0.607812 0.935937 0.607812 0.926562 0.604688 0.926562 0.604688 0.928125 0.603125 0.929688 0.601562 0.928125 0.601562 0.926562 0.600000 0.925000 0.600000 0.921875 0.603125 0.918750 0.604688 0.920312 0.606250 0.920312 0.607812 0.921875 0.609375 0.920312 0.615625 0.920312 0.618750 0.917188 0.623437 0.921875 0.623437 0.923438 0.620313 0.926562 0.614062 0.926562 0.615625 0.928125 0.617188 0.926562 0.620313 0.929688 0.621875 0.929688 0.623437 0.931250 0.621875 0.932813 0.621875 0.934375 0.623437 0.935937 0.639062 0.935937 0.642188 0.939063 0.639062 0.942187 0.639062 0.943750 0.640625 0.945312 0.640625 0.946875 0.639062 0.948438 0.637500 0.948438 0.635938 0.950000 0.640625 0.950000 0.642188 0.951562 0.646875 0.951562 0.648438 0.950000 0.646875 0.948438 0.646875 0.942187 0.645312 0.940625 0.645312 0.939063 0.648438 0.935937 0.653125 0.935937 0.654687 0.934375 0.654687 0.925000 0.653125 0.923438 0.654687 0.921875 0.656250 0.921875 0.657813 0.920312 0.660937 0.920312 0.662500 0.921875 0.667188 0.921875 0.668750 0.920312 0.670312 0.921875 0.673438 0.921875 0.676562 0.925000 0.676562 0.926562 0.676562 0.923438 0.679688 0.920312 0.685937 0.920312 0.687500 0.921875 0.687500 0.929688 0.689063 0.931250 0.689063 0.932813 0.687500 0.934375 0.689063 0.935937 0.690625 0.935937 0.692187 0.937500 0.693750 0.935937 0.701562 0.935937 0.704688 0.939063 0.703125 0.940625 0.703125 0.946875 0.700000 0.950000 0.703125 0.950000 0.704688 0.951562 0.714063 0.951562 0.715625 0.953125 0.717187 0.953125 0.718750 0.954688 0.720313 0.954688 0.723437 0.951562 0.725000 0.951562 0.726562 0.950000 0.728125 0.950000 0.729688 0.951562 0.732812 0.951562 0.734375 0.953125 0.734375 0.954688 0.737500 0.957812 0.737500 0.959375 0.735938 0.960938 0.737500 0.962500 0.737500 0.964063 0.739062 0.965625 0.739062 0.967187 0.740625 0.967187 0.740625 0.965625 0.743750 0.962500 0.745313 0.964063 0.745313 0.965625 0.746875 0.967187 0.748437 0.967187 0.748437 0.965625 0.750000 0.964063 0.751563 0.964063 0.757812 0.970313 0.759375 0.970313 0.760938 0.968750 0.760938 0.964063 0.762500 0.962500 0.760938 0.960938 0.759375 0.960938 0.757812 0.959375 0.753125 0.959375 0.751563 0.957812 0.756250 0.953125 0.756250 0.945312 0.753125 0.942187 0.753125 0.937500 0.754687 0.935937 0.754687 0.931250 0.751563 0.928125 0.751563 0.926562 0.750000 0.928125 0.745313 0.928125 0.743750 0.926562 0.743750 0.925000 0.742188 0.923438 0.746875 0.918750 0.745313 0.917188 0.745313 0.915625 0.742188 0.912500 0.742188 0.909375 0.740625 0.907813 0.740625 0.904687 0.739062 0.903125 0.739062 0.900000 0.740625 0.898438 0.742188 0.898438 0.743750 0.896875 0.757812 0.896875 0.759375 0.895312 0.771875 0.895312 0.773438 0.893750 0.781250 0.893750 0.782813 0.895312 0.784375 0.893750 0.792188 0.893750 0.793750 0.892188 0.795312 0.893750 0.804688 0.893750 0.806250 0.892188 0.810937 0.892188 0.812500 0.893750 0.820312 0.893750 0.821875 0.892188 0.825000 0.892188 0.828125 0.895312 0.828125 0.896875 0.826562 0.898438 0.820312 0.898438 0.818750 0.900000 0.815625 0.900000 0.815625 0.903125 0.814063 0.904687 0.812500 0.903125 0.812500 0.900000 0.801562 0.900000 0.800000 0.901563 0.800000 0.903125 0.798438 0.904687 0.795312 0.901563 0.795312 0.900000 0.792188 0.900000 0.792188 0.903125 0.795312 0.903125 0.798438 0.906250 0.798438 0.912500 0.800000 0.914062 0.800000 0.915625 0.801562 0.917188 0.801562 0.918750 0.798438 0.921875 0.798438 0.929688 0.800000 0.931250 0.800000 0.932813 0.801562 0.934375 0.803125 0.932813 0.803125 0.929688 0.801562 0.928125 0.801562 0.926562 0.803125 0.925000 0.803125 0.918750 0.806250 0.915625 0.807813 0.917188 0.807813 0.918750 0.809375 0.920312 0.810937 0.920312 0.812500 0.921875 0.812500 0.925000 0.814063 0.926562 0.814063 0.928125 0.810937 0.931250 0.814063 0.931250 0.815625 0.932813 0.815625 0.939063 0.818750 0.939063 0.818750 0.937500 0.821875 0.934375 0.823438 0.935937 0.825000 0.935937 0.828125 0.939063 0.828125 0.945312 0.826562 0.946875 0.828125 0.946875 0.831250 0.950000 0.831250 0.951562 0.834375 0.954688 0.837500 0.954688 0.839063 0.953125 0.843750 0.953125 0.845313 0.954688 0.846875 0.954688 0.848437 0.956250 0.853125 0.951562 0.859375 0.951562 0.860938 0.950000 0.862500 0.951562 0.862500 0.954688 0.864062 0.956250 0.864062 0.957812 0.862500 0.959375 0.862500 0.965625 0.864062 0.967187 0.864062 0.968750 0.864062 0.967187 0.865625 0.965625 0.865625 0.964063 0.867188 0.962500 0.865625 0.960938 0.865625 0.959375 0.864062 0.957812 0.865625 0.956250 0.865625 0.954688 0.868750 0.951562 0.873437 0.951562 0.875000 0.950000 0.875000 0.945312 0.873437 0.943750 0.873437 0.940625 0.875000 0.939063 0.876563 0.939063 0.878125 0.940625 0.878125 0.950000 0.879687 0.950000 0.881250 0.951562 0.887500 0.951562 0.889062 0.950000 0.889062 0.945312 0.887500 0.943750 0.887500 0.940625 0.889062 0.939063 0.889062 0.935937 0.890625 0.934375 0.890625 0.929688 0.892188 0.928125 0.893750 0.928125 0.895312 0.929688 0.895312 0.934375 0.896875 0.935937 0.904687 0.935937 0.904687 0.928125 0.903125 0.926562 0.901563 0.926562 0.900000 0.928125 0.898438 0.926562 0.898438 0.923438 0.900000 0.921875 0.906250 0.921875 0.907813 0.920312 0.909375 0.921875 0.915625 0.921875 0.917188 0.920312 0.921875 0.920312 0.921875 0.915625 0.923438 0.914062 0.925000 0.915625 0.925000 0.918750 0.932813 0.918750 0.934375 0.920312 0.935937 0.918750 0.935937 0.914062 0.931250 0.914062 0.929688 0.912500 0.929688 0.910937 0.926562 0.907813 0.928125 0.906250 0.945312 0.906250 0.946875 0.904687 0.948438 0.904687 0.950000 0.903125 0.948438 0.901563 0.948438 0.900000 0.946875 0.898438 0.945312 0.898438 0.940625 0.893750 0.940625 0.892188 0.939063 0.890625 0.939063 0.885938 0.942187 0.882812 0.943750 0.882812 0.946875 0.885938 0.950000 0.885938 0.954688 0.881250 0.968750 0.881250 0.970313 0.879687 0.982812 0.879687 0.984375 0.881250 0.992188 0.881250 0.998437 0.875000 0.998437 0.867188 0.996875 0.867188 0.993750 0.864062 0.993750 0.860938 0.996875 0.857812 0.998437 0.857812 0.998437 0.851562 0.996875 0.851562 0.995313 0.850000 0.995313 0.845313 0.996875 0.843750 0.998437 0.843750 0.998437 0.837500 0.996875 0.837500 0.995313 0.835938 0.995313 0.834375 0.993750 0.832812 0.993750 0.831250 0.992188 0.829688 0.992188 0.828125 0.993750 0.826562 0.993750 0.825000 0.985938 0.817187 0.982812 0.817187 0.981250 0.818750 0.978125 0.815625 0.978125 0.812500 0.979688 0.810937 0.981250 0.810937 0.981250 0.809375 0.978125 0.806250 0.976562 0.806250 0.973437 0.803125 0.967187 0.803125 0.965625 0.801562 0.964063 0.801562 0.959375 0.796875 0.959375 0.795312 0.957812 0.793750 0.957812 0.785937 0.956250 0.784375 0.956250 0.778125 0.954688 0.776563 0.954688 0.775000 0.951562 0.771875 0.950000 0.771875 0.945312 0.767188 0.945312 0.764062 0.943750 0.762500 0.943750 0.760938 0.939063 0.756250 0.934375 0.756250 0.928125 0.750000 0.928125 0.746875 0.926562 0.745313 0.926562 0.742188 0.920312 0.735938 0.920312 0.734375 0.918750 0.732812 0.918750 0.731250 0.912500 0.725000 0.912500 0.723437 0.906250 0.717187 0.906250 0.715625 0.900000 0.709375 0.900000 0.707812 0.898438 0.706250 0.898438 0.704688 0.896875 0.703125 0.896875 0.701562 0.895312 0.700000 0.895312 0.698438 0.892188 0.695312 0.890625 0.695312 0.889062 0.693750 0.889062 0.692187 0.887500 0.690625 0.885938 0.690625 0.882812 0.687500 0.882812 0.685937 0.881250 0.684375 0.881250 0.682813 0.876563 0.678125 0.875000 0.678125 0.871875 0.675000 0.870313 0.675000 0.868750 0.673438 0.868750 0.671875 0.870313 0.670312 0.868750 0.668750 0.868750 0.667188 0.864062 0.662500 0.864062 0.660937 0.862500 0.660937 0.854688 0.653125 0.854688 0.651563 0.851562 0.648438 0.851562 0.646875 0.850000 0.645312 0.850000 0.643750 0.848437 0.642188 0.848437 0.640625 0.846875 0.640625 0.843750 0.637500 0.843750 0.635938 0.842187 0.634375 0.842187 0.632812 0.840625 0.631250 0.839063 0.631250 0.837500 0.629687 0.837500 0.628125 0.835938 0.626563 0.835938 0.625000 0.834375 0.623437 0.834375 0.620313 0.832812 0.618750 0.832812 0.617188 0.831250 0.617188 0.825000 0.610938 0.825000 0.609375 0.820312 0.604688 0.820312 0.603125 0.817187 0.600000 0.815625 0.600000 0.814063 0.598437 0.814063 0.596875 0.810937 0.593750 0.810937 0.592187 0.803125 0.584375 0.803125 0.582812 0.796875 0.576562 0.796875 0.575000 0.795312 0.573438 0.795312 0.571875 0.793750 0.570312 0.792188 0.570312 0.787500 0.565625 0.787500 0.564063 0.785937 0.562500 0.785937 0.560937 0.782813 0.557813 0.782813 0.556250 0.781250 0.556250 0.778125 0.559375 0.776563 0.557813 0.770312 0.557813 0.768750 0.559375 0.765625 0.559375 0.762500 0.556250 0.762500 0.553125 0.767188 0.548438 0.768750 0.550000 0.770312 0.550000 0.773438 0.553125 0.778125 0.553125 0.778125 0.551562 0.776563 0.550000 0.776563 0.548438 0.773438 0.545312 0.773438 0.543750 0.771875 0.542188 0.771875 0.540625 0.770312 0.539062 0.770312 0.537500 0.768750 0.537500 0.767188 0.535937 0.767188 0.534375 0.765625 0.534375 0.760938 0.529687 0.760938 0.528125 0.759375 0.526563 0.759375 0.523438 0.757812 0.521875 0.757812 0.520312 0.756250 0.518750 0.756250 0.517188 0.754687 0.515625 0.754687 0.514062 0.748437 0.507812 0.748437 0.506250 0.740625 0.498437 0.740625 0.495312 0.739062 0.493750 0.735938 0.493750 0.731250 0.489063 0.731250 0.484375 0.729688 0.482812 0.728125 0.482812 0.725000 0.479687 0.725000 0.478125 0.723437 0.476562 0.723437 0.475000 0.717187 0.468750 0.717187 0.467187 0.715625 0.465625 0.715625 0.462500 0.714063 0.462500 0.709375 0.457813 0.709375 0.456250 0.706250 0.453125 0.706250 0.451562 0.704688 0.450000 0.704688 0.448437 0.695312 0.439063 0.695312 0.437500 0.690625 0.432812 0.690625 0.431250 0.685937 0.426563 0.685937 0.423438 0.684375 0.421875 0.682813 0.421875 0.681250 0.423438 0.679688 0.421875 0.679688 0.420312 0.678125 0.418750 0.678125 0.415625 0.676562 0.414062 0.676562 0.412500 0.670312 0.406250 0.668750 0.406250 0.665625 0.403125 0.665625 0.401562 0.664062 0.400000 0.664062 0.398438 0.660937 0.395313 0.660937 0.393750 0.659375 0.392188 0.657813 0.392188 0.651563 0.385937 0.651563 0.384375 0.648438 0.381250 0.648438 0.379688 0.646875 0.378125 0.646875 0.376563 0.645312 0.375000 0.643750 0.375000 0.639062 0.370312 0.639062 0.368750 0.635938 0.365625 0.635938 0.364063 0.632812 0.360938 0.632812 0.359375 0.629687 0.356250 0.629687 0.353125 0.625000 0.348438 0.625000 0.346875 0.623437 0.345313 0.623437 0.343750 0.621875 0.343750 0.620313 0.342187 0.620313 0.340625 0.615625 0.335938 0.615625 0.334375 0.612500 0.331250 0.612500 0.329688 0.607812 0.325000 0.607812 0.323437 0.600000 0.315625 0.600000 0.314063 0.598437 0.312500 0.598437 0.310937 0.592187 0.304688 0.592187 0.303125 0.590625 0.303125 0.589063 0.301563 0.589063 0.300000 0.585938 0.296875 0.585938 0.295312 0.584375 0.293750 0.584375 0.292187 0.573438 0.281250 0.573438 0.279687 0.568750 0.275000 0.568750 0.273438 0.564063 0.268750 0.564063 0.267188 0.557813 0.260937 0.557813 0.259375 0.553125 0.254688 0.553125 0.253125 0.551562 0.251563 0.551562 0.250000 0.548438 0.246875 0.548438 0.245312 0.540625 0.237500 0.540625 0.235937 0.539062 0.234375 0.539062 0.232813 0.537500 0.231250 0.537500 0.229687 0.529687 0.221875 0.529687 0.220312 0.526563 0.217188 0.526563 0.215625 0.521875 0.210938 0.521875 0.209375 0.518750 0.206250 0.518750 0.204687 0.515625 0.201563 0.515625 0.200000 0.509375 0.193750 0.509375 0.192188 0.506250 0.189062 0.506250 0.187500 0.503125 0.184375 0.503125 0.182812 0.498437 0.178125 0.496875 0.178125 0.495312 0.176563 0.495312 0.175000 0.493750 0.173437 0.493750 0.171875 0.492188 0.170313 0.492188 0.168750 0.490625 0.167187 0.490625 0.165625 0.482812 0.157812 0.482812 0.156250 0.475000 0.148438 0.473438 0.148438 0.471875 0.146875 0.470313 0.146875 0.464062 0.140625 0.464062 0.137500 0.462500 0.137500 0.457813 0.132812