0 0.807813 0.939063 0.807813 0.940625 0.810937 0.940625 0.810937 0.939063
0 0.753125 0.931250 0.760938 0.931250 0.762500 0.932813 0.762500 0.931250
0 0.503125 0.929688 0.501563 0.931250 0.496875 0.931250 0.490625 0.937500 0.485938 0.937500 0.484375 0.939063 0.482812 0.939063 0.481250 0.940625 0.479687 0.940625 0.476562 0.943750 0.475000 0.943750 0.471875 0.946875 0.471875 0.948438 0.467187 0.953125 0.459375 0.953125 0.457813 0.954688 0.456250 0.954688 0.451562 0.959375 0.450000 0.959375 0.446875 0.962500 0.446875 0.964063 0.445312 0.965625 0.445312 0.970313 0.443750 0.971875 0.443750 0.973437 0.437500 0.979688 0.437500 0.981250 0.432812 0.985938 0.432812 0.987500 0.429688 0.990625 0.429688 0.992188 0.428125 0.993750 0.428125 0.995313 0.425000 0.998437 0.962500 0.998437 0.960938 0.996875 0.959375 0.996875 0.957812 0.995313 0.954688 0.995313 0.950000 0.990625 0.942187 0.990625 0.940625 0.992188 0.937500 0.992188 0.935937 0.990625 0.934375 0.990625 0.932813 0.989062 0.923438 0.989062 0.921875 0.987500 0.920312 0.987500 0.918750 0.985938 0.914062 0.985938 0.907813 0.992188 0.904687 0.989062 0.904687 0.985938 0.903125 0.984375 0.903125 0.982812 0.901563 0.982812 0.900000 0.981250 0.896875 0.981250 0.895312 0.979688 0.892188 0.979688 0.890625 0.978125 0.890625 0.976562 0.887500 0.973437 0.887500 0.971875 0.889062 0.970313 0.889062 0.957812 0.887500 0.956250 0.887500 0.954688 0.884375 0.954688 0.882812 0.953125 0.878125 0.953125 0.876563 0.951562 0.873437 0.951562 0.871875 0.950000 0.871875 0.946875 0.864062 0.946875 0.862500 0.948438 0.851562 0.948438 0.850000 0.946875 0.848437 0.946875 0.846875 0.948438 0.843750 0.948438 0.842187 0.946875 0.828125 0.946875 0.826562 0.945312 0.812500 0.945312 0.810937 0.943750 0.804688 0.943750 0.803125 0.942187 0.804688 0.940625 0.804688 0.939063 0.795312 0.939063 0.793750 0.937500 0.792188 0.939063 0.765625 0.939063 0.764062 0.937500 0.746875 0.937500 0.745313 0.939063 0.740625 0.939063 0.739062 0.937500 0.737500 0.939063 0.729688 0.939063 0.729688 0.940625 0.732812 0.940625 0.734375 0.939063 0.735938 0.939063 0.737500 0.940625 0.737500 0.942187 0.735938 0.943750 0.728125 0.943750 0.726562 0.942187 0.726562 0.939063 0.717187 0.939063 0.715625 0.937500 0.714063 0.939063 0.709375 0.939063 0.707812 0.937500 0.706250 0.939063 0.701562 0.939063 0.700000 0.940625 0.695312 0.940625 0.693750 0.939063 0.675000 0.939063 0.673438 0.940625 0.671875 0.939063 0.670312 0.939063 0.668750 0.937500 0.667188 0.939063 0.662500 0.939063 0.660937 0.937500 0.659375 0.939063 0.617188 0.939063 0.615625 0.937500 0.614062 0.937500 0.612500 0.939063 0.609375 0.939063 0.607812 0.937500 0.600000 0.937500 0.598437 0.935937 0.596875 0.937500 0.593750 0.937500 0.590625 0.934375 0.590625 0.932813 0.590625 0.934375 0.589063 0.935937 0.576562 0.935937 0.575000 0.934375 0.575000 0.932813 0.571875 0.935937 0.546875 0.935937 0.543750 0.932813 0.534375 0.932813 0.532813 0.934375 0.531250 0.932813 0.529687 0.932813 0.528125 0.931250 0.515625 0.931250 0.514062 0.929688 0.510938 0.929688 0.509375 0.931250 0.507812 0.931250 0.506250 0.929688
0 0.496875 0.914062 0.495312 0.915625 0.496875 0.917188
0 0.017188 0.910937 0.015625 0.912500 0.003125 0.912500 0.001563 0.914062 0.000000 0.914062 0.000000 0.998437 0.421875 0.998437 0.420312 0.998437 0.418750 0.996875 0.415625 0.996875 0.414062 0.995313 0.414062 0.993750 0.412500 0.992188 0.409375 0.992188 0.407813 0.990625 0.406250 0.990625 0.403125 0.987500 0.401562 0.987500 0.400000 0.985938 0.393750 0.985938 0.392188 0.987500 0.379688 0.987500 0.378125 0.989062 0.375000 0.989062 0.373437 0.987500 0.368750 0.987500 0.362500 0.993750 0.360938 0.993750 0.359375 0.995313 0.356250 0.995313 0.354687 0.996875 0.351562 0.996875 0.350000 0.995313 0.350000 0.993750 0.348438 0.992188 0.348438 0.965625 0.346875 0.964063 0.345313 0.964063 0.342187 0.960938 0.339062 0.960938 0.337500 0.959375 0.335938 0.959375 0.332813 0.956250 0.331250 0.956250 0.328125 0.953125 0.328125 0.948438 0.329688 0.946875 0.329688 0.942187 0.328125 0.940625 0.328125 0.939063 0.326562 0.937500 0.326562 0.934375 0.325000 0.932813 0.321875 0.932813 0.318750 0.929688 0.312500 0.929688 0.310937 0.928125 0.307812 0.928125 0.306250 0.926562 0.304688 0.926562 0.301563 0.923438 0.300000 0.925000 0.290625 0.925000 0.289062 0.923438 0.281250 0.923438 0.279687 0.921875 0.250000 0.921875 0.248438 0.920312 0.212500 0.920312 0.210938 0.918750 0.201563 0.918750 0.200000 0.917188 0.198437 0.918750 0.195312 0.918750 0.193750 0.917188 0.164062 0.917188 0.162500 0.915625 0.159375 0.915625 0.157812 0.917188 0.156250 0.917188 0.154688 0.915625 0.151562 0.915625 0.150000 0.917188 0.148438 0.915625 0.131250 0.915625 0.129688 0.914062 0.128125 0.915625 0.125000 0.915625 0.123438 0.914062 0.100000 0.914062 0.098437 0.912500 0.092188 0.912500 0.090625 0.914062 0.085938 0.914062 0.084375 0.912500 0.023438 0.912500 0.021875 0.910937
0 0.900000 0.715625 0.901563 0.717187 0.903125 0.717187 0.903125 0.715625
0 0.884375 0.679688 0.882812 0.681250 0.879687 0.681250 0.879687 0.682813 0.878125 0.684375 0.878125 0.685937 0.875000 0.689063 0.875000 0.692187 0.885938 0.692187 0.887500 0.693750 0.889062 0.693750 0.890625 0.692187 0.895312 0.692187 0.893750 0.690625 0.892188 0.690625 0.890625 0.689063 0.890625 0.687500 0.892188 0.685937 0.896875 0.685937 0.896875 0.681250 0.895312 0.679688 0.893750 0.681250 0.890625 0.681250 0.889062 0.679688
0 0.173437 0.528125 0.173437 0.529687 0.176563 0.529687 0.176563 0.528125
0 0.157812 0.526563 0.157812 0.529687 0.159375 0.528125
0 0.845313 0.525000 0.845313 0.528125 0.857812 0.528125 0.851562 0.528125 0.848437 0.525000
0 0.140625 0.525000 0.140625 0.529687 0.143750 0.529687 0.143750 0.526563 0.145313 0.525000
0 0.157812 0.515625 0.156250 0.517188 0.156250 0.520312 0.157812 0.521875 0.157812 0.523438 0.157812 0.521875 0.162500 0.517188 0.162500 0.515625
0 0.951562 0.364063 0.953125 0.365625 0.960938 0.365625 0.960938 0.364063
0 0.360938 0.360938 0.360938 0.362500 0.362500 0.360938
0 0.921875 0.356250 0.923438 0.357812 0.928125 0.357812 0.929688 0.356250
0 0.859375 0.340625 0.859375 0.342187 0.865625 0.342187 0.865625 0.340625
0 0.778125 0.335938 0.776563 0.337500 0.775000 0.337500 0.775000 0.342187 0.773438 0.343750 0.773438 0.357812 0.775000 0.359375 0.775000 0.362500 0.776563 0.364063 0.776563 0.365625 0.778125 0.367188 0.778125 0.371875 0.779687 0.373437 0.779687 0.406250 0.781250 0.407813 0.781250 0.412500 0.793750 0.412500 0.795312 0.414062 0.800000 0.414062 0.801562 0.415625 0.803125 0.415625 0.810937 0.423438 0.810937 0.429688 0.812500 0.431250 0.812500 0.443750 0.810937 0.445312 0.810937 0.448437 0.807813 0.451562 0.806250 0.451562 0.804688 0.453125 0.804688 0.454688 0.803125 0.456250 0.803125 0.457813 0.798438 0.462500 0.795312 0.462500 0.793750 0.464062 0.792188 0.464062 0.790625 0.465625 0.781250 0.465625 0.776563 0.470313 0.778125 0.471875 0.778125 0.473438 0.781250 0.473438 0.782813 0.475000 0.785937 0.475000 0.787500 0.473438 0.796875 0.473438 0.800000 0.476562 0.809375 0.476562 0.810937 0.475000 0.821875 0.475000 0.823438 0.476562 0.825000 0.476562 0.826562 0.478125 0.826562 0.479687 0.825000 0.481250 0.826562 0.482812 0.826562 0.489063 0.831250 0.493750 0.831250 0.496875 0.832812 0.498437 0.832812 0.500000 0.834375 0.501563 0.834375 0.507812 0.835938 0.509375 0.835938 0.510938 0.837500 0.510938 0.837500 0.509375 0.839063 0.507812 0.840625 0.507812 0.842187 0.506250 0.850000 0.506250 0.851562 0.507812 0.853125 0.507812 0.860938 0.515625 0.860938 0.517188 0.857812 0.520312 0.857812 0.521875 0.862500 0.526563 0.862500 0.529687 0.864062 0.529687 0.865625 0.531250 0.865625 0.532813 0.867188 0.534375 0.867188 0.546875 0.868750 0.548438 0.868750 0.551562 0.870313 0.551562 0.873437 0.554688 0.884375 0.554688 0.885938 0.556250 0.885938 0.559375 0.887500 0.560937 0.893750 0.554688 0.895312 0.554688 0.896875 0.553125 0.898438 0.553125 0.900000 0.551562 0.903125 0.551562 0.903125 0.550000 0.907813 0.545312 0.910937 0.545312 0.914062 0.548438 0.912500 0.550000 0.912500 0.553125 0.910937 0.554688 0.910937 0.557813 0.912500 0.559375 0.912500 0.560937 0.914062 0.562500 0.914062 0.581250 0.912500 0.582812 0.912500 0.584375 0.910937 0.585938 0.910937 0.587500 0.909375 0.589063 0.909375 0.590625 0.904687 0.595313 0.904687 0.601562 0.906250 0.603125 0.906250 0.607812 0.907813 0.609375 0.907813 0.614062 0.904687 0.617188 0.904687 0.618750 0.903125 0.620313 0.903125 0.621875 0.901563 0.623437 0.900000 0.623437 0.898438 0.625000 0.896875 0.625000 0.889062 0.632812 0.889062 0.634375 0.881250 0.642188 0.881250 0.645312 0.885938 0.650000 0.885938 0.653125 0.890625 0.657813 0.890625 0.660937 0.896875 0.667188 0.896875 0.668750 0.898438 0.670312 0.898438 0.675000 0.903125 0.679688 0.909375 0.679688 0.917188 0.671875 0.917188 0.665625 0.920312 0.662500 0.921875 0.662500 0.921875 0.660937 0.923438 0.659375 0.928125 0.659375 0.928125 0.657813 0.931250 0.654687 0.931250 0.651563 0.934375 0.648438 0.942187 0.648438 0.943750 0.650000 0.943750 0.651563 0.942187 0.653125 0.940625 0.653125 0.937500 0.656250 0.935937 0.656250 0.935937 0.657813 0.934375 0.659375 0.934375 0.660937 0.932813 0.662500 0.932813 0.664062 0.929688 0.667188 0.929688 0.668750 0.928125 0.670312 0.926562 0.670312 0.923438 0.673438 0.921875 0.673438 0.920312 0.675000 0.920312 0.678125 0.917188 0.681250 0.917188 0.682813 0.915625 0.684375 0.915625 0.685937 0.914062 0.687500 0.914062 0.692187 0.917188 0.695312 0.926562 0.695312 0.928125 0.696875 0.929688 0.696875 0.931250 0.698438 0.932813 0.698438 0.934375 0.700000 0.935937 0.700000 0.937500 0.701562 0.939063 0.701562 0.945312 0.707812 0.945312 0.710938 0.946875 0.712500 0.946875 0.715625 0.943750 0.718750 0.942187 0.718750 0.942187 0.721875 0.943750 0.723437 0.943750 0.726562 0.945312 0.728125 0.945312 0.729688 0.948438 0.732812 0.946875 0.734375 0.940625 0.734375 0.935937 0.729688 0.935937 0.726562 0.934375 0.725000 0.934375 0.720313 0.929688 0.720313 0.926562 0.723437 0.923438 0.723437 0.921875 0.725000 0.921875 0.726562 0.918750 0.729688 0.917188 0.729688 0.914062 0.732812 0.912500 0.732812 0.909375 0.735938 0.909375 0.740625 0.910937 0.742188 0.909375 0.743750 0.909375 0.745313 0.907813 0.746875 0.906250 0.746875 0.906250 0.751563 0.907813 0.753125 0.907813 0.756250 0.909375 0.756250 0.910937 0.757812 0.910937 0.759375 0.914062 0.762500 0.914062 0.764062 0.915625 0.764062 0.918750 0.767188 0.918750 0.771875 0.921875 0.775000 0.921875 0.778125 0.923438 0.779687 0.926562 0.779687 0.928125 0.781250 0.929688 0.781250 0.931250 0.782813 0.931250 0.784375 0.932813 0.785937 0.932813 0.787500 0.934375 0.787500 0.935937 0.789062 0.935937 0.790625 0.937500 0.792188 0.937500 0.793750 0.939063 0.795312 0.942187 0.795312 0.943750 0.796875 0.945312 0.796875 0.946875 0.798438 0.946875 0.803125 0.948438 0.803125 0.951562 0.806250 0.951562 0.809375 0.954688 0.812500 0.954688 0.820312 0.956250 0.821875 0.957812 0.821875 0.959375 0.823438 0.959375 0.825000 0.960938 0.826562 0.967187 0.826562 0.970313 0.829688 0.973437 0.826562 0.976562 0.826562 0.978125 0.828125 0.979688 0.828125 0.981250 0.829688 0.978125 0.832812 0.973437 0.832812 0.975000 0.834375 0.976562 0.834375 0.978125 0.832812 0.979688 0.834375 0.981250 0.834375 0.982812 0.835938 0.982812 0.839063 0.981250 0.840625 0.978125 0.840625 0.981250 0.840625 0.984375 0.843750 0.984375 0.857812 0.985938 0.859375 0.987500 0.857812 0.992188 0.857812 0.993750 0.859375 0.995313 0.859375 0.996875 0.857812 0.998437 0.857812 0.998437 0.417187 0.996875 0.415625 0.995313 0.415625 0.993750 0.414062 0.990625 0.414062 0.989062 0.412500 0.984375 0.412500 0.982812 0.410938 0.981250 0.410938 0.979688 0.409375 0.976562 0.409375 0.975000 0.407813 0.973437 0.407813 0.971875 0.406250 0.970313 0.406250 0.968750 0.404687 0.964063 0.404687 0.962500 0.403125 0.960938 0.403125 0.959375 0.401562 0.957812 0.401562 0.956250 0.400000 0.954688 0.400000 0.953125 0.398438 0.950000 0.398438 0.948438 0.396875 0.943750 0.396875 0.942187 0.395313 0.940625 0.395313 0.939063 0.393750 0.935937 0.393750 0.934375 0.392188 0.932813 0.392188 0.931250 0.390625 0.929688 0.390625 0.928125 0.389062 0.923438 0.389062 0.921875 0.387500 0.920312 0.387500 0.918750 0.385937 0.914062 0.385937 0.912500 0.384375 0.910937 0.384375 0.909375 0.382812 0.907813 0.382812 0.906250 0.381250 0.901563 0.381250 0.900000 0.379688 0.898438 0.379688 0.896875 0.378125 0.892188 0.378125 0.890625 0.376563 0.889062 0.376563 0.887500 0.375000 0.885938 0.375000 0.884375 0.373437 0.881250 0.373437 0.879687 0.371875 0.878125 0.371875 0.876563 0.370312 0.870313 0.370312 0.868750 0.368750 0.867188 0.368750 0.864062 0.365625 0.857812 0.365625 0.856250 0.364063 0.854688 0.364063 0.853125 0.362500 0.850000 0.362500 0.846875 0.359375 0.845313 0.359375 0.843750 0.357812 0.839063 0.357812 0.837500 0.356250 0.835938 0.356250 0.834375 0.354687 0.829688 0.354687 0.828125 0.353125 0.826562 0.353125 0.825000 0.351562 0.823438 0.351562 0.821875 0.350000 0.817187 0.350000 0.815625 0.348438 0.812500 0.348438 0.810937 0.346875 0.807813 0.346875 0.806250 0.345313 0.804688 0.345313 0.801562 0.342187 0.796875 0.342187 0.795312 0.340625 0.793750 0.340625 0.792188 0.339062 0.787500 0.339062 0.784375 0.335938
0 0.826562 0.332813 0.828125 0.334375 0.837500 0.334375 0.837500 0.332813
0 0.782813 0.320312 0.782813 0.325000 0.784375 0.326562 0.785937 0.326562 0.789062 0.323437 0.793750 0.323437 0.795312 0.325000 0.798438 0.325000 0.800000 0.326562 0.807813 0.326562 0.807813 0.325000 0.798438 0.325000 0.795312 0.321875 0.792188 0.321875 0.790625 0.320312
0 0.489063 0.310937 0.487500 0.312500 0.485938 0.312500 0.482812 0.315625 0.481250 0.315625 0.479687 0.317188 0.478125 0.317188 0.476562 0.318750 0.475000 0.318750 0.473438 0.320312 0.462500 0.320312 0.460938 0.321875 0.459375 0.321875 0.454688 0.326562 0.453125 0.326562 0.451562 0.328125 0.450000 0.328125 0.448437 0.329688 0.446875 0.329688 0.446875 0.331250 0.443750 0.334375 0.440625 0.334375 0.439063 0.335938 0.437500 0.335938 0.431250 0.342187 0.428125 0.342187 0.426563 0.343750 0.425000 0.343750 0.423438 0.345313 0.423438 0.346875 0.421875 0.348438 0.421875 0.350000 0.425000 0.350000 0.426563 0.351562 0.426563 0.353125 0.425000 0.354687 0.421875 0.354687 0.420312 0.353125 0.420312 0.354687 0.417187 0.357812 0.414062 0.357812 0.412500 0.356250 0.407813 0.356250 0.406250 0.357812 0.403125 0.357812 0.401562 0.359375 0.398438 0.359375 0.392188 0.365625 0.389062 0.365625 0.387500 0.367188 0.385937 0.367188 0.382812 0.370312 0.381250 0.370312 0.376563 0.375000 0.375000 0.375000 0.370312 0.379688 0.370312 0.381250 0.368750 0.382812 0.360938 0.382812 0.360938 0.384375 0.362500 0.385937 0.364063 0.385937 0.365625 0.384375 0.367188 0.384375 0.368750 0.382812 0.370312 0.384375 0.376563 0.384375 0.378125 0.385937 0.379688 0.385937 0.381250 0.387500 0.382812 0.385937 0.384375 0.387500 0.385937 0.387500 0.387500 0.389062 0.389062 0.389062 0.390625 0.390625 0.398438 0.390625 0.400000 0.392188 0.396875 0.395313 0.395313 0.395313 0.403125 0.395313 0.404687 0.396875 0.407813 0.396875 0.410938 0.400000 0.412500 0.398438 0.414062 0.398438 0.415625 0.396875 0.417187 0.398438 0.421875 0.398438 0.423438 0.396875 0.426563 0.396875 0.428125 0.395313 0.428125 0.392188 0.432812 0.387500 0.435937 0.387500 0.435937 0.385937 0.439063 0.382812 0.442188 0.382812 0.443750 0.381250 0.445312 0.381250 0.446875 0.379688 0.482812 0.379688 0.484375 0.381250 0.498437 0.381250 0.500000 0.382812 0.503125 0.382812 0.504687 0.384375 0.509375 0.379688 0.509375 0.375000 0.506250 0.371875 0.506250 0.370312 0.504687 0.368750 0.507812 0.365625 0.510938 0.365625 0.512500 0.364063 0.512500 0.351562 0.514062 0.350000 0.514062 0.348438 0.512500 0.346875 0.512500 0.340625 0.514062 0.339062 0.514062 0.315625 0.501563 0.315625 0.500000 0.314063 0.498437 0.314063 0.496875 0.312500 0.495312 0.312500 0.493750 0.310937
0 0.720313 0.282813 0.720313 0.285938 0.720313 0.284375 0.721875 0.282813
0 0.348438 0.276562 0.346875 0.278125 0.345313 0.278125 0.345313 0.279687 0.350000 0.279687 0.351562 0.278125 0.356250 0.278125 0.357812 0.279687 0.367188 0.279687 0.368750 0.278125 0.373437 0.278125 0.375000 0.279687 0.379688 0.279687 0.381250 0.278125 0.389062 0.278125 0.387500 0.276562 0.385937 0.278125 0.384375 0.278125 0.382812 0.276562 0.371875 0.276562 0.370312 0.278125 0.368750 0.278125 0.367188 0.276562 0.359375 0.276562 0.357812 0.278125 0.350000 0.278125
0 0.585938 0.270313 0.585938 0.276562 0.587500 0.278125 0.589063 0.278125 0.593750 0.282813 0.593750 0.285938 0.596875 0.289062 0.598437 0.289062 0.600000 0.290625 0.600000 0.292187 0.601562 0.293750 0.601562 0.296875 0.603125 0.298438 0.603125 0.301563 0.606250 0.304688 0.606250 0.309375 0.607812 0.310937 0.604688 0.314063 0.603125 0.314063 0.601562 0.315625 0.584375 0.315625 0.582812 0.314063 0.579688 0.314063 0.578125 0.315625 0.576562 0.315625 0.575000 0.317188 0.571875 0.317188 0.571875 0.326562 0.570312 0.328125 0.570312 0.357812 0.568750 0.359375 0.568750 0.364063 0.570312 0.365625 0.573438 0.365625 0.575000 0.367188 0.576562 0.367188 0.578125 0.368750 0.578125 0.370312 0.579688 0.371875 0.579688 0.375000 0.581250 0.376563 0.581250 0.381250 0.582812 0.382812 0.582812 0.385937 0.584375 0.387500 0.587500 0.387500 0.589063 0.389062 0.601562 0.389062 0.603125 0.390625 0.614062 0.390625 0.615625 0.392188 0.620313 0.392188 0.621875 0.393750 0.623437 0.393750 0.625000 0.395313 0.635938 0.395313 0.637500 0.396875 0.650000 0.396875 0.651563 0.398438 0.659375 0.398438 0.660937 0.400000 0.662500 0.400000 0.664062 0.401562 0.665625 0.401562 0.675000 0.410938 0.678125 0.410938 0.681250 0.407813 0.682813 0.409375 0.684375 0.409375 0.687500 0.406250 0.701562 0.406250 0.703125 0.407813 0.704688 0.407813 0.710938 0.414062 0.715625 0.414062 0.717187 0.415625 0.723437 0.415625 0.725000 0.414062 0.725000 0.400000 0.726562 0.398438 0.726562 0.393750 0.728125 0.392188 0.728125 0.389062 0.732812 0.384375 0.734375 0.384375 0.735938 0.382812 0.737500 0.382812 0.739062 0.381250 0.740625 0.381250 0.742188 0.379688 0.742188 0.378125 0.743750 0.376563 0.743750 0.373437 0.745313 0.371875 0.745313 0.368750 0.748437 0.365625 0.748437 0.359375 0.750000 0.357812 0.750000 0.351562 0.751563 0.350000 0.751563 0.343750 0.753125 0.342187 0.753125 0.340625 0.754687 0.339062 0.754687 0.334375 0.756250 0.332813 0.756250 0.326562 0.754687 0.325000 0.754687 0.323437 0.748437 0.323437 0.745313 0.320312 0.743750 0.320312 0.742188 0.318750 0.740625 0.318750 0.739062 0.317188 0.739062 0.315625 0.742188 0.312500 0.750000 0.312500 0.751563 0.314063 0.751563 0.315625 0.750000 0.317188 0.753125 0.317188 0.754687 0.318750 0.754687 0.315625 0.753125 0.315625 0.751563 0.314063 0.751563 0.312500 0.753125 0.310937 0.751563 0.309375 0.745313 0.309375 0.743750 0.307812 0.737500 0.307812 0.735938 0.306250 0.726562 0.306250 0.721875 0.301563 0.715625 0.301563 0.714063 0.300000 0.707812 0.300000 0.706250 0.298438 0.698438 0.298438 0.693750 0.293750 0.687500 0.293750 0.687500 0.295312 0.689063 0.295312 0.690625 0.296875 0.690625 0.298438 0.689063 0.300000 0.681250 0.300000 0.679688 0.298438 0.679688 0.296875 0.676562 0.293750 0.675000 0.293750 0.673438 0.295312 0.671875 0.293750 0.668750 0.293750 0.667188 0.292187 0.664062 0.292187 0.660937 0.289062 0.662500 0.287500 0.665625 0.287500 0.667188 0.285938 0.660937 0.285938 0.659375 0.284375 0.657813 0.284375 0.654687 0.287500 0.651563 0.287500 0.648438 0.284375 0.640625 0.284375 0.639062 0.282813 0.637500 0.282813 0.635938 0.281250 0.634375 0.281250 0.629687 0.276562 0.628125 0.276562 0.626563 0.275000 0.617188 0.275000 0.614062 0.271875 0.612500 0.271875 0.610938 0.270313 0.609375 0.271875 0.600000 0.271875 0.598437 0.270313