0 0.992188 0.929688 0.992188 0.931250 0.993750 0.931250 0.993750 0.929688
0 0.981250 0.871875 0.984375 0.875000 0.984375 0.879687 0.982812 0.881250 0.982812 0.885938 0.981250 0.887500 0.978125 0.887500 0.981250 0.887500 0.984375 0.890625 0.984375 0.900000 0.982812 0.901563 0.982812 0.904687 0.985938 0.907813 0.984375 0.909375 0.984375 0.917188 0.982812 0.918750 0.985938 0.921875 0.987500 0.920312 0.998437 0.920312 0.998437 0.912500 0.993750 0.907813 0.995313 0.906250 0.998437 0.906250 0.998437 0.896875 0.996875 0.896875 0.992188 0.892188 0.992188 0.890625 0.995313 0.887500 0.995313 0.885938 0.990625 0.881250 0.990625 0.879687 0.989062 0.878125 0.989062 0.876563 0.985938 0.873437 0.985938 0.871875
0 0.964063 0.856250 0.967187 0.856250 0.968750 0.857812 0.970313 0.857812 0.971875 0.856250
0 0.887500 0.839063 0.885938 0.840625 0.887500 0.840625
0 0.953125 0.823438 0.951562 0.825000 0.946875 0.825000 0.951562 0.825000 0.953125 0.826562 0.954688 0.826562 0.956250 0.825000 0.954688 0.823438
0 0.993750 0.820312 0.993750 0.821875 0.995313 0.823438 0.995313 0.826562 0.996875 0.828125 0.996875 0.831250 0.998437 0.831250 0.998437 0.820312
0 0.917188 0.807813 0.917188 0.809375 0.920312 0.809375 0.920312 0.807813
0 0.993750 0.804688 0.992188 0.806250 0.993750 0.807813 0.993750 0.814063 0.996875 0.810937 0.998437 0.810937 0.998437 0.804688
0 0.939063 0.804688 0.934375 0.809375 0.931250 0.809375 0.942187 0.809375 0.939063 0.806250
0 0.931250 0.790625 0.931250 0.793750 0.932813 0.793750 0.934375 0.795312 0.935937 0.793750 0.934375 0.792188 0.932813 0.792188
0 0.915625 0.773438 0.915625 0.778125 0.918750 0.778125 0.920312 0.779687 0.925000 0.779687 0.926562 0.778125 0.923438 0.775000 0.921875 0.775000 0.920312 0.776563 0.918750 0.776563
0 0.914062 0.757812 0.914062 0.759375 0.917188 0.762500 0.918750 0.762500 0.918750 0.760938 0.915625 0.757812
0 0.860938 0.659375 0.859375 0.660937 0.860938 0.662500
0 0.828125 0.628125 0.826562 0.629687 0.825000 0.629687 0.826562 0.629687 0.828125 0.631250 0.828125 0.632812 0.829688 0.634375 0.829688 0.635938 0.831250 0.634375 0.831250 0.632812 0.832812 0.631250 0.834375 0.632812 0.834375 0.634375 0.837500 0.637500 0.840625 0.637500 0.842187 0.639062 0.848437 0.639062 0.850000 0.637500 0.850000 0.634375 0.848437 0.632812 0.848437 0.631250 0.845313 0.628125 0.843750 0.628125 0.840625 0.631250 0.834375 0.631250 0.832812 0.629687 0.831250 0.629687 0.829688 0.628125
0 0.821875 0.600000 0.820312 0.601562 0.820312 0.604688 0.821875 0.606250 0.821875 0.607812 0.820312 0.609375 0.820312 0.610938 0.817187 0.614062 0.815625 0.614062 0.817187 0.614062 0.820312 0.617188 0.820312 0.620313 0.823438 0.623437 0.826562 0.623437 0.828125 0.625000 0.829688 0.623437 0.831250 0.623437 0.832812 0.621875 0.835938 0.621875 0.837500 0.623437 0.839063 0.623437 0.840625 0.621875 0.837500 0.618750 0.835938 0.618750 0.835938 0.620313 0.834375 0.621875 0.832812 0.621875 0.831250 0.620313 0.831250 0.614062 0.829688 0.612500 0.823438 0.612500 0.821875 0.610938 0.821875 0.609375 0.823438 0.607812 0.831250 0.607812 0.832812 0.606250 0.828125 0.601562 0.828125 0.603125 0.826562 0.604688 0.825000 0.604688 0.823438 0.603125 0.823438 0.601562
0 0.809375 0.598437 0.810937 0.598437 0.814063 0.601562 0.814063 0.603125 0.814063 0.601562 0.815625 0.600000 0.814063 0.598437
0 0.806250 0.579688 0.806250 0.587500 0.807813 0.587500 0.810937 0.590625 0.815625 0.590625 0.817187 0.592187 0.825000 0.592187 0.825000 0.589063 0.823438 0.587500 0.821875 0.587500 0.820312 0.585938 0.818750 0.587500 0.817187 0.587500 0.810937 0.581250 0.809375 0.581250 0.807813 0.579688
0 0.789062 0.553125 0.789062 0.556250 0.790625 0.556250 0.790625 0.553125
0 0.198437 0.476562 0.196875 0.478125 0.195312 0.478125 0.198437 0.478125 0.200000 0.479687 0.201563 0.478125 0.200000 0.476562
0 0.617188 0.318750 0.615625 0.320312 0.607812 0.320312 0.606250 0.321875 0.601562 0.321875 0.598437 0.325000 0.593750 0.325000 0.592187 0.326562 0.585938 0.326562 0.584375 0.328125 0.581250 0.328125 0.579688 0.329688 0.578125 0.329688 0.575000 0.332813 0.571875 0.332813 0.570312 0.334375 0.568750 0.334375 0.567187 0.335938 0.560937 0.335938 0.559375 0.337500 0.556250 0.337500 0.553125 0.340625 0.550000 0.340625 0.548438 0.342187 0.540625 0.342187 0.539062 0.343750 0.535937 0.343750 0.534375 0.345313 0.532813 0.345313 0.531250 0.346875 0.528125 0.346875 0.526563 0.348438 0.523438 0.348438 0.520312 0.351562 0.515625 0.351562 0.514062 0.353125 0.509375 0.353125 0.507812 0.354687 0.501563 0.354687 0.501563 0.356250 0.500000 0.357812 0.500000 0.359375 0.498437 0.360938 0.498437 0.364063 0.496875 0.365625 0.492188 0.365625 0.487500 0.370312 0.484375 0.370312 0.482812 0.371875 0.481250 0.371875 0.479687 0.373437 0.476562 0.373437 0.473438 0.376563 0.471875 0.376563 0.470313 0.378125 0.465625 0.378125 0.464062 0.379688 0.460938 0.379688 0.459375 0.381250 0.454688 0.381250 0.453125 0.382812 0.446875 0.382812 0.443750 0.385937 0.439063 0.385937 0.434375 0.390625 0.423438 0.390625 0.418750 0.395313 0.417187 0.395313 0.415625 0.396875 0.414062 0.396875 0.410938 0.400000 0.407813 0.400000 0.403125 0.404687 0.398438 0.404687 0.396875 0.406250 0.395313 0.406250 0.393750 0.407813 0.390625 0.407813 0.389062 0.409375 0.384375 0.409375 0.382812 0.410938 0.381250 0.410938 0.379688 0.412500 0.378125 0.412500 0.376563 0.414062 0.375000 0.414062 0.373437 0.415625 0.370312 0.415625 0.368750 0.417187 0.365625 0.417187 0.364063 0.418750 0.360938 0.418750 0.357812 0.421875 0.357812 0.423438 0.356250 0.425000 0.353125 0.425000 0.353125 0.426563 0.351562 0.428125 0.351562 0.429688 0.348438 0.432812 0.345313 0.432812 0.343750 0.434375 0.315625 0.434375 0.314063 0.435937 0.314063 0.437500 0.310937 0.440625 0.306250 0.440625 0.304688 0.442188 0.303125 0.442188 0.301563 0.443750 0.298438 0.443750 0.296875 0.445312 0.295312 0.445312 0.293750 0.446875 0.289062 0.446875 0.285938 0.450000 0.282813 0.450000 0.281250 0.451562 0.279687 0.451562 0.278125 0.453125 0.273438 0.453125 0.273438 0.454688 0.270313 0.457813 0.268750 0.457813 0.267188 0.459375 0.265625 0.457813 0.265625 0.454688 0.262500 0.454688 0.260937 0.456250 0.254688 0.456250 0.253125 0.457813 0.251563 0.457813 0.250000 0.459375 0.250000 0.464062 0.246875 0.467187 0.245312 0.467187 0.243750 0.468750 0.242188 0.468750 0.242188 0.470313 0.240625 0.471875 0.237500 0.471875 0.235937 0.473438 0.229687 0.473438 0.228125 0.475000 0.226562 0.475000 0.223438 0.478125 0.221875 0.478125 0.220312 0.479687 0.217188 0.479687 0.215625 0.481250 0.212500 0.481250 0.210938 0.482812 0.198437 0.482812 0.195312 0.485938 0.193750 0.485938 0.192188 0.487500 0.190625 0.487500 0.189062 0.485938 0.185938 0.485938 0.185938 0.489063 0.184375 0.490625 0.181250 0.490625 0.179688 0.492188 0.176563 0.492188 0.173437 0.489063 0.173437 0.487500 0.171875 0.485938 0.168750 0.485938 0.167187 0.487500 0.167187 0.489063 0.164062 0.492188 0.162500 0.492188 0.159375 0.495312 0.156250 0.495312 0.154688 0.496875 0.146875 0.496875 0.145313 0.498437 0.151562 0.498437 0.153125 0.500000 0.156250 0.500000 0.157812 0.501563 0.156250 0.503125 0.148438 0.503125 0.146875 0.504687 0.143750 0.504687 0.148438 0.509375 0.148438 0.512500 0.146875 0.514062 0.142187 0.514062 0.140625 0.515625 0.139063 0.514062 0.137500 0.514062 0.135937 0.515625 0.131250 0.515625 0.129688 0.517188 0.126562 0.517188 0.125000 0.515625 0.123438 0.515625 0.121875 0.514062 0.120313 0.515625 0.118750 0.515625 0.115625 0.518750 0.112500 0.518750 0.110937 0.520312 0.106250 0.520312 0.104688 0.521875 0.100000 0.521875 0.098437 0.520312 0.096875 0.520312 0.095312 0.518750 0.093750 0.520312 0.093750 0.521875 0.096875 0.521875 0.098437 0.520312 0.100000 0.521875 0.100000 0.531250 0.098437 0.532813 0.096875 0.532813 0.095312 0.534375 0.087500 0.534375 0.085938 0.535937 0.084375 0.535937 0.082812 0.537500 0.081250 0.537500 0.079687 0.539062 0.078125 0.537500 0.078125 0.535937 0.075000 0.532813 0.070312 0.532813 0.068750 0.534375 0.065625 0.534375 0.064062 0.532813 0.056250 0.532813 0.054688 0.534375 0.051562 0.534375 0.050000 0.535937 0.042188 0.535937 0.042188 0.537500 0.045312 0.537500 0.046875 0.539062 0.048438 0.539062 0.050000 0.537500 0.057813 0.537500 0.059375 0.535937 0.062500 0.539062 0.062500 0.540625 0.059375 0.543750 0.053125 0.543750 0.051562 0.545312 0.048438 0.545312 0.046875 0.546875 0.045312 0.546875 0.043750 0.548438 0.040625 0.548438 0.039062 0.550000 0.031250 0.550000 0.029687 0.548438 0.028125 0.548438 0.026562 0.546875 0.028125 0.545312 0.026562 0.543750 0.025000 0.543750 0.025000 0.546875 0.023438 0.548438 0.015625 0.548438 0.015625 0.550000 0.014063 0.551562 0.015625 0.553125 0.015625 0.554688 0.017188 0.556250 0.009375 0.564063 0.007812 0.564063 0.006250 0.565625 0.004687 0.565625 0.001563 0.568750 0.000000 0.568750 0.000000 0.995313 0.001563 0.996875 0.001563 0.998437 0.935937 0.998437 0.935937 0.984375 0.934375 0.982812 0.934375 0.976562 0.932813 0.975000 0.932813 0.973437 0.934375 0.971875 0.934375 0.968750 0.923438 0.968750 0.920312 0.965625 0.921875 0.964063 0.921875 0.960938 0.920312 0.959375 0.920312 0.953125 0.918750 0.953125 0.917188 0.951562 0.915625 0.951562 0.914062 0.950000 0.914062 0.946875 0.912500 0.945312 0.910937 0.945312 0.907813 0.942187 0.907813 0.939063 0.904687 0.935937 0.904687 0.928125 0.903125 0.926562 0.903125 0.925000 0.904687 0.923438 0.904687 0.920312 0.903125 0.918750 0.904687 0.917188 0.904687 0.914062 0.903125 0.912500 0.903125 0.906250 0.901563 0.906250 0.900000 0.907813 0.898438 0.906250 0.895312 0.906250 0.893750 0.904687 0.892188 0.904687 0.890625 0.903125 0.890625 0.890625 0.889062 0.889062 0.889062 0.882812 0.885938 0.879687 0.889062 0.876563 0.889062 0.875000 0.887500 0.873437 0.887500 0.870313 0.885938 0.868750 0.885938 0.867188 0.887500 0.865625 0.887500 0.864062 0.889062 0.862500 0.889062 0.853125 0.884375 0.848437 0.884375 0.843750 0.878125 0.843750 0.878125 0.846875 0.881250 0.850000 0.881250 0.853125 0.882812 0.854688 0.882812 0.859375 0.879687 0.862500 0.878125 0.860938 0.878125 0.859375 0.876563 0.859375 0.875000 0.857812 0.875000 0.835938 0.876563 0.834375 0.876563 0.831250 0.875000 0.829688 0.875000 0.826562 0.876563 0.825000 0.878125 0.825000 0.884375 0.831250 0.885938 0.829688 0.887500 0.829688 0.887500 0.828125 0.889062 0.826562 0.889062 0.801562 0.887500 0.800000 0.887500 0.798438 0.890625 0.795312 0.893750 0.795312 0.895312 0.793750 0.900000 0.793750 0.901563 0.795312 0.906250 0.795312 0.907813 0.796875 0.910937 0.793750 0.912500 0.793750 0.914062 0.795312 0.920312 0.795312 0.923438 0.792188 0.923438 0.789062 0.925000 0.787500 0.925000 0.785937 0.923438 0.784375 0.921875 0.785937 0.920312 0.785937 0.920312 0.789062 0.918750 0.790625 0.917188 0.789062 0.915625 0.789062 0.914062 0.790625 0.914062 0.792188 0.912500 0.793750 0.910937 0.793750 0.907813 0.790625 0.907813 0.787500 0.906250 0.787500 0.904687 0.789062 0.901563 0.789062 0.900000 0.787500 0.898438 0.787500 0.896875 0.789062 0.892188 0.789062 0.890625 0.787500 0.890625 0.785937 0.889062 0.784375 0.889062 0.782813 0.887500 0.782813 0.884375 0.779687 0.884375 0.775000 0.882812 0.773438 0.882812 0.771875 0.881250 0.770312 0.881250 0.767188 0.884375 0.764062 0.885938 0.765625 0.887500 0.765625 0.889062 0.767188 0.885938 0.770312 0.885938 0.771875 0.887500 0.773438 0.895312 0.773438 0.896875 0.775000 0.896875 0.778125 0.898438 0.778125 0.900000 0.779687 0.904687 0.779687 0.906250 0.778125 0.906250 0.776563 0.904687 0.775000 0.906250 0.773438 0.906250 0.771875 0.907813 0.770312 0.906250 0.768750 0.906250 0.757812 0.909375 0.754687 0.907813 0.753125 0.903125 0.753125 0.901563 0.751563 0.903125 0.750000 0.907813 0.750000 0.910937 0.746875 0.910937 0.743750 0.907813 0.740625 0.906250 0.740625 0.904687 0.739062 0.901563 0.739062 0.900000 0.737500 0.895312 0.737500 0.893750 0.735938 0.893750 0.734375 0.895312 0.732812 0.896875 0.732812 0.898438 0.734375 0.900000 0.734375 0.901563 0.732812 0.903125 0.732812 0.903125 0.729688 0.900000 0.726562 0.898438 0.726562 0.892188 0.720313 0.895312 0.717187 0.895312 0.714063 0.892188 0.710938 0.890625 0.710938 0.887500 0.707812 0.887500 0.706250 0.885938 0.704688 0.889062 0.701562 0.889062 0.700000 0.885938 0.696875 0.884375 0.696875 0.882812 0.695312 0.881250 0.695312 0.879687 0.693750 0.879687 0.692187 0.876563 0.689063 0.876563 0.685937 0.873437 0.682813 0.871875 0.682813 0.868750 0.679688 0.867188 0.679688 0.862500 0.675000 0.857812 0.675000 0.854688 0.678125 0.853125 0.678125 0.851562 0.676562 0.854688 0.673438 0.848437 0.673438 0.846875 0.671875 0.840625 0.671875 0.839063 0.670312 0.837500 0.670312 0.835938 0.668750 0.835938 0.664062 0.839063 0.660937 0.840625 0.660937 0.839063 0.659375 0.839063 0.657813 0.837500 0.657813 0.835938 0.656250 0.832812 0.656250 0.831250 0.654687 0.828125 0.654687 0.825000 0.657813 0.826562 0.659375 0.834375 0.659375 0.835938 0.660937 0.834375 0.662500 0.828125 0.662500 0.828125 0.664062 0.826562 0.665625 0.826562 0.676562 0.825000 0.678125 0.823438 0.678125 0.820312 0.675000 0.820312 0.671875 0.821875 0.670312 0.821875 0.660937 0.818750 0.660937 0.815625 0.657813 0.815625 0.656250 0.818750 0.653125 0.820312 0.653125 0.820312 0.650000 0.818750 0.648438 0.818750 0.646875 0.817187 0.645312 0.817187 0.643750 0.815625 0.642188 0.815625 0.631250 0.814063 0.629687 0.814063 0.628125 0.810937 0.628125 0.807813 0.625000 0.807813 0.623437 0.806250 0.621875 0.806250 0.617188 0.800000 0.610938 0.800000 0.609375 0.801562 0.607812 0.801562 0.606250 0.800000 0.604688 0.800000 0.601562 0.798438 0.600000 0.798438 0.598437 0.796875 0.596875 0.795312 0.596875 0.792188 0.593750 0.792188 0.582812 0.790625 0.581250 0.790625 0.576562 0.792188 0.575000 0.790625 0.573438 0.790625 0.570312 0.792188 0.568750 0.793750 0.568750 0.795312 0.567187 0.796875 0.567187 0.795312 0.565625 0.792188 0.565625 0.790625 0.567187 0.785937 0.562500 0.785937 0.559375 0.784375 0.557813 0.784375 0.553125 0.785937 0.551562 0.782813 0.548438 0.782813 0.543750 0.781250 0.542188 0.781250 0.540625 0.779687 0.540625 0.773438 0.534375 0.773438 0.529687 0.775000 0.528125 0.779687 0.528125 0.781250 0.529687 0.782813 0.528125 0.782813 0.523438 0.781250 0.523438 0.781250 0.525000 0.778125 0.528125 0.776563 0.526563 0.776563 0.521875 0.773438 0.518750 0.770312 0.518750 0.767188 0.515625 0.765625 0.515625 0.762500 0.512500 0.762500 0.510938 0.760938 0.509375 0.760938 0.507812 0.756250 0.503125 0.754687 0.503125 0.750000 0.498437 0.748437 0.498437 0.737500 0.487500 0.735938 0.487500 0.734375 0.485938 0.734375 0.484375 0.729688 0.479687 0.728125 0.479687 0.726562 0.478125 0.726562 0.475000 0.721875 0.470313 0.721875 0.467187 0.720313 0.465625 0.720313 0.448437 0.718750 0.446875 0.718750 0.445312 0.715625 0.442188 0.714063 0.442188 0.712500 0.440625 0.709375 0.440625 0.707812 0.439063 0.704688 0.439063 0.701562 0.435937 0.700000 0.435937 0.698438 0.434375 0.695312 0.434375 0.693750 0.432812 0.690625 0.432812 0.685937 0.428125 0.684375 0.428125 0.678125 0.421875 0.678125 0.418750 0.676562 0.417187 0.676562 0.414062 0.675000 0.412500 0.675000 0.409375 0.673438 0.407813 0.675000 0.406250 0.675000 0.403125 0.673438 0.401562 0.673438 0.390625 0.675000 0.389062 0.675000 0.384375 0.676562 0.382812 0.676562 0.376563 0.678125 0.375000 0.678125 0.373437 0.679688 0.371875 0.679688 0.359375 0.681250 0.357812 0.681250 0.348438 0.676562 0.343750 0.676562 0.340625 0.675000 0.339062 0.675000 0.337500 0.673438 0.335938 0.673438 0.334375 0.671875 0.332813 0.671875 0.331250 0.670312 0.331250 0.668750 0.329688 0.668750 0.325000 0.667188 0.325000 0.665625 0.323437 0.664062 0.323437 0.662500 0.321875 0.656250 0.321875 0.654687 0.320312 0.645312 0.320312 0.643750 0.318750