0 0.906250 0.985938 0.907813 0.987500 0.909375 0.987500 0.910937 0.989062 0.914062 0.989062 0.915625 0.990625 0.917188 0.990625 0.918750 0.989062 0.918750 0.987500 0.917188 0.985938
0 0.987500 0.954688 0.989062 0.956250 0.989062 0.957812 0.990625 0.957812 0.990625 0.954688
0 0.912500 0.921875 0.910937 0.923438 0.906250 0.923438 0.906250 0.925000 0.909375 0.928125 0.910937 0.928125 0.914062 0.931250 0.914062 0.932813 0.915625 0.934375 0.914062 0.935937 0.912500 0.935937 0.910937 0.937500 0.906250 0.937500 0.906250 0.940625 0.907813 0.942187 0.907813 0.943750 0.910937 0.943750 0.914062 0.946875 0.917188 0.946875 0.918750 0.945312 0.918750 0.940625 0.920312 0.939063 0.918750 0.937500 0.918750 0.929688 0.920312 0.928125 0.920312 0.923438 0.918750 0.923438 0.917188 0.921875
0 0.973437 0.875000 0.971875 0.876563 0.970313 0.876563 0.970313 0.878125 0.975000 0.878125 0.976562 0.876563 0.975000 0.876563
0 0.031250 0.629687 0.031250 0.631250 0.032813 0.632812 0.035937 0.629687
0 0.118750 0.485938 0.118750 0.487500 0.120313 0.489063 0.117188 0.492188 0.115625 0.492188 0.114062 0.493750 0.110937 0.493750 0.110937 0.498437 0.107813 0.501563 0.106250 0.501563 0.104688 0.500000 0.101562 0.500000 0.101562 0.503125 0.103125 0.504687 0.103125 0.507812 0.106250 0.507812 0.107813 0.509375 0.110937 0.509375 0.114062 0.506250 0.117188 0.506250 0.120313 0.503125 0.121875 0.503125 0.121875 0.501563 0.123438 0.500000 0.123438 0.490625 0.121875 0.489063 0.123438 0.487500 0.123438 0.485938
0 0.134375 0.484375 0.132812 0.485938 0.132812 0.492188 0.131250 0.493750 0.131250 0.496875 0.132812 0.498437 0.132812 0.506250 0.131250 0.507812 0.131250 0.512500 0.132812 0.512500 0.134375 0.514062 0.139063 0.514062 0.140625 0.512500 0.139063 0.510938 0.139063 0.507812 0.140625 0.506250 0.140625 0.503125 0.142187 0.501563 0.142187 0.500000 0.140625 0.498437 0.140625 0.493750 0.139063 0.492188 0.139063 0.485938 0.137500 0.484375
0 0.150000 0.481250 0.150000 0.482812 0.148438 0.484375 0.148438 0.490625 0.146875 0.492188 0.146875 0.504687 0.148438 0.506250 0.150000 0.506250 0.151562 0.507812 0.154688 0.507812 0.156250 0.506250 0.160938 0.506250 0.165625 0.510938 0.167187 0.510938 0.168750 0.509375 0.170313 0.509375 0.170313 0.507812 0.168750 0.507812 0.167187 0.506250 0.167187 0.504687 0.168750 0.503125 0.170313 0.503125 0.173437 0.500000 0.175000 0.501563 0.176563 0.501563 0.178125 0.503125 0.178125 0.504687 0.179688 0.506250 0.179688 0.507812 0.189062 0.507812 0.190625 0.506250 0.192188 0.506250 0.193750 0.504687 0.200000 0.504687 0.203125 0.507812 0.207813 0.507812 0.210938 0.504687 0.217188 0.504687 0.217188 0.503125 0.218750 0.501563 0.218750 0.500000 0.217188 0.498437 0.217188 0.495312 0.218750 0.493750 0.217188 0.492188 0.217188 0.485938 0.215625 0.484375 0.212500 0.484375 0.210938 0.485938 0.210938 0.490625 0.209375 0.492188 0.195312 0.492188 0.193750 0.493750 0.190625 0.493750 0.189062 0.492188 0.179688 0.492188 0.178125 0.493750 0.173437 0.493750 0.171875 0.495312 0.171875 0.496875 0.168750 0.500000 0.164062 0.500000 0.162500 0.498437 0.162500 0.496875 0.160938 0.496875 0.159375 0.495312 0.159375 0.493750 0.156250 0.490625 0.156250 0.485938 0.154688 0.484375 0.154688 0.482812 0.153125 0.481250
0 0.290625 0.470313 0.289062 0.471875 0.289062 0.479687 0.290625 0.479687 0.290625 0.478125 0.292187 0.476562 0.292187 0.475000 0.293750 0.473438
0 0.275000 0.470313 0.271875 0.473438 0.271875 0.478125 0.270313 0.479687 0.268750 0.479687 0.262500 0.473438 0.260937 0.473438 0.259375 0.475000 0.257812 0.475000 0.254688 0.478125 0.251563 0.478125 0.250000 0.476562 0.248438 0.476562 0.246875 0.475000 0.243750 0.475000 0.240625 0.478125 0.240625 0.479687 0.237500 0.482812 0.235937 0.482812 0.232813 0.485938 0.232813 0.490625 0.234375 0.492188 0.234375 0.496875 0.235937 0.496875 0.237500 0.495312 0.237500 0.493750 0.239063 0.492188 0.243750 0.492188 0.245312 0.490625 0.248438 0.490625 0.251563 0.493750 0.253125 0.492188 0.256250 0.492188 0.257812 0.493750 0.259375 0.493750 0.259375 0.492188 0.262500 0.489063 0.264062 0.489063 0.267188 0.485938 0.268750 0.485938 0.270313 0.484375 0.271875 0.484375 0.273438 0.485938 0.276562 0.485938 0.276562 0.478125 0.278125 0.476562 0.279687 0.476562 0.279687 0.471875 0.278125 0.471875 0.276562 0.470313
0 0.989062 0.423438 0.989062 0.426563 0.990625 0.426563 0.990625 0.423438
0 0.885938 0.423438 0.887500 0.425000 0.887500 0.426563 0.889062 0.425000 0.889062 0.423438
0 0.857812 0.423438 0.859375 0.425000 0.859375 0.426563 0.862500 0.429688 0.862500 0.431250 0.864062 0.432812 0.865625 0.432812 0.865625 0.429688 0.868750 0.426563 0.870313 0.428125 0.870313 0.435937 0.873437 0.435937 0.873437 0.431250 0.875000 0.429688 0.875000 0.428125 0.876563 0.426563 0.879687 0.429688 0.879687 0.428125 0.881250 0.426563 0.881250 0.423438 0.870313 0.423438 0.870313 0.425000 0.868750 0.426563 0.867188 0.425000 0.867188 0.423438
0 0.559375 0.406250 0.557813 0.407813 0.554688 0.407813 0.553125 0.409375 0.543750 0.409375 0.542188 0.407813 0.535937 0.407813 0.534375 0.409375 0.523438 0.409375 0.521875 0.410938 0.521875 0.412500 0.517188 0.417187 0.512500 0.417187 0.510938 0.418750 0.507812 0.418750 0.506250 0.420312 0.504687 0.420312 0.503125 0.421875 0.501563 0.421875 0.500000 0.423438 0.496875 0.423438 0.493750 0.426563 0.487500 0.426563 0.485938 0.428125 0.484375 0.428125 0.482812 0.429688 0.479687 0.429688 0.476562 0.432812 0.475000 0.432812 0.473438 0.434375 0.471875 0.434375 0.470313 0.435937 0.464062 0.435937 0.460938 0.439063 0.459375 0.439063 0.457813 0.440625 0.456250 0.440625 0.454688 0.442188 0.453125 0.442188 0.451562 0.440625 0.450000 0.440625 0.448437 0.442188 0.445312 0.442188 0.445312 0.443750 0.442188 0.446875 0.440625 0.446875 0.440625 0.448437 0.439063 0.450000 0.434375 0.450000 0.432812 0.451562 0.431250 0.451562 0.429688 0.453125 0.426563 0.453125 0.425000 0.454688 0.421875 0.454688 0.420312 0.456250 0.415625 0.456250 0.414062 0.457813 0.410938 0.457813 0.409375 0.459375 0.398438 0.459375 0.396875 0.460938 0.393750 0.460938 0.392188 0.462500 0.384375 0.462500 0.382812 0.464062 0.381250 0.464062 0.379688 0.465625 0.378125 0.465625 0.376563 0.467187 0.375000 0.467187 0.373437 0.465625 0.368750 0.465625 0.368750 0.467187 0.370312 0.467187 0.371875 0.468750 0.368750 0.471875 0.367188 0.471875 0.364063 0.475000 0.360938 0.475000 0.359375 0.473438 0.357812 0.473438 0.356250 0.471875 0.354687 0.471875 0.353125 0.473438 0.350000 0.473438 0.348438 0.475000 0.346875 0.473438 0.342187 0.473438 0.340625 0.475000 0.337500 0.471875 0.334375 0.475000 0.332813 0.475000 0.329688 0.471875 0.326562 0.471875 0.325000 0.470313 0.323437 0.470313 0.321875 0.468750 0.314063 0.468750 0.312500 0.470313 0.310937 0.470313 0.309375 0.471875 0.307812 0.471875 0.306250 0.470313 0.303125 0.473438 0.304688 0.475000 0.325000 0.475000 0.328125 0.478125 0.326562 0.479687 0.326562 0.482812 0.321875 0.487500 0.320312 0.487500 0.317188 0.490625 0.314063 0.490625 0.310937 0.487500 0.306250 0.487500 0.306250 0.489063 0.304688 0.490625 0.303125 0.490625 0.301563 0.492188 0.300000 0.492188 0.298438 0.490625 0.296875 0.490625 0.295312 0.492188 0.293750 0.492188 0.290625 0.489063 0.292187 0.487500 0.292187 0.484375 0.290625 0.482812 0.289062 0.482812 0.287500 0.484375 0.287500 0.485938 0.290625 0.489063 0.289062 0.490625 0.289062 0.492188 0.287500 0.493750 0.285938 0.493750 0.282813 0.490625 0.282813 0.487500 0.284375 0.485938 0.284375 0.484375 0.279687 0.484375 0.279687 0.485938 0.281250 0.487500 0.281250 0.489063 0.282813 0.490625 0.281250 0.492188 0.281250 0.500000 0.279687 0.501563 0.276562 0.501563 0.275000 0.503125 0.273438 0.503125 0.271875 0.504687 0.265625 0.504687 0.264062 0.506250 0.260937 0.506250 0.259375 0.504687 0.254688 0.509375 0.251563 0.506250 0.248438 0.509375 0.248438 0.510938 0.246875 0.512500 0.245312 0.512500 0.243750 0.510938 0.243750 0.509375 0.243750 0.512500 0.240625 0.515625 0.240625 0.517188 0.239063 0.518750 0.235937 0.518750 0.232813 0.521875 0.231250 0.521875 0.229687 0.523438 0.217188 0.523438 0.215625 0.525000 0.214062 0.525000 0.212500 0.526563 0.210938 0.526563 0.209375 0.528125 0.209375 0.532813 0.207813 0.534375 0.206250 0.534375 0.204687 0.535937 0.196875 0.535937 0.193750 0.539062 0.192188 0.539062 0.190625 0.540625 0.184375 0.540625 0.182812 0.542188 0.179688 0.542188 0.178125 0.543750 0.168750 0.543750 0.167187 0.545312 0.167187 0.546875 0.160938 0.553125 0.159375 0.553125 0.157812 0.551562 0.156250 0.551562 0.154688 0.553125 0.150000 0.553125 0.148438 0.554688 0.142187 0.554688 0.140625 0.556250 0.139063 0.556250 0.137500 0.557813 0.134375 0.557813 0.128125 0.564063 0.126562 0.564063 0.125000 0.565625 0.123438 0.565625 0.121875 0.567187 0.120313 0.567187 0.118750 0.568750 0.117188 0.568750 0.115625 0.570312 0.114062 0.570312 0.112500 0.571875 0.110937 0.571875 0.106250 0.576562 0.101562 0.576562 0.100000 0.578125 0.095312 0.578125 0.093750 0.579688 0.092188 0.579688 0.090625 0.581250 0.087500 0.581250 0.085938 0.582812 0.082812 0.582812 0.079687 0.585938 0.076563 0.585938 0.075000 0.587500 0.070312 0.587500 0.067187 0.590625 0.064062 0.590625 0.064062 0.592187 0.062500 0.593750 0.062500 0.595313 0.060937 0.596875 0.059375 0.596875 0.057813 0.598437 0.054688 0.598437 0.054688 0.601562 0.056250 0.603125 0.056250 0.606250 0.053125 0.609375 0.048438 0.609375 0.046875 0.607812 0.046875 0.606250 0.048438 0.604688 0.048438 0.595313 0.040625 0.595313 0.037500 0.598437 0.034375 0.598437 0.032813 0.600000 0.028125 0.600000 0.026562 0.601562 0.025000 0.601562 0.023438 0.603125 0.018750 0.603125 0.018750 0.606250 0.015625 0.609375 0.012500 0.609375 0.010937 0.610938 0.009375 0.610938 0.012500 0.614062 0.012500 0.618750 0.014063 0.620313 0.014063 0.623437 0.012500 0.625000 0.010937 0.623437 0.007812 0.623437 0.004687 0.626563 0.007812 0.629687 0.012500 0.629687 0.014063 0.631250 0.025000 0.631250 0.025000 0.626563 0.026562 0.625000 0.028125 0.625000 0.031250 0.621875 0.031250 0.617188 0.029687 0.615625 0.029687 0.614062 0.031250 0.612500 0.031250 0.610938 0.032813 0.609375 0.034375 0.609375 0.035937 0.610938 0.037500 0.610938 0.039062 0.612500 0.039062 0.614062 0.040625 0.615625 0.040625 0.617188 0.042188 0.618750 0.039062 0.621875 0.037500 0.620313 0.035937 0.620313 0.035937 0.621875 0.040625 0.621875 0.042188 0.623437 0.046875 0.623437 0.048438 0.621875 0.050000 0.621875 0.051562 0.623437 0.051562 0.626563 0.054688 0.626563 0.059375 0.631250 0.059375 0.632812 0.057813 0.634375 0.059375 0.635938 0.056250 0.639062 0.054688 0.639062 0.053125 0.640625 0.046875 0.640625 0.045312 0.642188 0.035937 0.642188 0.034375 0.640625 0.031250 0.640625 0.029687 0.642188 0.028125 0.642188 0.026562 0.640625 0.007812 0.640625 0.007812 0.653125 0.006250 0.654687 0.006250 0.656250 0.004687 0.657813 0.004687 0.662500 0.003125 0.664062 0.003125 0.681250 0.004687 0.682813 0.004687 0.706250 0.006250 0.707812 0.004687 0.709375 0.004687 0.710938 0.003125 0.712500 0.004687 0.714063 0.004687 0.718750 0.003125 0.720313 0.004687 0.721875 0.004687 0.725000 0.003125 0.726562 0.003125 0.732812 0.004687 0.734375 0.004687 0.781250 0.003125 0.782813 0.004687 0.782813 0.006250 0.784375 0.006250 0.787500 0.004687 0.789062 0.004687 0.790625 0.001563 0.793750 0.003125 0.795312 0.003125 0.796875 0.004687 0.798438 0.004687 0.817187 0.003125 0.818750 0.003125 0.854688 0.004687 0.856250 0.004687 0.862500 0.003125 0.864062 0.003125 0.870313 0.004687 0.871875 0.004687 0.873437 0.003125 0.875000 0.003125 0.878125 0.004687 0.879687 0.004687 0.881250 0.003125 0.882812 0.003125 0.884375 0.004687 0.885938 0.004687 0.909375 0.006250 0.909375 0.009375 0.912500 0.009375 0.914062 0.007812 0.915625 0.007812 0.920312 0.006250 0.921875 0.004687 0.921875 0.003125 0.923438 0.006250 0.926562 0.006250 0.928125 0.004687 0.929688 0.004687 0.995313 0.006250 0.995313 0.009375 0.998437 0.073438 0.998437 0.075000 0.996875 0.076563 0.998437 0.875000 0.998437 0.875000 0.996875 0.876563 0.995313 0.878125 0.995313 0.879687 0.993750 0.881250 0.995313 0.887500 0.995313 0.889062 0.993750 0.889062 0.989062 0.890625 0.987500 0.893750 0.987500 0.895312 0.989062 0.898438 0.989062 0.900000 0.990625 0.898438 0.992188 0.900000 0.993750 0.901563 0.992188 0.898438 0.989062 0.900000 0.987500 0.900000 0.985938 0.890625 0.985938 0.887500 0.982812 0.887500 0.979688 0.889062 0.978125 0.889062 0.968750 0.887500 0.967187 0.887500 0.957812 0.885938 0.956250 0.885938 0.954688 0.884375 0.953125 0.875000 0.953125 0.873437 0.951562 0.865625 0.951562 0.864062 0.953125 0.860938 0.953125 0.857812 0.950000 0.857812 0.942187 0.860938 0.939063 0.862500 0.940625 0.865625 0.940625 0.868750 0.943750 0.868750 0.945312 0.870313 0.945312 0.871875 0.946875 0.871875 0.945312 0.870313 0.943750 0.870313 0.942187 0.873437 0.939063 0.881250 0.939063 0.882812 0.940625 0.882812 0.942187 0.884375 0.943750 0.882812 0.945312 0.884375 0.946875 0.887500 0.946875 0.884375 0.943750 0.884375 0.940625 0.885938 0.939063 0.885938 0.934375 0.887500 0.932813 0.887500 0.925000 0.889062 0.923438 0.889062 0.918750 0.892188 0.915625 0.893750 0.915625 0.895312 0.917188 0.896875 0.917188 0.898438 0.915625 0.903125 0.915625 0.903125 0.903125 0.904687 0.901563 0.904687 0.892188 0.906250 0.890625 0.909375 0.890625 0.910937 0.889062 0.912500 0.890625 0.918750 0.890625 0.921875 0.893750 0.921875 0.900000 0.923438 0.901563 0.926562 0.901563 0.928125 0.903125 0.928125 0.904687 0.929688 0.904687 0.931250 0.906250 0.932813 0.904687 0.934375 0.904687 0.939063 0.909375 0.939063 0.910937 0.940625 0.912500 0.942187 0.912500 0.945312 0.915625 0.945312 0.917188 0.948438 0.917188 0.950000 0.915625 0.950000 0.907813 0.954688 0.903125 0.956250 0.903125 0.957812 0.901563 0.959375 0.903125 0.960938 0.903125 0.962500 0.904687 0.964063 0.903125 0.967187 0.903125 0.967187 0.900000 0.964063 0.896875 0.964063 0.895312 0.962500 0.893750 0.962500 0.885938 0.964063 0.884375 0.962500 0.882812 0.962500 0.878125 0.960938 0.876563 0.960938 0.873437 0.959375 0.871875 0.962500 0.868750 0.964063 0.870313 0.964063 0.871875 0.967187 0.871875 0.967187 0.865625 0.970313 0.862500 0.973437 0.862500 0.976562 0.859375 0.981250 0.859375 0.982812 0.860938 0.982812 0.870313 0.984375 0.871875 0.984375 0.879687 0.981250 0.882812 0.978125 0.882812 0.978125 0.887500 0.981250 0.884375 0.982812 0.885938 0.982812 0.889062 0.984375 0.890625 0.984375 0.896875 0.982812 0.898438 0.982812 0.903125 0.984375 0.904687 0.984375 0.909375 0.985938 0.910937 0.984375 0.912500 0.984375 0.918750 0.985938 0.920312 0.989062 0.920312 0.990625 0.918750 0.998437 0.918750 0.998437 0.912500 0.995313 0.909375 0.995313 0.907813 0.996875 0.906250 0.998437 0.906250 0.998437 0.881250 0.996875 0.881250 0.995313 0.879687 0.995313 0.873437 0.998437 0.870313 0.998437 0.439063 0.992188 0.439063 0.990625 0.437500 0.989062 0.439063 0.987500 0.439063 0.987500 0.442188 0.984375 0.445312 0.976562 0.445312 0.975000 0.443750 0.943750 0.443750 0.942187 0.442188 0.939063 0.442188 0.937500 0.443750 0.931250 0.443750 0.929688 0.442188 0.884375 0.442188 0.879687 0.437500 0.878125 0.439063 0.870313 0.439063 0.868750 0.440625 0.865625 0.437500 0.865625 0.435937 0.864062 0.435937 0.860938 0.439063 0.850000 0.439063 0.848437 0.437500 0.846875 0.439063 0.835938 0.439063 0.834375 0.437500 0.809375 0.437500 0.807813 0.439063 0.798438 0.439063 0.796875 0.440625 0.787500 0.440625 0.785937 0.439063 0.784375 0.440625 0.762500 0.440625 0.760938 0.442188 0.759375 0.442188 0.756250 0.439063 0.753125 0.439063 0.751563 0.440625 0.745313 0.440625 0.743750 0.442188 0.739062 0.437500 0.735938 0.440625 0.734375 0.440625 0.732812 0.439063 0.729688 0.439063 0.728125 0.440625 0.726562 0.440625 0.723437 0.437500 0.720313 0.440625 0.717187 0.437500 0.717187 0.431250 0.720313 0.428125 0.737500 0.428125 0.739062 0.429688 0.746875 0.429688 0.748437 0.428125 0.750000 0.428125 0.751563 0.426563 0.753125 0.428125 0.776563 0.428125 0.778125 0.426563 0.779687 0.426563 0.781250 0.428125 0.782813 0.428125 0.782813 0.426563 0.785937 0.423438 0.784375 0.423438 0.781250 0.426563 0.743750 0.426563 0.742188 0.425000 0.732812 0.425000 0.731250 0.426563 0.729688 0.425000 0.726562 0.425000 0.725000 0.423438 0.718750 0.423438 0.717187 0.421875 0.698438 0.421875 0.698438 0.423438 0.696875 0.425000 0.693750 0.421875 0.690625 0.421875 0.689063 0.423438 0.682813 0.423438 0.681250 0.425000 0.679688 0.423438 0.678125 0.423438 0.676562 0.421875 0.675000 0.421875 0.673438 0.423438 0.671875 0.421875 0.662500 0.421875 0.660937 0.420312 0.656250 0.420312 0.654687 0.418750 0.654687 0.415625 0.656250 0.414062 0.662500 0.414062 0.664062 0.412500 0.678125 0.412500 0.679688 0.410938 0.678125 0.410938 0.676562 0.409375 0.659375 0.409375 0.657813 0.407813 0.656250 0.407813 0.651563 0.412500 0.651563 0.418750 0.650000 0.420312 0.648438 0.420312 0.646875 0.418750 0.646875 0.417187 0.648438 0.415625 0.648438 0.414062 0.646875 0.412500 0.645312 0.412500 0.643750 0.414062 0.642188 0.414062 0.640625 0.415625 0.639062 0.414062 0.637500 0.415625 0.640625 0.418750 0.639062 0.420312 0.637500 0.420312 0.635938 0.421875 0.604688 0.421875 0.603125 0.423438 0.601562 0.421875 0.593750 0.421875 0.592187 0.420312 0.584375 0.420312 0.582812 0.418750 0.584375 0.417187 0.584375 0.410938 0.582812 0.409375 0.582812 0.407813 0.582812 0.409375 0.581250 0.410938 0.581250 0.414062 0.582812 0.415625 0.582812 0.418750 0.581250 0.420312 0.578125 0.420312 0.576562 0.418750 0.576562 0.412500 0.578125 0.410938 0.576562 0.409375 0.576562 0.407813 0.575000 0.406250 0.571875 0.409375 0.570312 0.409375 0.568750 0.407813 0.568750 0.406250 0.567187 0.406250 0.564063 0.409375 0.562500 0.409375
0 0.923438 0.393750 0.921875 0.395313 0.920312 0.395313 0.921875 0.395313 0.923438 0.396875 0.926562 0.396875 0.928125 0.395313 0.926562 0.395313 0.925000 0.393750
0 0.907813 0.393750 0.906250 0.395313 0.914062 0.395313 0.909375 0.395313
0 0.875000 0.376563 0.871875 0.379688 0.873437 0.381250 0.878125 0.381250 0.879687 0.382812 0.879687 0.384375 0.881250 0.382812 0.878125 0.379688 0.878125 0.378125 0.876563 0.376563
0 0.645312 0.364063 0.643750 0.365625 0.645312 0.367188 0.645312 0.368750 0.648438 0.365625 0.646875 0.364063
0 0.659375 0.362500 0.657813 0.364063 0.654687 0.364063 0.653125 0.365625 0.651563 0.365625 0.653125 0.365625 0.654687 0.367188 0.657813 0.367188 0.659375 0.368750 0.660937 0.368750 0.662500 0.367188 0.662500 0.365625 0.664062 0.364063 0.662500 0.364063 0.660937 0.362500
0 0.668750 0.360938 0.668750 0.362500 0.670312 0.362500 0.671875 0.364063 0.675000 0.364063 0.678125 0.360938
0 0.689063 0.353125 0.689063 0.360938 0.693750 0.356250 0.693750 0.353125