0 0.721875 0.856250 0.723437 0.857812 0.723437 0.856250
0 0.696875 0.851562 0.695312 0.853125 0.690625 0.853125 0.696875 0.853125
0 0.673438 0.814063 0.675000 0.815625 0.675000 0.817187 0.676562 0.818750 0.678125 0.818750 0.679688 0.817187 0.684375 0.817187 0.684375 0.815625 0.682813 0.814063
0 0.679688 0.796875 0.679688 0.798438 0.681250 0.800000 0.684375 0.800000 0.685937 0.798438 0.685937 0.796875
0 0.726562 0.782813 0.726562 0.787500 0.725000 0.789062 0.725000 0.790625 0.731250 0.790625 0.731250 0.785937 0.728125 0.782813
0 0.710938 0.779687 0.707812 0.782813 0.704688 0.782813 0.704688 0.790625 0.706250 0.790625 0.706250 0.789062 0.707812 0.787500 0.710938 0.790625 0.714063 0.790625 0.714063 0.789062 0.718750 0.784375 0.720313 0.784375 0.721875 0.782813 0.720313 0.781250 0.717187 0.781250 0.715625 0.779687
0 0.698438 0.764062 0.696875 0.765625 0.689063 0.765625 0.689063 0.771875 0.690625 0.773438 0.690625 0.778125 0.689063 0.779687 0.689063 0.781250 0.687500 0.782813 0.687500 0.789062 0.689063 0.790625 0.690625 0.790625 0.690625 0.781250 0.692187 0.779687 0.700000 0.779687 0.701562 0.778125 0.701562 0.773438 0.704688 0.770312 0.706250 0.770312 0.707812 0.771875 0.712500 0.771875 0.712500 0.770312 0.709375 0.767188 0.704688 0.767188 0.703125 0.765625 0.701562 0.765625 0.700000 0.764062
0 0.659375 0.754687 0.660937 0.756250 0.660937 0.754687
0 0.695312 0.750000 0.693750 0.751563 0.696875 0.754687 0.696875 0.756250 0.695312 0.757812 0.695312 0.759375 0.696875 0.760938 0.698438 0.759375 0.698438 0.757812 0.700000 0.756250 0.700000 0.751563 0.698438 0.750000
0 0.684375 0.732812 0.682813 0.734375 0.679688 0.734375 0.678125 0.735938 0.673438 0.735938 0.673438 0.740625 0.676562 0.740625 0.679688 0.743750 0.679688 0.745313 0.678125 0.746875 0.679688 0.745313 0.681250 0.745313 0.681250 0.743750 0.684375 0.740625 0.685937 0.740625 0.685937 0.735938 0.684375 0.734375
0 0.650000 0.732812 0.648438 0.734375 0.648438 0.735938 0.646875 0.737500 0.645312 0.737500 0.643750 0.739062 0.643750 0.740625 0.646875 0.740625 0.648438 0.742188 0.650000 0.742188 0.653125 0.739062 0.656250 0.739062 0.656250 0.737500 0.653125 0.734375 0.651563 0.734375
0 0.671875 0.718750 0.671875 0.720313 0.675000 0.720313 0.676562 0.721875 0.678125 0.721875 0.679688 0.723437 0.679688 0.728125 0.682813 0.728125 0.682813 0.726562 0.684375 0.725000 0.684375 0.721875 0.682813 0.720313 0.682813 0.718750
0 0.664062 0.696875 0.664062 0.700000 0.660937 0.703125 0.657813 0.703125 0.657813 0.707812 0.660937 0.710938 0.662500 0.710938 0.664062 0.712500 0.664062 0.714063 0.662500 0.715625 0.664062 0.714063 0.667188 0.714063 0.667188 0.712500 0.670312 0.709375 0.670312 0.706250 0.664062 0.700000 0.664062 0.698438 0.665625 0.696875
0 0.017188 0.678125 0.014063 0.681250 0.017188 0.684375 0.017188 0.687500 0.015625 0.689063 0.015625 0.692187 0.018750 0.692187 0.020313 0.690625 0.020313 0.687500 0.018750 0.687500 0.017188 0.685937 0.017188 0.684375 0.020313 0.681250 0.020313 0.678125
0 0.048438 0.640625 0.048438 0.645312 0.048438 0.643750 0.050000 0.642188
0 0.504687 0.503125 0.503125 0.504687 0.504687 0.506250 0.507812 0.506250 0.507812 0.503125
0 0.506250 0.487500 0.504687 0.489063 0.504687 0.490625 0.503125 0.492188 0.503125 0.493750 0.504687 0.495312 0.504687 0.496875 0.507812 0.493750 0.509375 0.493750 0.512500 0.490625 0.512500 0.489063 0.510938 0.487500
0 0.320312 0.253125 0.312500 0.260937 0.312500 0.262500 0.309375 0.265625 0.307812 0.265625 0.306250 0.267188 0.306250 0.268750 0.304688 0.270313 0.304688 0.271875 0.301563 0.275000 0.300000 0.275000 0.300000 0.276562 0.295312 0.281250 0.293750 0.281250 0.292187 0.282813 0.290625 0.282813 0.290625 0.285938 0.287500 0.289062 0.287500 0.290625 0.285938 0.292187 0.285938 0.293750 0.281250 0.298438 0.281250 0.300000 0.279687 0.301563 0.279687 0.306250 0.273438 0.312500 0.271875 0.312500 0.271875 0.314063 0.265625 0.320312 0.264062 0.320312 0.262500 0.321875 0.262500 0.323437 0.264062 0.323437 0.265625 0.321875 0.267188 0.323437 0.267188 0.325000 0.265625 0.326562 0.264062 0.326562 0.264062 0.329688 0.256250 0.337500 0.256250 0.342187 0.253125 0.345313 0.253125 0.348438 0.251563 0.350000 0.250000 0.350000 0.248438 0.351562 0.248438 0.354687 0.245312 0.357812 0.245312 0.359375 0.242188 0.362500 0.242188 0.364063 0.240625 0.365625 0.240625 0.368750 0.239063 0.370312 0.239063 0.371875 0.237500 0.373437 0.237500 0.375000 0.232813 0.379688 0.232813 0.381250 0.228125 0.385937 0.228125 0.387500 0.225000 0.390625 0.225000 0.392188 0.221875 0.395313 0.221875 0.396875 0.217188 0.401562 0.217188 0.403125 0.214062 0.406250 0.214062 0.407813 0.212500 0.409375 0.210938 0.409375 0.210938 0.410938 0.209375 0.412500 0.209375 0.415625 0.207813 0.417187 0.207813 0.418750 0.204687 0.421875 0.204687 0.423438 0.203125 0.425000 0.201563 0.425000 0.201563 0.426563 0.198437 0.429688 0.198437 0.431250 0.196875 0.432812 0.196875 0.434375 0.193750 0.437500 0.193750 0.440625 0.189062 0.445312 0.189062 0.446875 0.187500 0.448437 0.185938 0.448437 0.185938 0.450000 0.182812 0.453125 0.182812 0.454688 0.178125 0.459375 0.178125 0.462500 0.176563 0.464062 0.176563 0.465625 0.173437 0.468750 0.173437 0.470313 0.170313 0.473438 0.170313 0.475000 0.167187 0.478125 0.167187 0.479687 0.164062 0.482812 0.164062 0.484375 0.162500 0.485938 0.162500 0.487500 0.159375 0.490625 0.159375 0.492188 0.156250 0.495312 0.156250 0.496875 0.153125 0.500000 0.153125 0.501563 0.151562 0.503125 0.151562 0.504687 0.150000 0.506250 0.148438 0.506250 0.146875 0.507812 0.146875 0.512500 0.143750 0.515625 0.143750 0.517188 0.139063 0.521875 0.139063 0.523438 0.135937 0.526563 0.135937 0.528125 0.131250 0.532813 0.131250 0.534375 0.128125 0.537500 0.128125 0.539062 0.123438 0.543750 0.123438 0.545312 0.121875 0.546875 0.121875 0.548438 0.115625 0.554688 0.115625 0.557813 0.112500 0.560937 0.112500 0.562500 0.107813 0.567187 0.107813 0.568750 0.104688 0.571875 0.104688 0.573438 0.100000 0.578125 0.100000 0.581250 0.096875 0.584375 0.096875 0.585938 0.093750 0.589063 0.093750 0.590625 0.092188 0.592187 0.092188 0.593750 0.089063 0.596875 0.089063 0.598437 0.087500 0.600000 0.085938 0.600000 0.085938 0.601562 0.084375 0.603125 0.084375 0.606250 0.081250 0.609375 0.081250 0.610938 0.076563 0.615625 0.076563 0.617188 0.073438 0.620313 0.073438 0.621875 0.068750 0.626563 0.068750 0.628125 0.065625 0.631250 0.065625 0.632812 0.062500 0.635938 0.062500 0.637500 0.059375 0.640625 0.059375 0.642188 0.057813 0.643750 0.057813 0.645312 0.056250 0.646875 0.054688 0.646875 0.053125 0.648438 0.053125 0.651563 0.050000 0.654687 0.050000 0.657813 0.048438 0.659375 0.046875 0.659375 0.046875 0.660937 0.043750 0.664062 0.043750 0.665625 0.042188 0.667188 0.042188 0.668750 0.035937 0.675000 0.035937 0.676562 0.034375 0.678125 0.034375 0.679688 0.029687 0.684375 0.029687 0.685937 0.028125 0.687500 0.028125 0.690625 0.023438 0.695312 0.021875 0.695312 0.021875 0.698438 0.018750 0.701562 0.018750 0.703125 0.017188 0.704688 0.017188 0.706250 0.012500 0.710938 0.012500 0.712500 0.010937 0.714063 0.010937 0.715625 0.007812 0.718750 0.007812 0.720313 0.006250 0.721875 0.006250 0.723437 0.003125 0.726562 0.003125 0.731250 0.000000 0.734375 0.000000 0.768750 0.001563 0.770312 0.000000 0.771875 0.000000 0.839063 0.001563 0.840625 0.000000 0.842187 0.000000 0.846875 0.001563 0.848437 0.000000 0.850000 0.000000 0.873437 0.001563 0.875000 0.001563 0.878125 0.003125 0.879687 0.003125 0.881250 0.001563 0.882812 0.001563 0.887500 0.003125 0.889062 0.003125 0.898438 0.001563 0.900000 0.003125 0.901563 0.003125 0.920312 0.001563 0.921875 0.001563 0.925000 0.003125 0.926562 0.003125 0.928125 0.001563 0.929688 0.001563 0.931250 0.003125 0.932813 0.003125 0.937500 0.001563 0.939063 0.003125 0.940625 0.003125 0.945312 0.001563 0.946875 0.003125 0.948438 0.003125 0.951562 0.001563 0.953125 0.001563 0.956250 0.003125 0.957812 0.003125 0.959375 0.001563 0.960938 0.001563 0.964063 0.003125 0.965625 0.003125 0.998437 0.785937 0.998437 0.789062 0.995313 0.800000 0.995313 0.801562 0.993750 0.803125 0.993750 0.804688 0.995313 0.810937 0.995313 0.814063 0.998437 0.817187 0.995313 0.825000 0.995313 0.826562 0.996875 0.826562 0.998437 0.879687 0.998437 0.879687 0.996875 0.882812 0.993750 0.878125 0.989062 0.878125 0.987500 0.871875 0.981250 0.871875 0.978125 0.870313 0.978125 0.868750 0.976562 0.865625 0.976562 0.864062 0.975000 0.864062 0.971875 0.857812 0.965625 0.857812 0.962500 0.854688 0.959375 0.853125 0.959375 0.851562 0.957812 0.851562 0.954688 0.848437 0.951562 0.848437 0.946875 0.846875 0.946875 0.845313 0.945312 0.843750 0.945312 0.840625 0.942187 0.840625 0.939063 0.839063 0.937500 0.837500 0.937500 0.834375 0.934375 0.834375 0.931250 0.829688 0.926562 0.829688 0.923438 0.828125 0.921875 0.826562 0.921875 0.823438 0.918750 0.823438 0.915625 0.821875 0.915625 0.818750 0.912500 0.818750 0.909375 0.820312 0.907813 0.818750 0.906250 0.815625 0.906250 0.812500 0.903125 0.812500 0.900000 0.810937 0.900000 0.809375 0.898438 0.807813 0.898438 0.806250 0.896875 0.804688 0.896875 0.803125 0.895312 0.803125 0.892188 0.801562 0.892188 0.800000 0.890625 0.798438 0.890625 0.796875 0.889062 0.796875 0.882812 0.795312 0.881250 0.795312 0.876563 0.793750 0.875000 0.790625 0.875000 0.789062 0.873437 0.787500 0.873437 0.785937 0.871875 0.784375 0.871875 0.782813 0.873437 0.781250 0.871875 0.781250 0.870313 0.782813 0.868750 0.781250 0.867188 0.781250 0.864062 0.782813 0.862500 0.784375 0.862500 0.785937 0.864062 0.785937 0.860938 0.784375 0.860938 0.781250 0.857812 0.781250 0.853125 0.775000 0.846875 0.775000 0.845313 0.771875 0.845313 0.770312 0.843750 0.767188 0.843750 0.764062 0.840625 0.764062 0.839063 0.765625 0.837500 0.764062 0.835938 0.764062 0.834375 0.762500 0.832812 0.762500 0.831250 0.759375 0.828125 0.756250 0.828125 0.753125 0.825000 0.753125 0.823438 0.754687 0.821875 0.748437 0.821875 0.746875 0.820312 0.746875 0.815625 0.745313 0.814063 0.745313 0.812500 0.743750 0.810937 0.743750 0.807813 0.742188 0.807813 0.742188 0.814063 0.740625 0.815625 0.737500 0.815625 0.734375 0.812500 0.732812 0.812500 0.731250 0.810937 0.729688 0.810937 0.728125 0.809375 0.729688 0.807813 0.729688 0.806250 0.731250 0.804688 0.734375 0.804688 0.735938 0.803125 0.739062 0.803125 0.739062 0.801562 0.735938 0.801562 0.734375 0.800000 0.734375 0.798438 0.732812 0.798438 0.731250 0.796875 0.726562 0.796875 0.725000 0.798438 0.718750 0.798438 0.717187 0.796875 0.710938 0.796875 0.709375 0.798438 0.706250 0.798438 0.704688 0.796875 0.704688 0.807813 0.703125 0.809375 0.704688 0.810937 0.706250 0.810937 0.707812 0.809375 0.706250 0.807813 0.706250 0.804688 0.707812 0.803125 0.710938 0.806250 0.710938 0.807813 0.714063 0.807813 0.715625 0.809375 0.717187 0.809375 0.717187 0.806250 0.718750 0.804688 0.725000 0.804688 0.726562 0.806250 0.726562 0.807813 0.725000 0.809375 0.723437 0.809375 0.721875 0.810937 0.720313 0.810937 0.720313 0.820312 0.718750 0.821875 0.718750 0.831250 0.720313 0.832812 0.720313 0.840625 0.717187 0.843750 0.712500 0.843750 0.710938 0.845313 0.710938 0.846875 0.712500 0.846875 0.715625 0.850000 0.718750 0.850000 0.720313 0.848437 0.723437 0.848437 0.725000 0.846875 0.725000 0.845313 0.720313 0.840625 0.720313 0.832812 0.723437 0.829688 0.728125 0.829688 0.731250 0.826562 0.734375 0.829688 0.734375 0.842187 0.732812 0.843750 0.732812 0.845313 0.734375 0.846875 0.734375 0.848437 0.732812 0.850000 0.732812 0.851562 0.731250 0.853125 0.729688 0.853125 0.732812 0.856250 0.732812 0.859375 0.734375 0.860938 0.732812 0.862500 0.729688 0.862500 0.728125 0.860938 0.726562 0.860938 0.726562 0.862500 0.728125 0.864062 0.728125 0.865625 0.726562 0.867188 0.726562 0.870313 0.728125 0.871875 0.728125 0.873437 0.726562 0.875000 0.726562 0.876563 0.729688 0.879687 0.726562 0.882812 0.726562 0.885938 0.721875 0.890625 0.718750 0.890625 0.717187 0.889062 0.717187 0.878125 0.718750 0.876563 0.717187 0.875000 0.717187 0.873437 0.715625 0.871875 0.715625 0.867188 0.717187 0.865625 0.717187 0.859375 0.706250 0.859375 0.704688 0.860938 0.703125 0.860938 0.701562 0.859375 0.695312 0.859375 0.693750 0.860938 0.689063 0.860938 0.687500 0.862500 0.685937 0.862500 0.682813 0.859375 0.682813 0.857812 0.681250 0.856250 0.681250 0.853125 0.679688 0.851562 0.679688 0.848437 0.676562 0.845313 0.676562 0.842187 0.673438 0.839063 0.673438 0.835938 0.675000 0.834375 0.675000 0.832812 0.667188 0.825000 0.667188 0.821875 0.665625 0.820312 0.665625 0.818750 0.664062 0.817187 0.664062 0.815625 0.662500 0.814063 0.662500 0.812500 0.660937 0.810937 0.660937 0.807813 0.662500 0.806250 0.668750 0.806250 0.668750 0.804688 0.665625 0.804688 0.662500 0.801562 0.664062 0.800000 0.667188 0.800000 0.668750 0.798438 0.668750 0.789062 0.670312 0.787500 0.670312 0.784375 0.668750 0.782813 0.668750 0.781250 0.657813 0.781250 0.656250 0.782813 0.656250 0.784375 0.657813 0.785937 0.657813 0.787500 0.660937 0.790625 0.660937 0.796875 0.659375 0.798438 0.659375 0.800000 0.657813 0.801562 0.656250 0.800000 0.656250 0.798438 0.653125 0.795312 0.653125 0.793750 0.650000 0.790625 0.650000 0.787500 0.648438 0.785937 0.648438 0.784375 0.646875 0.784375 0.643750 0.781250 0.643750 0.779687 0.642188 0.778125 0.642188 0.773438 0.643750 0.771875 0.656250 0.771875 0.657813 0.770312 0.659375 0.771875 0.664062 0.771875 0.665625 0.773438 0.667188 0.771875 0.671875 0.771875 0.673438 0.770312 0.673438 0.765625 0.675000 0.764062 0.673438 0.762500 0.673438 0.759375 0.673438 0.762500 0.671875 0.764062 0.668750 0.764062 0.667188 0.762500 0.667188 0.759375 0.665625 0.757812 0.664062 0.759375 0.664062 0.762500 0.660937 0.765625 0.657813 0.765625 0.654687 0.762500 0.654687 0.759375 0.656250 0.757812 0.656250 0.746875 0.654687 0.746875 0.653125 0.745313 0.646875 0.745313 0.645312 0.746875 0.642188 0.746875 0.640625 0.745313 0.640625 0.739062 0.639062 0.737500 0.639062 0.729688 0.640625 0.728125 0.640625 0.723437 0.642188 0.721875 0.643750 0.723437 0.643750 0.725000 0.645312 0.725000 0.648438 0.728125 0.648438 0.729688 0.651563 0.729688 0.653125 0.728125 0.657813 0.728125 0.657813 0.723437 0.656250 0.725000 0.656250 0.726562 0.654687 0.728125 0.653125 0.728125 0.651563 0.726562 0.648438 0.726562 0.646875 0.725000 0.646875 0.723437 0.643750 0.720313 0.642188 0.720313 0.637500 0.715625 0.637500 0.714063 0.639062 0.712500 0.639062 0.710938 0.637500 0.709375 0.637500 0.707812 0.639062 0.706250 0.639062 0.704688 0.640625 0.703125 0.642188 0.703125 0.645312 0.700000 0.646875 0.700000 0.648438 0.701562 0.651563 0.701562 0.653125 0.700000 0.654687 0.700000 0.656250 0.698438 0.656250 0.693750 0.654687 0.692187 0.654687 0.689063 0.653125 0.687500 0.653125 0.682813 0.651563 0.682813 0.650000 0.681250 0.653125 0.678125 0.653125 0.675000 0.651563 0.673438 0.651563 0.671875 0.650000 0.671875 0.645312 0.667188 0.645312 0.665625 0.643750 0.665625 0.642188 0.664062 0.640625 0.664062 0.639062 0.662500 0.639062 0.660937 0.642188 0.657813 0.637500 0.653125 0.637500 0.650000 0.632812 0.645312 0.632812 0.643750 0.629687 0.640625 0.628125 0.640625 0.626563 0.639062 0.626563 0.634375 0.623437 0.631250 0.623437 0.629687 0.620313 0.626563 0.618750 0.626563 0.617188 0.625000 0.610938 0.625000 0.607812 0.621875 0.612500 0.617188 0.612500 0.615625 0.610938 0.614062 0.610938 0.612500 0.606250 0.607812 0.596875 0.607812 0.595313 0.609375 0.592187 0.606250 0.595313 0.603125 0.603125 0.603125 0.600000 0.600000 0.600000 0.598437 0.598437 0.596875 0.598437 0.595313 0.596875 0.595313 0.595313 0.593750 0.593750 0.593750 0.592187 0.592187 0.592187 0.589063 0.590625 0.587500 0.590625 0.579688 0.589063 0.579688 0.587500 0.578125 0.585938 0.578125 0.584375 0.576562 0.578125 0.576562 0.576562 0.575000 0.579688 0.571875 0.579688 0.568750 0.578125 0.567187 0.578125 0.565625 0.575000 0.562500 0.575000 0.560937 0.571875 0.557813 0.571875 0.556250 0.567187 0.551562 0.567187 0.548438 0.565625 0.548438 0.564063 0.546875 0.562500 0.546875 0.560937 0.545312 0.560937 0.543750 0.557813 0.540625 0.557813 0.539062 0.559375 0.537500 0.559375 0.535937 0.554688 0.531250 0.551562 0.531250 0.550000 0.529687 0.546875 0.529687 0.545312 0.528125 0.545312 0.518750 0.543750 0.517188 0.540625 0.517188 0.537500 0.514062 0.537500 0.510938 0.535937 0.510938 0.534375 0.509375 0.537500 0.506250 0.535937 0.504687 0.535937 0.503125 0.534375 0.503125 0.532813 0.501563 0.531250 0.503125 0.526563 0.503125 0.525000 0.501563 0.523438 0.501563 0.520312 0.504687 0.518750 0.503125 0.515625 0.503125 0.514062 0.504687 0.512500 0.504687 0.515625 0.507812 0.515625 0.510938 0.514062 0.512500 0.515625 0.514062 0.515625 0.517188 0.517188 0.518750 0.517188 0.525000 0.520312 0.525000 0.521875 0.526563 0.521875 0.528125 0.518750 0.531250 0.517188 0.531250 0.515625 0.532813 0.517188 0.534375 0.517188 0.535937 0.515625 0.537500 0.512500 0.537500 0.510938 0.535937 0.510938 0.532813 0.509375 0.531250 0.509375 0.529687 0.507812 0.528125 0.507812 0.525000 0.506250 0.523438 0.506250 0.521875 0.501563 0.517188 0.501563 0.512500 0.496875 0.507812 0.496875 0.506250 0.492188 0.501563 0.492188 0.496875 0.490625 0.495312 0.490625 0.493750 0.489063 0.492188 0.489063 0.490625 0.487500 0.489063 0.487500 0.487500 0.484375 0.484375 0.484375 0.481250 0.479687 0.476562 0.479687 0.475000 0.476562 0.471875 0.476562 0.467187 0.473438 0.464062 0.473438 0.462500 0.471875 0.460938 0.471875 0.459375 0.468750 0.456250 0.468750 0.453125 0.465625 0.450000 0.465625 0.446875 0.464062 0.445312 0.464062 0.443750 0.460938 0.440625 0.460938 0.437500 0.457813 0.434375 0.457813 0.431250 0.456250 0.429688 0.456250 0.426563 0.454688 0.426563 0.450000 0.421875 0.450000 0.420312 0.448437 0.418750 0.448437 0.415625 0.445312 0.412500 0.445312 0.410938 0.443750 0.409375 0.443750 0.407813 0.442188 0.406250 0.442188 0.404687 0.440625 0.403125 0.440625 0.398438 0.443750 0.395313 0.442188 0.393750 0.439063 0.393750 0.437500 0.392188 0.435937 0.392188 0.434375 0.390625 0.434375 0.387500 0.435937 0.385937 0.435937 0.384375 0.440625 0.379688 0.437500 0.376563 0.435937 0.376563 0.434375 0.375000 0.434375 0.371875 0.432812 0.370312 0.432812 0.367188 0.431250 0.365625 0.431250 0.364063 0.428125 0.360938 0.428125 0.359375 0.431250 0.356250 0.426563 0.351562 0.426563 0.350000 0.423438 0.346875 0.423438 0.345313 0.421875 0.345313 0.420312 0.346875 0.418750 0.346875 0.417187 0.345313 0.417187 0.342187 0.410938 0.335938 0.410938 0.334375 0.404687 0.328125 0.403125 0.328125 0.400000 0.325000 0.398438 0.325000 0.396875 0.323437 0.396875 0.321875 0.395313 0.320312 0.395313 0.304688 0.393750 0.303125 0.392188 0.303125 0.390625 0.301563 0.390625 0.300000 0.389062 0.300000 0.387500 0.298438 0.387500 0.295312 0.389062 0.293750 0.389062 0.292187 0.390625 0.290625 0.389062 0.289062 0.389062 0.287500 0.387500 0.285938 0.387500 0.284375 0.382812 0.279687 0.381250 0.279687 0.379688 0.278125 0.379688 0.273438 0.375000 0.268750 0.375000 0.267188 0.371875 0.264062 0.371875 0.262500 0.368750 0.262500 0.365625 0.259375 0.365625 0.257812 0.364063 0.256250 0.364063 0.254688 0.351562 0.254688 0.350000 0.253125 0.348438 0.253125 0.346875 0.254688 0.335938 0.254688 0.334375 0.253125