0 0.864062 0.960938 0.862500 0.962500 0.862500 0.965625 0.864062 0.967187 0.864062 0.968750 0.864062 0.967187 0.865625 0.965625 0.865625 0.962500
0 0.856250 0.915625 0.854688 0.917188 0.854688 0.918750 0.856250 0.918750
0 0.800000 0.882812 0.800000 0.889062 0.801562 0.890625 0.801562 0.892188 0.803125 0.890625 0.803125 0.887500 0.804688 0.885938 0.804688 0.884375 0.803125 0.882812
0 0.762500 0.882812 0.760938 0.884375 0.760938 0.885938 0.759375 0.887500 0.764062 0.887500 0.764062 0.882812
0 0.785937 0.870313 0.784375 0.871875 0.782813 0.871875 0.784375 0.871875 0.785937 0.873437
0 0.832812 0.864062 0.832812 0.876563 0.832812 0.875000 0.837500 0.870313 0.839063 0.871875 0.840625 0.871875 0.840625 0.868750 0.835938 0.868750 0.832812 0.865625
0 0.850000 0.854688 0.848437 0.856250 0.850000 0.856250
0 0.864062 0.853125 0.864062 0.856250 0.867188 0.856250
0 0.954688 0.850000 0.951562 0.853125 0.946875 0.853125 0.945312 0.854688 0.943750 0.854688 0.942187 0.856250 0.959375 0.856250 0.959375 0.854688 0.957812 0.853125 0.957812 0.851562 0.956250 0.851562
0 0.884375 0.848437 0.884375 0.854688 0.882812 0.856250 0.889062 0.856250 0.889062 0.853125 0.887500 0.851562 0.887500 0.850000 0.885938 0.850000
0 0.832812 0.848437 0.832812 0.854688 0.831250 0.856250 0.832812 0.857812 0.832812 0.859375 0.835938 0.856250 0.837500 0.856250 0.839063 0.854688 0.840625 0.854688 0.840625 0.851562 0.839063 0.853125 0.835938 0.853125 0.832812 0.850000
0 0.753125 0.846875 0.751563 0.848437 0.750000 0.848437 0.746875 0.851562 0.746875 0.856250 0.748437 0.856250 0.751563 0.859375 0.751563 0.864062 0.753125 0.865625 0.753125 0.871875 0.754687 0.873437 0.759375 0.873437 0.760938 0.875000 0.762500 0.875000 0.765625 0.878125 0.765625 0.879687 0.767188 0.879687 0.770312 0.882812 0.770312 0.885938 0.768750 0.887500 0.768750 0.889062 0.765625 0.892188 0.767188 0.893750 0.767188 0.898438 0.768750 0.900000 0.768750 0.901563 0.767188 0.903125 0.767188 0.907813 0.768750 0.909375 0.770312 0.909375 0.771875 0.910937 0.771875 0.912500 0.770312 0.914062 0.770312 0.917188 0.771875 0.918750 0.771875 0.920312 0.773438 0.920312 0.775000 0.921875 0.776563 0.921875 0.778125 0.923438 0.778125 0.926562 0.776563 0.928125 0.775000 0.928125 0.775000 0.931250 0.776563 0.932813 0.776563 0.934375 0.781250 0.939063 0.781250 0.942187 0.782813 0.943750 0.782813 0.950000 0.785937 0.953125 0.785937 0.954688 0.787500 0.956250 0.787500 0.957812 0.789062 0.959375 0.789062 0.965625 0.790625 0.967187 0.790625 0.968750 0.792188 0.970313 0.792188 0.971875 0.793750 0.973437 0.793750 0.975000 0.795312 0.976562 0.795312 0.978125 0.796875 0.979688 0.796875 0.985938 0.798438 0.987500 0.798438 0.989062 0.800000 0.990625 0.801562 0.990625 0.804688 0.993750 0.837500 0.993750 0.840625 0.990625 0.848437 0.990625 0.850000 0.989062 0.859375 0.989062 0.860938 0.987500 0.862500 0.989062 0.870313 0.989062 0.871875 0.987500 0.884375 0.987500 0.885938 0.985938 0.900000 0.985938 0.889062 0.985938 0.887500 0.984375 0.881250 0.984375 0.879687 0.982812 0.878125 0.984375 0.876563 0.984375 0.873437 0.981250 0.873437 0.978125 0.871875 0.976562 0.870313 0.978125 0.867188 0.978125 0.865625 0.976562 0.862500 0.976562 0.860938 0.978125 0.859375 0.978125 0.854688 0.973437 0.854688 0.971875 0.857812 0.968750 0.857812 0.967187 0.859375 0.965625 0.859375 0.962500 0.857812 0.960938 0.853125 0.960938 0.850000 0.957812 0.850000 0.954688 0.853125 0.951562 0.857812 0.951562 0.857812 0.946875 0.856250 0.945312 0.851562 0.945312 0.848437 0.942187 0.848437 0.940625 0.850000 0.939063 0.850000 0.937500 0.851562 0.935937 0.856250 0.935937 0.857812 0.934375 0.857812 0.929688 0.851562 0.929688 0.848437 0.926562 0.850000 0.925000 0.850000 0.920312 0.851562 0.918750 0.851562 0.915625 0.850000 0.914062 0.848437 0.914062 0.846875 0.915625 0.846875 0.917188 0.845313 0.918750 0.840625 0.914062 0.835938 0.914062 0.832812 0.910937 0.832812 0.909375 0.834375 0.907813 0.834375 0.904687 0.837500 0.901563 0.839063 0.901563 0.840625 0.903125 0.840625 0.900000 0.837500 0.900000 0.832812 0.895312 0.832812 0.892188 0.834375 0.890625 0.834375 0.889062 0.835938 0.887500 0.840625 0.887500 0.840625 0.884375 0.837500 0.884375 0.835938 0.882812 0.834375 0.882812 0.832812 0.881250 0.832812 0.882812 0.831250 0.884375 0.831250 0.893750 0.832812 0.895312 0.832812 0.896875 0.831250 0.898438 0.831250 0.904687 0.829688 0.906250 0.831250 0.907813 0.831250 0.909375 0.832812 0.910937 0.829688 0.914062 0.826562 0.914062 0.825000 0.912500 0.820312 0.912500 0.818750 0.910937 0.820312 0.909375 0.820312 0.904687 0.821875 0.903125 0.826562 0.903125 0.826562 0.900000 0.821875 0.900000 0.818750 0.896875 0.818750 0.889062 0.820312 0.887500 0.826562 0.887500 0.826562 0.884375 0.820312 0.884375 0.818750 0.882812 0.817187 0.882812 0.815625 0.884375 0.815625 0.893750 0.817187 0.895312 0.815625 0.896875 0.815625 0.898438 0.814063 0.900000 0.814063 0.906250 0.815625 0.907813 0.815625 0.909375 0.817187 0.910937 0.814063 0.914062 0.809375 0.914062 0.809375 0.917188 0.810937 0.918750 0.814063 0.918750 0.817187 0.921875 0.817187 0.923438 0.821875 0.918750 0.825000 0.918750 0.829688 0.923438 0.829688 0.926562 0.826562 0.929688 0.817187 0.929688 0.815625 0.931250 0.815625 0.932813 0.820312 0.932813 0.826562 0.939063 0.826562 0.942187 0.825000 0.943750 0.825000 0.945312 0.823438 0.946875 0.829688 0.953125 0.829688 0.954688 0.831250 0.956250 0.831250 0.959375 0.828125 0.962500 0.825000 0.962500 0.823438 0.960938 0.821875 0.960938 0.818750 0.957812 0.818750 0.951562 0.817187 0.950000 0.817187 0.946875 0.815625 0.946875 0.814063 0.945312 0.812500 0.945312 0.810937 0.943750 0.809375 0.943750 0.806250 0.940625 0.806250 0.932813 0.801562 0.928125 0.800000 0.928125 0.798438 0.926562 0.798438 0.923438 0.800000 0.921875 0.800000 0.918750 0.801562 0.917188 0.801562 0.915625 0.800000 0.914062 0.792188 0.914062 0.790625 0.912500 0.789062 0.912500 0.787500 0.910937 0.787500 0.907813 0.792188 0.903125 0.792188 0.900000 0.790625 0.898438 0.789062 0.898438 0.785937 0.895312 0.785937 0.893750 0.784375 0.892188 0.784375 0.885938 0.781250 0.882812 0.775000 0.882812 0.773438 0.881250 0.773438 0.876563 0.775000 0.875000 0.776563 0.875000 0.776563 0.873437 0.778125 0.871875 0.776563 0.870313 0.776563 0.868750 0.775000 0.867188 0.768750 0.867188 0.767188 0.868750 0.764062 0.865625 0.764062 0.864062 0.762500 0.862500 0.760938 0.864062 0.759375 0.864062 0.756250 0.860938 0.757812 0.859375 0.767188 0.859375 0.770312 0.856250 0.770312 0.854688 0.768750 0.853125 0.768750 0.851562 0.767188 0.850000 0.767188 0.848437 0.757812 0.848437 0.756250 0.846875
0 0.803125 0.200000 0.804688 0.201563 0.806250 0.201563 0.806250 0.200000
0 0.782813 0.189062 0.781250 0.190625 0.781250 0.193750 0.790625 0.193750 0.792188 0.192188 0.795312 0.192188 0.798438 0.195312 0.800000 0.195312 0.801562 0.193750 0.801562 0.190625 0.800000 0.190625 0.798438 0.189062 0.795312 0.192188 0.793750 0.192188 0.790625 0.189062
0 0.434375 0.150000 0.432812 0.151562 0.421875 0.151562 0.418750 0.154688 0.415625 0.154688 0.414062 0.156250 0.414062 0.157812 0.410938 0.160938 0.404687 0.160938 0.404687 0.167187 0.406250 0.168750 0.401562 0.173437 0.400000 0.173437 0.400000 0.175000 0.396875 0.178125 0.396875 0.179688 0.395313 0.181250 0.395313 0.184375 0.393750 0.185938 0.392188 0.185938 0.390625 0.187500 0.371875 0.187500 0.368750 0.184375 0.368750 0.182812 0.367188 0.181250 0.367188 0.179688 0.365625 0.178125 0.360938 0.178125 0.359375 0.176563 0.356250 0.176563 0.354687 0.175000 0.345313 0.175000 0.345313 0.176563 0.339062 0.182812 0.335938 0.182812 0.334375 0.184375 0.326562 0.184375 0.325000 0.185938 0.314063 0.185938 0.310937 0.182812 0.300000 0.182812 0.298438 0.184375 0.293750 0.184375 0.292187 0.185938 0.287500 0.185938 0.285938 0.187500 0.281250 0.187500 0.279687 0.189062 0.278125 0.189062 0.276562 0.190625 0.273438 0.190625 0.271875 0.192188 0.268750 0.192188 0.267188 0.193750 0.265625 0.193750 0.264062 0.195312 0.259375 0.195312 0.257812 0.196875 0.256250 0.196875 0.254688 0.198437 0.253125 0.198437 0.251563 0.200000 0.250000 0.200000 0.248438 0.201563 0.246875 0.201563 0.245312 0.203125 0.243750 0.203125 0.242188 0.204687 0.240625 0.204687 0.239063 0.206250 0.237500 0.206250 0.235937 0.207813 0.237500 0.209375 0.237500 0.210938 0.239063 0.212500 0.237500 0.214062 0.237500 0.218750 0.231250 0.225000 0.229687 0.225000 0.228125 0.226562 0.226562 0.226562 0.220312 0.232813 0.217188 0.232813 0.215625 0.234375 0.214062 0.234375 0.212500 0.235937 0.210938 0.235937 0.209375 0.237500 0.207813 0.237500 0.206250 0.239063 0.204687 0.239063 0.203125 0.240625 0.184375 0.240625 0.182812 0.242188 0.145313 0.242188 0.143750 0.243750 0.140625 0.243750 0.139063 0.242188 0.137500 0.242188 0.135937 0.243750 0.129688 0.243750 0.128125 0.245312 0.125000 0.245312 0.123438 0.246875 0.121875 0.246875 0.120313 0.248438 0.118750 0.248438 0.117188 0.250000 0.110937 0.250000 0.109375 0.251563 0.107813 0.251563 0.106250 0.253125 0.103125 0.253125 0.101562 0.254688 0.100000 0.254688 0.098437 0.256250 0.096875 0.256250 0.095312 0.257812 0.093750 0.257812 0.092188 0.259375 0.087500 0.259375 0.085938 0.260937 0.084375 0.260937 0.082812 0.262500 0.081250 0.262500 0.079687 0.264062 0.078125 0.264062 0.076563 0.265625 0.070312 0.265625 0.068750 0.267188 0.062500 0.267188 0.059375 0.270313 0.048438 0.270313 0.046875 0.271875 0.043750 0.271875 0.042188 0.273438 0.034375 0.273438 0.032813 0.275000 0.031250 0.275000 0.028125 0.278125 0.026562 0.278125 0.025000 0.279687 0.020313 0.279687 0.018750 0.281250 0.015625 0.281250 0.014063 0.282813 0.009375 0.282813 0.006250 0.285938 0.004687 0.285938 0.001563 0.289062 0.000000 0.289062 0.000000 0.784375 0.001563 0.785937 0.001563 0.790625 0.000000 0.792188 0.000000 0.795312 0.001563 0.796875 0.001563 0.800000 0.003125 0.801562 0.003125 0.804688 0.001563 0.806250 0.001563 0.810937 0.000000 0.812500 0.000000 0.814063 0.003125 0.817187 0.003125 0.823438 0.001563 0.825000 0.001563 0.826562 0.003125 0.828125 0.003125 0.839063 0.001563 0.840625 0.001563 0.845313 0.003125 0.846875 0.003125 0.850000 0.001563 0.851562 0.001563 0.853125 0.000000 0.854688 0.000000 0.868750 0.003125 0.871875 0.003125 0.875000 0.001563 0.876563 0.001563 0.879687 0.003125 0.881250 0.003125 0.906250 0.001563 0.907813 0.001563 0.909375 0.004687 0.912500 0.004687 0.914062 0.006250 0.915625 0.006250 0.918750 0.003125 0.921875 0.003125 0.925000 0.004687 0.926562 0.003125 0.928125 0.003125 0.931250 0.000000 0.934375 0.003125 0.937500 0.003125 0.998437 0.376563 0.998437 0.376563 0.987500 0.378125 0.985938 0.378125 0.968750 0.379688 0.967187 0.379688 0.953125 0.381250 0.951562 0.381250 0.920312 0.382812 0.918750 0.382812 0.914062 0.381250 0.912500 0.381250 0.907813 0.382812 0.906250 0.382812 0.904687 0.384375 0.903125 0.384375 0.895312 0.382812 0.893750 0.382812 0.892188 0.384375 0.890625 0.384375 0.875000 0.385937 0.873437 0.385937 0.868750 0.384375 0.867188 0.384375 0.865625 0.382812 0.864062 0.382812 0.862500 0.381250 0.860938 0.384375 0.857812 0.384375 0.856250 0.385937 0.854688 0.385937 0.853125 0.387500 0.851562 0.387500 0.843750 0.389062 0.842187 0.389062 0.831250 0.393750 0.826562 0.400000 0.826562 0.401562 0.825000 0.412500 0.825000 0.414062 0.823438 0.434375 0.823438 0.435937 0.821875 0.453125 0.821875 0.454688 0.820312 0.470313 0.820312 0.471875 0.818750 0.493750 0.818750 0.495312 0.817187 0.500000 0.817187 0.501563 0.818750 0.521875 0.818750 0.523438 0.817187 0.554688 0.817187 0.556250 0.815625 0.571875 0.815625 0.573438 0.814063 0.575000 0.814063 0.576562 0.815625 0.584375 0.815625 0.585938 0.814063 0.601562 0.814063 0.603125 0.812500 0.651563 0.812500 0.653125 0.810937 0.664062 0.810937 0.665625 0.809375 0.679688 0.809375 0.681250 0.807813 0.698438 0.807813 0.700000 0.806250 0.707812 0.806250 0.709375 0.807813 0.710938 0.806250 0.714063 0.806250 0.715625 0.804688 0.723437 0.804688 0.726562 0.807813 0.726562 0.809375 0.732812 0.815625 0.732812 0.820312 0.734375 0.821875 0.734375 0.825000 0.735938 0.826562 0.735938 0.828125 0.737500 0.828125 0.739062 0.829688 0.739062 0.834375 0.740625 0.835938 0.740625 0.837500 0.742188 0.839063 0.746875 0.839063 0.748437 0.840625 0.750000 0.840625 0.751563 0.842187 0.753125 0.842187 0.754687 0.843750 0.756250 0.842187 0.757812 0.842187 0.759375 0.840625 0.768750 0.840625 0.770312 0.839063 0.782813 0.839063 0.784375 0.840625 0.782813 0.842187 0.782813 0.843750 0.781250 0.845313 0.782813 0.846875 0.782813 0.850000 0.784375 0.851562 0.784375 0.856250 0.785937 0.857812 0.785937 0.859375 0.790625 0.854688 0.792188 0.856250 0.796875 0.856250 0.798438 0.857812 0.798438 0.859375 0.800000 0.860938 0.800000 0.862500 0.801562 0.864062 0.801562 0.865625 0.800000 0.867188 0.800000 0.873437 0.801562 0.875000 0.804688 0.871875 0.810937 0.871875 0.810937 0.868750 0.809375 0.867188 0.806250 0.867188 0.803125 0.864062 0.803125 0.859375 0.806250 0.856250 0.814063 0.856250 0.815625 0.857812 0.815625 0.875000 0.817187 0.876563 0.817187 0.875000 0.820312 0.871875 0.820312 0.870313 0.818750 0.868750 0.818750 0.864062 0.817187 0.862500 0.817187 0.860938 0.818750 0.859375 0.818750 0.857812 0.820312 0.856250 0.826562 0.856250 0.826562 0.853125 0.825000 0.851562 0.823438 0.853125 0.821875 0.853125 0.818750 0.850000 0.818750 0.848437 0.817187 0.846875 0.814063 0.846875 0.814063 0.848437 0.810937 0.851562 0.806250 0.851562 0.801562 0.846875 0.801562 0.845313 0.800000 0.845313 0.796875 0.848437 0.795312 0.848437 0.793750 0.850000 0.792188 0.848437 0.790625 0.848437 0.789062 0.846875 0.789062 0.843750 0.787500 0.842187 0.790625 0.839063 0.793750 0.839063 0.795312 0.837500 0.796875 0.837500 0.798438 0.835938 0.800000 0.835938 0.801562 0.837500 0.803125 0.837500 0.804688 0.835938 0.839063 0.835938 0.840625 0.834375 0.853125 0.834375 0.854688 0.832812 0.857812 0.832812 0.859375 0.834375 0.882812 0.834375 0.884375 0.835938 0.885938 0.834375 0.887500 0.834375 0.890625 0.837500 0.887500 0.840625 0.885938 0.839063 0.882812 0.839063 0.882812 0.842187 0.884375 0.843750 0.887500 0.843750 0.887500 0.842187 0.889062 0.840625 0.892188 0.840625 0.893750 0.839063 0.896875 0.839063 0.898438 0.840625 0.903125 0.840625 0.904687 0.842187 0.917188 0.842187 0.918750 0.840625 0.920312 0.842187 0.925000 0.842187 0.926562 0.843750 0.928125 0.842187 0.931250 0.842187 0.932813 0.840625 0.935937 0.840625 0.937500 0.842187 0.950000 0.842187 0.951562 0.840625 0.950000 0.839063 0.948438 0.839063 0.946875 0.837500 0.946875 0.832812 0.950000 0.829688 0.951562 0.829688 0.953125 0.831250 0.962500 0.831250 0.965625 0.828125 0.967187 0.829688 0.968750 0.829688 0.970313 0.831250 0.971875 0.829688 0.979688 0.829688 0.981250 0.828125 0.982812 0.829688 0.984375 0.829688 0.985938 0.831250 0.987500 0.829688 0.993750 0.829688 0.996875 0.826562 0.998437 0.826562 0.998437 0.785937 0.996875 0.785937 0.995313 0.784375 0.995313 0.778125 0.993750 0.776563 0.993750 0.771875 0.995313 0.770312 0.998437 0.770312 0.998437 0.756250 0.995313 0.753125 0.995313 0.750000 0.996875 0.748437 0.998437 0.748437 0.998437 0.745313 0.996875 0.743750 0.998437 0.742188 0.998437 0.737500 0.996875 0.737500 0.995313 0.735938 0.996875 0.734375 0.998437 0.734375 0.998437 0.721875 0.996875 0.720313 0.998437 0.718750 0.998437 0.693750 0.996875 0.692187 0.993750 0.692187 0.990625 0.689063 0.990625 0.685937 0.993750 0.682813 0.998437 0.682813 0.998437 0.676562 0.996875 0.676562 0.995313 0.675000 0.995313 0.671875 0.996875 0.670312 0.998437 0.670312 0.998437 0.643750 0.996875 0.643750 0.995313 0.642188 0.996875 0.640625 0.998437 0.640625 0.998437 0.628125 0.996875 0.628125 0.993750 0.625000 0.993750 0.621875 0.992188 0.620313 0.992188 0.615625 0.993750 0.614062 0.992188 0.615625 0.987500 0.615625 0.985938 0.614062 0.982812 0.614062 0.978125 0.609375 0.976562 0.610938 0.967187 0.610938 0.965625 0.609375 0.920312 0.609375 0.917188 0.606250 0.915625 0.606250 0.910937 0.601562 0.909375 0.601562 0.893750 0.585938 0.892188 0.585938 0.890625 0.584375 0.889062 0.584375 0.885938 0.581250 0.885938 0.579688 0.884375 0.578125 0.884375 0.576562 0.862500 0.554688 0.860938 0.554688 0.857812 0.551562 0.857812 0.550000 0.854688 0.546875 0.853125 0.546875 0.837500 0.531250 0.835938 0.531250 0.832812 0.528125 0.832812 0.526563 0.831250 0.525000 0.829688 0.525000 0.826562 0.521875 0.826562 0.520312 0.825000 0.518750 0.823438 0.518750 0.817187 0.512500 0.817187 0.510938 0.815625 0.509375 0.814063 0.509375 0.810937 0.506250 0.810937 0.504687 0.809375 0.503125 0.807813 0.503125 0.798438 0.493750 0.796875 0.493750 0.792188 0.489063 0.792188 0.487500 0.789062 0.484375 0.787500 0.484375 0.785937 0.482812 0.785937 0.481250 0.784375 0.481250 0.782813 0.479687 0.782813 0.478125 0.781250 0.478125 0.778125 0.475000 0.776563 0.475000 0.768750 0.467187 0.767188 0.467187 0.765625 0.465625 0.765625 0.464062 0.754687 0.453125 0.753125 0.453125 0.751563 0.451562 0.751563 0.450000 0.748437 0.446875 0.748437 0.445312 0.745313 0.442188 0.745313 0.440625 0.743750 0.439063 0.745313 0.437500 0.746875 0.437500 0.748437 0.435937 0.748437 0.434375 0.750000 0.432812 0.750000 0.431250 0.751563 0.429688 0.751563 0.428125 0.753125 0.426563 0.753125 0.425000 0.759375 0.418750 0.760938 0.418750 0.762500 0.417187 0.764062 0.418750 0.770312 0.418750 0.771875 0.417187 0.775000 0.417187 0.776563 0.415625 0.779687 0.415625 0.782813 0.418750 0.784375 0.418750 0.785937 0.417187 0.793750 0.417187 0.795312 0.418750 0.796875 0.418750 0.798438 0.420312 0.800000 0.418750 0.807813 0.418750 0.809375 0.417187 0.812500 0.420312 0.820312 0.420312 0.821875 0.418750 0.828125 0.418750 0.829688 0.420312 0.831250 0.420312 0.832812 0.418750 0.834375 0.418750 0.835938 0.420312 0.837500 0.420312 0.839063 0.418750 0.865625 0.418750 0.867188 0.420312 0.870313 0.420312 0.871875 0.418750 0.875000 0.421875 0.885938 0.421875 0.887500 0.420312 0.889062 0.421875 0.896875 0.421875 0.898438 0.423438 0.903125 0.423438 0.904687 0.421875 0.928125 0.421875 0.929688 0.423438 0.932813 0.423438 0.934375 0.421875 0.935937 0.423438 0.939063 0.423438 0.940625 0.421875 0.948438 0.421875 0.950000 0.420312 0.954688 0.420312 0.956250 0.418750 0.959375 0.418750 0.959375 0.415625 0.957812 0.414062 0.956250 0.414062 0.954688 0.412500 0.950000 0.412500 0.945312 0.407813 0.943750 0.407813 0.942187 0.406250 0.940625 0.406250 0.939063 0.404687 0.937500 0.404687 0.935937 0.403125 0.934375 0.403125 0.932813 0.401562 0.931250 0.401562 0.928125 0.398438 0.926562 0.398438 0.925000 0.396875 0.921875 0.396875 0.920312 0.395313 0.918750 0.395313 0.917188 0.393750 0.915625 0.393750 0.912500 0.390625 0.910937 0.390625 0.909375 0.389062 0.907813 0.389062 0.906250 0.387500 0.904687 0.387500 0.901563 0.384375 0.900000 0.384375 0.896875 0.381250 0.895312 0.381250 0.893750 0.379688 0.892188 0.379688 0.890625 0.378125 0.889062 0.378125 0.885938 0.375000 0.884375 0.375000 0.879687 0.370312 0.879687 0.368750 0.876563 0.368750 0.873437 0.365625 0.871875 0.365625 0.864062 0.357812 0.862500 0.359375 0.856250 0.359375 0.854688 0.357812 0.851562 0.357812 0.850000 0.356250 0.846875 0.356250 0.845313 0.354687 0.840625 0.354687 0.839063 0.353125 0.828125 0.353125 0.825000 0.356250 0.823438 0.354687 0.820312 0.354687 0.818750 0.353125 0.815625 0.353125 0.814063 0.351562 0.812500 0.353125 0.812500 0.354687 0.810937 0.356250 0.810937 0.360938 0.809375 0.362500 0.807813 0.362500 0.806250 0.360938 0.804688 0.362500 0.803125 0.362500 0.801562 0.364063 0.798438 0.360938 0.796875 0.362500 0.793750 0.362500 0.792188 0.360938 0.789062 0.360938 0.789062 0.362500 0.787500 0.364063 0.785937 0.364063 0.784375 0.365625 0.782813 0.365625 0.782813 0.367188 0.781250 0.368750 0.781250 0.370312 0.779687 0.371875 0.779687 0.387500 0.778125 0.389062 0.776563 0.389062 0.775000 0.387500 0.775000 0.389062 0.773438 0.390625 0.773438 0.392188 0.767188 0.398438 0.765625 0.398438 0.764062 0.400000 0.760938 0.400000 0.759375 0.398438 0.754687 0.398438 0.748437 0.392188 0.748437 0.382812 0.743750 0.378125 0.740625 0.381250 0.739062 0.381250 0.737500 0.382812 0.734375 0.382812 0.732812 0.384375 0.729688 0.384375 0.728125 0.385937 0.726562 0.385937 0.725000 0.387500 0.718750 0.387500 0.717187 0.389062 0.715625 0.389062 0.714063 0.387500 0.710938 0.387500 0.707812 0.384375 0.706250 0.384375 0.704688 0.382812 0.701562 0.382812 0.700000 0.381250 0.698438 0.381250 0.696875 0.379688 0.696875 0.376563 0.695312 0.375000 0.695312 0.373437 0.693750 0.371875 0.693750 0.365625 0.692187 0.364063 0.692187 0.362500 0.690625 0.362500 0.689063 0.364063 0.685937 0.364063 0.684375 0.365625 0.681250 0.365625 0.679688 0.364063 0.676562 0.364063 0.670312 0.357812 0.670312 0.350000 0.668750 0.348438 0.668750 0.337500 0.667188 0.335938 0.667188 0.334375 0.664062 0.331250 0.662500 0.331250 0.660937 0.329688 0.657813 0.329688 0.656250 0.328125 0.650000 0.328125 0.648438 0.326562 0.637500 0.326562 0.635938 0.325000 0.623437 0.325000 0.621875 0.323437 0.620313 0.325000 0.618750 0.325000 0.617188 0.326562 0.614062 0.326562 0.612500 0.328125 0.607812 0.328125 0.606250 0.326562 0.604688 0.328125 0.603125 0.328125 0.601562 0.326562 0.600000 0.326562 0.598437 0.325000 0.593750 0.325000 0.590625 0.321875 0.578125 0.321875 0.575000 0.325000 0.573438 0.325000 0.570312 0.328125 0.570312 0.331250 0.568750 0.332813 0.568750 0.334375 0.567187 0.335938 0.567187 0.337500 0.565625 0.339062 0.565625 0.340625 0.564063 0.342187 0.562500 0.342187 0.562500 0.343750 0.560937 0.345313 0.560937 0.346875 0.559375 0.348438 0.557813 0.348438 0.556250 0.350000 0.553125 0.350000 0.551562 0.351562 0.542188 0.351562 0.540625 0.350000 0.539062 0.350000 0.535937 0.346875 0.535937 0.345313 0.531250 0.340625 0.531250 0.339062 0.529687 0.337500 0.529687 0.329688 0.528125 0.328125 0.528125 0.312500 0.529687 0.310937 0.529687 0.304688 0.531250 0.303125 0.531250 0.298438 0.532813 0.296875 0.532813 0.292187 0.537500 0.287500 0.537500 0.285938 0.539062 0.284375 0.539062 0.282813 0.542188 0.279687 0.542188 0.276562 0.543750 0.275000 0.543750 0.273438 0.546875 0.270313 0.546875 0.267188 0.550000 0.264062 0.551562 0.264062 0.556250 0.259375 0.556250 0.257812 0.559375 0.254688 0.559375 0.251563 0.560937 0.250000 0.560937 0.240625 0.559375 0.239063 0.543750 0.239063 0.542188 0.237500 0.540625 0.237500 0.532813 0.229687 0.532813 0.226562 0.531250 0.225000 0.531250 0.221875 0.529687 0.220312 0.529687 0.215625 0.528125 0.215625 0.526563 0.214062 0.520312 0.214062 0.518750 0.212500 0.517188 0.212500 0.514062 0.209375 0.512500 0.209375 0.510938 0.207813 0.510938 0.206250 0.507812 0.203125 0.509375 0.201563 0.509375 0.200000 0.507812 0.198437 0.507812 0.195312 0.510938 0.192188 0.514062 0.192188 0.515625 0.193750 0.525000 0.193750 0.526563 0.192188 0.529687 0.192188 0.523438 0.185938 0.523438 0.184375 0.521875 0.182812 0.520312 0.182812 0.518750 0.181250 0.517188 0.181250 0.515625 0.179688 0.514062 0.179688 0.512500 0.178125 0.507812 0.178125 0.506250 0.176563 0.498437 0.176563 0.496875 0.178125 0.495312 0.178125 0.493750 0.179688 0.492188 0.178125 0.487500 0.178125 0.485938 0.176563 0.460938 0.176563 0.459375 0.175000 0.457813 0.175000 0.456250 0.173437 0.454688 0.173437 0.453125 0.171875 0.451562 0.171875 0.450000 0.170313 0.450000 0.165625 0.451562 0.164062 0.451562 0.156250 0.450000 0.154688 0.450000 0.151562 0.437500 0.151562 0.435937 0.150000