0 0.137500 0.992188 0.135937 0.993750 0.135937 0.995313 0.137500 0.995313 0.139063 0.993750
0 0.109375 0.989062 0.109375 0.990625 0.107813 0.992188 0.106250 0.992188 0.106250 0.993750 0.107813 0.993750 0.107813 0.992188 0.109375 0.990625 0.112500 0.990625 0.114062 0.992188 0.114062 0.993750 0.114062 0.992188 0.112500 0.990625 0.112500 0.989062
0 0.126562 0.987500 0.125000 0.989062 0.125000 0.990625 0.123438 0.992188 0.121875 0.992188 0.121875 0.995313 0.123438 0.993750 0.123438 0.992188 0.125000 0.990625 0.128125 0.990625 0.129688 0.992188 0.128125 0.990625 0.128125 0.989062
0 0.145313 0.979688 0.143750 0.981250 0.132812 0.981250 0.140625 0.981250 0.142187 0.982812 0.145313 0.982812 0.146875 0.981250 0.151562 0.981250 0.146875 0.981250
0 0.879687 0.882812 0.878125 0.884375 0.878125 0.889062 0.879687 0.889062 0.881250 0.887500 0.881250 0.884375
0 0.989062 0.867188 0.987500 0.868750 0.985938 0.868750 0.985938 0.871875 0.990625 0.871875 0.990625 0.868750
0 0.879687 0.834375 0.879687 0.837500 0.878125 0.839063 0.878125 0.840625 0.887500 0.840625 0.887500 0.839063 0.885938 0.840625 0.882812 0.840625 0.879687 0.837500
0 0.985938 0.820312 0.985938 0.825000 0.989062 0.825000 0.989062 0.820312
0 0.985938 0.807813 0.985938 0.810937 0.987500 0.809375 0.992188 0.809375 0.987500 0.809375
0 0.985938 0.756250 0.985938 0.757812 0.984375 0.759375 0.984375 0.760938 0.985938 0.762500 0.987500 0.762500 0.989062 0.764062 0.990625 0.762500 0.990625 0.760938 0.992188 0.759375 0.989062 0.756250
0 0.987500 0.739062 0.985938 0.740625 0.985938 0.746875 0.990625 0.746875 0.990625 0.745313 0.992188 0.743750 0.990625 0.742188 0.990625 0.740625 0.989062 0.739062
0 0.992188 0.584375 0.992188 0.587500 0.993750 0.589063 0.993750 0.590625 0.996875 0.590625 0.998437 0.592187 0.998437 0.587500 0.996875 0.587500 0.995313 0.585938 0.995313 0.584375
0 0.968750 0.567187 0.967187 0.568750 0.965625 0.568750 0.964063 0.570312 0.965625 0.571875 0.965625 0.573438 0.967187 0.573438 0.968750 0.571875 0.971875 0.571875 0.973437 0.570312 0.976562 0.573438 0.976562 0.575000 0.978125 0.576562 0.984375 0.576562 0.984375 0.573438 0.982812 0.571875 0.982812 0.570312 0.981250 0.570312 0.978125 0.567187
0 0.948438 0.557813 0.946875 0.559375 0.950000 0.559375 0.950000 0.557813
0 0.856250 0.506250 0.854688 0.507812 0.857812 0.510938 0.860938 0.510938 0.862500 0.509375 0.859375 0.509375
0 0.828125 0.493750 0.829688 0.493750 0.831250 0.495312 0.832812 0.495312 0.832812 0.493750
0 0.806250 0.479687 0.806250 0.482812 0.807813 0.482812 0.809375 0.484375 0.810937 0.482812 0.810937 0.481250 0.807813 0.481250
0 0.757812 0.457813 0.759375 0.457813 0.760938 0.459375 0.762500 0.459375 0.764062 0.457813
0 0.885938 0.407813 0.884375 0.409375 0.884375 0.415625 0.887500 0.418750 0.889062 0.417187 0.889062 0.415625 0.890625 0.414062 0.890625 0.410938 0.889062 0.409375 0.889062 0.407813
0 0.018750 0.407813 0.017188 0.409375 0.012500 0.409375 0.010937 0.410938 0.010937 0.412500 0.009375 0.414062 0.003125 0.414062 0.001563 0.415625 0.000000 0.415625 0.000000 0.420312 0.001563 0.420312 0.003125 0.421875 0.006250 0.421875 0.009375 0.418750 0.010937 0.418750 0.012500 0.420312 0.014063 0.418750 0.014063 0.415625 0.017188 0.412500 0.020313 0.412500 0.021875 0.410938 0.021875 0.407813
0 0.940625 0.406250 0.939063 0.407813 0.939063 0.409375 0.937500 0.410938 0.937500 0.412500 0.939063 0.414062 0.948438 0.414062 0.950000 0.415625 0.951562 0.415625 0.954688 0.418750 0.954688 0.420312 0.951562 0.423438 0.948438 0.423438 0.946875 0.421875 0.940625 0.421875 0.939063 0.423438 0.931250 0.423438 0.929688 0.421875 0.926562 0.421875 0.925000 0.423438 0.923438 0.423438 0.921875 0.425000 0.921875 0.426563 0.918750 0.429688 0.917188 0.428125 0.917188 0.425000 0.915625 0.425000 0.914062 0.423438 0.910937 0.423438 0.909375 0.425000 0.907813 0.425000 0.906250 0.426563 0.906250 0.434375 0.920312 0.434375 0.921875 0.435937 0.925000 0.435937 0.925000 0.434375 0.926562 0.432812 0.928125 0.432812 0.929688 0.431250 0.934375 0.431250 0.939063 0.435937 0.939063 0.439063 0.937500 0.440625 0.937500 0.442188 0.935937 0.443750 0.935937 0.453125 0.934375 0.454688 0.932813 0.453125 0.932813 0.451562 0.931250 0.450000 0.931250 0.446875 0.932813 0.445312 0.932813 0.442188 0.931250 0.440625 0.925000 0.440625 0.923438 0.442188 0.921875 0.442188 0.923438 0.443750 0.926562 0.443750 0.929688 0.446875 0.929688 0.448437 0.926562 0.451562 0.918750 0.451562 0.915625 0.448437 0.914062 0.448437 0.912500 0.446875 0.909375 0.446875 0.907813 0.445312 0.903125 0.450000 0.898438 0.445312 0.896875 0.445312 0.895312 0.443750 0.893750 0.443750 0.892188 0.442188 0.889062 0.442188 0.885938 0.439063 0.889062 0.435937 0.890625 0.435937 0.892188 0.434375 0.896875 0.434375 0.896875 0.429688 0.900000 0.426563 0.898438 0.426563 0.896875 0.428125 0.895312 0.428125 0.893750 0.429688 0.884375 0.429688 0.882812 0.431250 0.881250 0.431250 0.879687 0.432812 0.867188 0.432812 0.865625 0.431250 0.828125 0.431250 0.826562 0.429688 0.825000 0.429688 0.823438 0.431250 0.779687 0.431250 0.778125 0.432812 0.776563 0.432812 0.775000 0.431250 0.771875 0.431250 0.770312 0.429688 0.764062 0.429688 0.762500 0.431250 0.760938 0.431250 0.759375 0.429688 0.757812 0.431250 0.751563 0.431250 0.750000 0.432812 0.748437 0.432812 0.748437 0.434375 0.746875 0.435937 0.746875 0.439063 0.751563 0.439063 0.760938 0.448437 0.765625 0.448437 0.767188 0.446875 0.768750 0.446875 0.770312 0.445312 0.771875 0.446875 0.773438 0.446875 0.776563 0.450000 0.778125 0.450000 0.787500 0.459375 0.789062 0.459375 0.790625 0.460938 0.795312 0.460938 0.796875 0.462500 0.796875 0.464062 0.798438 0.465625 0.798438 0.467187 0.810937 0.467187 0.812500 0.468750 0.812500 0.471875 0.810937 0.473438 0.803125 0.473438 0.803125 0.475000 0.804688 0.475000 0.806250 0.476562 0.807813 0.475000 0.810937 0.475000 0.812500 0.473438 0.814063 0.475000 0.818750 0.475000 0.820312 0.476562 0.825000 0.476562 0.826562 0.478125 0.828125 0.478125 0.829688 0.479687 0.831250 0.479687 0.832812 0.481250 0.834375 0.481250 0.837500 0.484375 0.837500 0.485938 0.840625 0.485938 0.842187 0.487500 0.842187 0.489063 0.843750 0.490625 0.848437 0.490625 0.850000 0.492188 0.851562 0.492188 0.853125 0.493750 0.856250 0.493750 0.859375 0.496875 0.862500 0.496875 0.864062 0.498437 0.865625 0.498437 0.871875 0.504687 0.873437 0.504687 0.875000 0.506250 0.881250 0.506250 0.885938 0.510938 0.889062 0.510938 0.892188 0.514062 0.895312 0.514062 0.896875 0.515625 0.896875 0.517188 0.898438 0.518750 0.898438 0.520312 0.900000 0.521875 0.907813 0.521875 0.910937 0.525000 0.912500 0.525000 0.915625 0.528125 0.917188 0.528125 0.918750 0.529687 0.920312 0.529687 0.923438 0.532813 0.926562 0.532813 0.928125 0.534375 0.928125 0.535937 0.929688 0.537500 0.932813 0.537500 0.934375 0.539062 0.939063 0.539062 0.940625 0.540625 0.942187 0.540625 0.946875 0.545312 0.948438 0.545312 0.950000 0.546875 0.951562 0.546875 0.954688 0.550000 0.956250 0.550000 0.959375 0.553125 0.960938 0.553125 0.962500 0.554688 0.968750 0.554688 0.970313 0.556250 0.973437 0.556250 0.978125 0.560937 0.981250 0.560937 0.985938 0.565625 0.989062 0.565625 0.990625 0.567187 0.990625 0.568750 0.992188 0.570312 0.993750 0.570312 0.995313 0.571875 0.998437 0.571875 0.998437 0.504687 0.995313 0.501563 0.998437 0.498437 0.998437 0.496875 0.996875 0.495312 0.995313 0.495312 0.993750 0.493750 0.992188 0.495312 0.984375 0.495312 0.982812 0.493750 0.979688 0.493750 0.976562 0.490625 0.975000 0.490625 0.973437 0.489063 0.973437 0.487500 0.971875 0.485938 0.971875 0.481250 0.975000 0.478125 0.978125 0.478125 0.976562 0.476562 0.975000 0.476562 0.971875 0.473438 0.965625 0.473438 0.962500 0.470313 0.962500 0.468750 0.959375 0.465625 0.959375 0.460938 0.957812 0.459375 0.957812 0.457813 0.953125 0.457813 0.951562 0.456250 0.948438 0.456250 0.945312 0.453125 0.945312 0.451562 0.946875 0.450000 0.946875 0.448437 0.948438 0.446875 0.953125 0.446875 0.950000 0.446875 0.946875 0.443750 0.946875 0.442188 0.943750 0.439063 0.943750 0.437500 0.942187 0.435937 0.942187 0.434375 0.943750 0.432812 0.945312 0.432812 0.946875 0.431250 0.953125 0.431250 0.954688 0.432812 0.956250 0.431250 0.959375 0.431250 0.960938 0.429688 0.965625 0.429688 0.968750 0.426563 0.970313 0.426563 0.968750 0.426563 0.967187 0.425000 0.967187 0.423438 0.965625 0.421875 0.957812 0.421875 0.954688 0.418750 0.956250 0.417187 0.957812 0.417187 0.960938 0.414062 0.962500 0.414062 0.964063 0.415625 0.965625 0.415625 0.967187 0.414062 0.967187 0.410938 0.965625 0.409375 0.965625 0.407813 0.964063 0.406250 0.957812 0.406250 0.956250 0.407813 0.951562 0.407813 0.950000 0.406250
0 0.910937 0.406250 0.907813 0.409375 0.906250 0.407813 0.895312 0.407813 0.895312 0.409375 0.893750 0.410938 0.895312 0.412500 0.895312 0.415625 0.895312 0.414062 0.896875 0.412500 0.900000 0.412500 0.903125 0.409375 0.906250 0.412500 0.906250 0.414062 0.907813 0.415625 0.909375 0.414062 0.915625 0.414062 0.917188 0.415625 0.920312 0.415625 0.915625 0.410938 0.917188 0.409375 0.917188 0.407813 0.914062 0.407813 0.912500 0.406250
0 0.898438 0.392188 0.896875 0.393750 0.896875 0.395313 0.898438 0.396875 0.900000 0.396875 0.901563 0.395313 0.901563 0.392188
0 0.881250 0.392188 0.881250 0.395313 0.887500 0.395313 0.884375 0.392188
0 0.946875 0.390625 0.945312 0.392188 0.942187 0.392188 0.939063 0.395313 0.939063 0.396875 0.948438 0.396875 0.950000 0.395313 0.951562 0.395313 0.953125 0.396875 0.954688 0.396875 0.956250 0.398438 0.959375 0.398438 0.960938 0.396875 0.965625 0.396875 0.967187 0.395313 0.978125 0.395313 0.968750 0.395313 0.965625 0.392188 0.964063 0.392188 0.962500 0.390625 0.960938 0.390625 0.959375 0.392188 0.951562 0.392188 0.950000 0.390625
0 0.914062 0.390625 0.912500 0.392188 0.906250 0.392188 0.906250 0.396875 0.907813 0.398438 0.914062 0.398438 0.915625 0.396875 0.926562 0.396875 0.928125 0.395313 0.931250 0.395313 0.929688 0.393750 0.929688 0.392188 0.928125 0.392188 0.926562 0.390625 0.925000 0.390625 0.923438 0.392188 0.917188 0.392188 0.915625 0.390625
0 0.848437 0.390625 0.848437 0.392188 0.851562 0.395313 0.860938 0.395313 0.864062 0.398438 0.865625 0.398438 0.867188 0.396875 0.868750 0.396875 0.873437 0.392188 0.867188 0.392188 0.865625 0.390625 0.864062 0.390625 0.862500 0.392188 0.862500 0.393750 0.860938 0.395313 0.859375 0.395313 0.857812 0.393750 0.857812 0.392188 0.856250 0.390625
0 0.864062 0.375000 0.859375 0.379688 0.859375 0.381250 0.862500 0.384375 0.864062 0.384375 0.864062 0.382812 0.865625 0.381250 0.867188 0.381250 0.868750 0.379688 0.870313 0.379688 0.873437 0.376563 0.867188 0.376563 0.865625 0.375000
0 0.831250 0.375000 0.831250 0.376563 0.829688 0.378125 0.828125 0.376563 0.817187 0.376563 0.817187 0.378125 0.820312 0.381250 0.821875 0.381250 0.825000 0.378125 0.826562 0.378125 0.828125 0.379688 0.828125 0.382812 0.829688 0.384375 0.834375 0.384375 0.837500 0.381250 0.839063 0.381250 0.840625 0.379688 0.843750 0.382812 0.843750 0.384375 0.850000 0.384375 0.853125 0.381250 0.854688 0.381250 0.854688 0.378125 0.853125 0.376563 0.851562 0.376563 0.850000 0.375000 0.846875 0.375000 0.845313 0.376563 0.837500 0.376563 0.835938 0.375000
0 0.864062 0.362500 0.862500 0.364063 0.860938 0.364063 0.860938 0.368750 0.862500 0.368750 0.864062 0.367188 0.864062 0.365625 0.865625 0.364063
0 0.945312 0.360938 0.943750 0.362500 0.942187 0.362500 0.940625 0.364063 0.939063 0.364063 0.939063 0.365625 0.943750 0.365625 0.945312 0.367188 0.946875 0.367188 0.948438 0.365625 0.948438 0.362500 0.946875 0.360938
0 0.848437 0.360938 0.848437 0.367188 0.850000 0.365625 0.851562 0.365625 0.853125 0.364063 0.851562 0.364063
0 0.832812 0.360938 0.832812 0.362500 0.831250 0.364063 0.831250 0.367188 0.834375 0.367188 0.835938 0.365625 0.837500 0.365625 0.839063 0.364063 0.839063 0.362500 0.837500 0.360938
0 0.821875 0.360938 0.820312 0.362500 0.820312 0.365625 0.823438 0.365625 0.823438 0.360938
0 0.960938 0.359375 0.959375 0.360938 0.957812 0.360938 0.956250 0.362500 0.953125 0.362500 0.951562 0.364063 0.951562 0.365625 0.953125 0.367188 0.953125 0.368750 0.954688 0.370312 0.954688 0.371875 0.964063 0.371875 0.964063 0.368750 0.967187 0.365625 0.971875 0.365625 0.973437 0.364063 0.978125 0.364063 0.967187 0.364063 0.962500 0.359375
0 0.734375 0.331250 0.734375 0.334375 0.735938 0.335938 0.737500 0.335938 0.739062 0.334375 0.740625 0.334375 0.740625 0.332813 0.739062 0.331250
0 0.642188 0.331250 0.640625 0.332813 0.639062 0.332813 0.642188 0.335938 0.646875 0.335938 0.648438 0.334375 0.650000 0.334375 0.651563 0.332813 0.650000 0.331250
0 0.959375 0.329688 0.957812 0.331250 0.956250 0.331250 0.954688 0.332813 0.954688 0.334375 0.956250 0.334375 0.957812 0.335938 0.960938 0.335938 0.962500 0.334375 0.964063 0.334375 0.965625 0.332813 0.965625 0.331250 0.964063 0.329688
0 0.942187 0.329688 0.942187 0.331250 0.940625 0.332813 0.946875 0.332813 0.948438 0.331250 0.948438 0.329688
0 0.864062 0.329688 0.860938 0.332813 0.860938 0.334375 0.862500 0.335938 0.864062 0.335938 0.867188 0.332813 0.868750 0.332813 0.865625 0.329688
0 0.848437 0.329688 0.848437 0.332813 0.851562 0.332813 0.850000 0.331250 0.850000 0.329688
0 0.832812 0.329688 0.832812 0.331250 0.834375 0.329688
0 0.629687 0.329688 0.628125 0.331250 0.626563 0.331250 0.625000 0.332813 0.626563 0.334375 0.634375 0.334375 0.635938 0.332813 0.632812 0.329688
0 0.615625 0.317188 0.617188 0.318750 0.618750 0.318750 0.618750 0.317188
0 0.609375 0.317188 0.610938 0.318750 0.612500 0.317188
0 0.835938 0.315625 0.834375 0.317188 0.832812 0.317188 0.837500 0.317188 0.837500 0.315625
0 0.676562 0.315625 0.675000 0.317188 0.679688 0.317188 0.678125 0.317188
0 0.593750 0.315625 0.593750 0.318750 0.595313 0.320312 0.598437 0.320312 0.600000 0.318750 0.604688 0.318750 0.606250 0.317188 0.603125 0.317188 0.601562 0.315625
0 0.862500 0.314063 0.859375 0.317188 0.859375 0.318750 0.860938 0.320312 0.865625 0.320312 0.867188 0.318750 0.871875 0.318750 0.873437 0.317188 0.870313 0.314063
0 0.707812 0.314063 0.704688 0.317188 0.704688 0.318750 0.707812 0.318750 0.709375 0.317188 0.710938 0.317188 0.709375 0.315625 0.709375 0.314063
0 0.564063 0.307812 0.559375 0.312500 0.557813 0.312500 0.556250 0.314063 0.554688 0.314063 0.553125 0.312500 0.551562 0.312500 0.546875 0.317188 0.545312 0.317188 0.546875 0.318750 0.546875 0.326562 0.545312 0.328125 0.545312 0.329688 0.548438 0.332813 0.550000 0.332813 0.551562 0.334375 0.554688 0.334375 0.556250 0.335938 0.557813 0.335938 0.559375 0.337500 0.560937 0.337500 0.564063 0.334375 0.570312 0.334375 0.571875 0.335938 0.575000 0.335938 0.576562 0.337500 0.576562 0.340625 0.575000 0.342187 0.573438 0.342187 0.570312 0.345313 0.571875 0.345313 0.573438 0.346875 0.576562 0.346875 0.579688 0.350000 0.582812 0.350000 0.584375 0.351562 0.585938 0.351562 0.587500 0.353125 0.590625 0.353125 0.592187 0.351562 0.593750 0.351562 0.595313 0.350000 0.604688 0.350000 0.604688 0.348438 0.606250 0.346875 0.606250 0.345313 0.604688 0.343750 0.603125 0.343750 0.600000 0.340625 0.600000 0.335938 0.603125 0.332813 0.601562 0.331250 0.601562 0.329688 0.598437 0.329688 0.595313 0.332813 0.595313 0.339062 0.592187 0.342187 0.587500 0.342187 0.585938 0.340625 0.585938 0.335938 0.589063 0.332813 0.589063 0.331250 0.582812 0.325000 0.582812 0.323437 0.579688 0.323437 0.578125 0.325000 0.578125 0.326562 0.576562 0.328125 0.573438 0.328125 0.571875 0.326562 0.570312 0.326562 0.568750 0.325000 0.568750 0.320312 0.571875 0.317188 0.573438 0.317188 0.573438 0.315625 0.575000 0.314063 0.578125 0.317188 0.578125 0.318750 0.579688 0.320312 0.582812 0.320312 0.584375 0.318750 0.585938 0.318750 0.587500 0.317188 0.587500 0.315625 0.584375 0.312500 0.584375 0.310937 0.582812 0.310937 0.581250 0.309375 0.576562 0.309375 0.575000 0.310937 0.573438 0.309375 0.568750 0.309375 0.567187 0.307812
0 0.657813 0.301563 0.657813 0.303125 0.659375 0.303125 0.659375 0.301563
0 0.695312 0.300000 0.693750 0.301563 0.662500 0.301563 0.662500 0.303125 0.667188 0.303125 0.668750 0.301563 0.673438 0.306250 0.673438 0.310937 0.675000 0.310937 0.675000 0.309375 0.678125 0.306250 0.681250 0.306250 0.682813 0.304688 0.685937 0.304688 0.687500 0.306250 0.687500 0.307812 0.689063 0.309375 0.689063 0.310937 0.690625 0.312500 0.690625 0.314063 0.687500 0.317188 0.687500 0.318750 0.689063 0.320312 0.689063 0.328125 0.685937 0.331250 0.684375 0.331250 0.682813 0.329688 0.681250 0.329688 0.679688 0.328125 0.676562 0.328125 0.675000 0.329688 0.673438 0.329688 0.671875 0.331250 0.670312 0.331250 0.668750 0.332813 0.667188 0.331250 0.665625 0.331250 0.662500 0.328125 0.660937 0.328125 0.659375 0.326562 0.659375 0.325000 0.657813 0.323437 0.657813 0.329688 0.654687 0.332813 0.656250 0.334375 0.656250 0.335938 0.657813 0.337500 0.657813 0.342187 0.656250 0.343750 0.656250 0.357812 0.654687 0.359375 0.651563 0.359375 0.650000 0.357812 0.645312 0.357812 0.643750 0.356250 0.643750 0.353125 0.646875 0.350000 0.648438 0.350000 0.650000 0.348438 0.650000 0.346875 0.648438 0.345313 0.645312 0.345313 0.642188 0.342187 0.642188 0.340625 0.642188 0.353125 0.640625 0.354687 0.640625 0.357812 0.639062 0.359375 0.635938 0.359375 0.632812 0.356250 0.632812 0.354687 0.631250 0.353125 0.634375 0.350000 0.634375 0.346875 0.632812 0.346875 0.631250 0.345313 0.629687 0.346875 0.626563 0.346875 0.625000 0.348438 0.625000 0.351562 0.626563 0.353125 0.626563 0.356250 0.623437 0.359375 0.620313 0.359375 0.618750 0.357812 0.615625 0.357812 0.614062 0.356250 0.614062 0.354687 0.615625 0.353125 0.615625 0.351562 0.617188 0.350000 0.618750 0.350000 0.620313 0.348438 0.620313 0.345313 0.615625 0.345313 0.615625 0.346875 0.610938 0.351562 0.610938 0.356250 0.607812 0.359375 0.606250 0.359375 0.606250 0.360938 0.607812 0.360938 0.610938 0.364063 0.612500 0.364063 0.617188 0.368750 0.628125 0.368750 0.629687 0.367188 0.631250 0.367188 0.634375 0.370312 0.632812 0.371875 0.632812 0.375000 0.634375 0.376563 0.635938 0.376563 0.637500 0.378125 0.640625 0.378125 0.642188 0.376563 0.664062 0.376563 0.665625 0.378125 0.670312 0.378125 0.671875 0.379688 0.678125 0.379688 0.679688 0.381250 0.718750 0.381250 0.720313 0.379688 0.726562 0.379688 0.726562 0.375000 0.723437 0.371875 0.725000 0.370312 0.728125 0.370312 0.729688 0.368750 0.729688 0.367188 0.728125 0.365625 0.728125 0.362500 0.726562 0.360938 0.726562 0.357812 0.725000 0.359375 0.723437 0.359375 0.720313 0.356250 0.717187 0.359375 0.715625 0.359375 0.714063 0.357812 0.714063 0.354687 0.712500 0.353125 0.714063 0.351562 0.715625 0.351562 0.717187 0.350000 0.718750 0.351562 0.720313 0.351562 0.721875 0.350000 0.725000 0.350000 0.726562 0.351562 0.728125 0.350000 0.728125 0.343750 0.726562 0.342187 0.725000 0.342187 0.723437 0.340625 0.725000 0.339062 0.725000 0.337500 0.726562 0.335938 0.728125 0.335938 0.729688 0.334375 0.729688 0.332813 0.728125 0.331250 0.726562 0.331250 0.725000 0.329688 0.721875 0.329688 0.720313 0.328125 0.718750 0.329688 0.714063 0.329688 0.712500 0.328125 0.706250 0.328125 0.704688 0.326562 0.704688 0.325000 0.704688 0.326562 0.701562 0.329688 0.696875 0.329688 0.695312 0.328125 0.690625 0.328125 0.689063 0.326562 0.689063 0.323437 0.692187 0.320312 0.695312 0.320312 0.698438 0.317188 0.693750 0.312500 0.690625 0.312500 0.689063 0.310937 0.689063 0.309375 0.692187 0.306250 0.693750 0.306250 0.695312 0.304688 0.701562 0.304688 0.703125 0.303125 0.717187 0.303125 0.718750 0.301563 0.701562 0.301563 0.700000 0.300000
0 0.423438 0.295312 0.421875 0.296875 0.415625 0.296875 0.414062 0.298438 0.412500 0.298438 0.410938 0.300000 0.409375 0.300000 0.407813 0.301563 0.407813 0.303125 0.406250 0.304688 0.406250 0.309375 0.403125 0.312500 0.387500 0.312500 0.385937 0.314063 0.382812 0.314063 0.381250 0.312500 0.378125 0.312500 0.376563 0.314063 0.375000 0.312500 0.368750 0.312500 0.367188 0.314063 0.365625 0.312500 0.364063 0.312500 0.362500 0.314063 0.360938 0.314063 0.359375 0.312500 0.357812 0.312500 0.356250 0.310937 0.350000 0.310937 0.348438 0.312500 0.345313 0.312500 0.343750 0.314063 0.343750 0.323437 0.340625 0.326562 0.337500 0.326562 0.335938 0.328125 0.329688 0.328125 0.328125 0.329688 0.323437 0.329688 0.321875 0.331250 0.320312 0.331250 0.318750 0.329688 0.310937 0.329688 0.309375 0.331250 0.306250 0.331250 0.304688 0.329688 0.296875 0.329688 0.295312 0.328125 0.248438 0.328125 0.246875 0.329688 0.242188 0.329688 0.234375 0.337500 0.234375 0.339062 0.231250 0.342187 0.226562 0.342187 0.225000 0.343750 0.218750 0.343750 0.217188 0.345313 0.214062 0.345313 0.212500 0.346875 0.206250 0.346875 0.204687 0.348438 0.200000 0.348438 0.198437 0.350000 0.189062 0.350000 0.187500 0.351562 0.167187 0.351562 0.165625 0.353125 0.154688 0.353125 0.153125 0.351562 0.151562 0.353125 0.140625 0.353125 0.139063 0.351562 0.135937 0.351562 0.134375 0.353125 0.126562 0.353125 0.120313 0.359375 0.118750 0.359375 0.117188 0.360938 0.117188 0.362500 0.120313 0.362500 0.121875 0.364063 0.120313 0.365625 0.115625 0.365625 0.115625 0.368750 0.114062 0.370312 0.112500 0.370312 0.109375 0.367188 0.101562 0.367188 0.100000 0.368750 0.095312 0.368750 0.095312 0.370312 0.093750 0.371875 0.092188 0.371875 0.089063 0.375000 0.087500 0.375000 0.082812 0.379688 0.085938 0.382812 0.085938 0.385937 0.082812 0.389062 0.079687 0.389062 0.078125 0.387500 0.078125 0.381250 0.075000 0.381250 0.073438 0.382812 0.067187 0.382812 0.065625 0.384375 0.064062 0.384375 0.060937 0.387500 0.059375 0.387500 0.054688 0.392188 0.053125 0.392188 0.050000 0.395313 0.051562 0.395313 0.054688 0.392188 0.062500 0.392188 0.064062 0.390625 0.068750 0.390625 0.070312 0.392188 0.065625 0.396875 0.060937 0.396875 0.059375 0.398438 0.056250 0.398438 0.054688 0.400000 0.054688 0.401562 0.051562 0.404687 0.045312 0.404687 0.043750 0.403125 0.045312 0.401562 0.045312 0.400000 0.046875 0.398438 0.046875 0.395313 0.043750 0.395313 0.040625 0.398438 0.035937 0.398438 0.034375 0.400000 0.031250 0.400000 0.028125 0.403125 0.026562 0.403125 0.026562 0.406250 0.028125 0.407813 0.029687 0.406250 0.031250 0.406250 0.032813 0.404687 0.037500 0.404687 0.040625 0.401562 0.043750 0.404687 0.043750 0.407813 0.042188 0.409375 0.040625 0.409375 0.039062 0.410938 0.035937 0.410938 0.032813 0.414062 0.029687 0.414062 0.023438 0.420312 0.020313 0.420312 0.018750 0.421875 0.015625 0.421875 0.012500 0.425000 0.010937 0.425000 0.007812 0.428125 0.004687 0.428125 0.001563 0.431250 0.001563 0.432812 0.000000 0.434375 0.000000 0.662500 0.001563 0.664062 0.001563 0.667188 0.000000 0.668750 0.000000 0.714063 0.001563 0.714063 0.003125 0.715625 0.003125 0.721875 0.001563 0.723437 0.001563 0.734375 0.000000 0.735938 0.000000 0.779687 0.001563 0.781250 0.001563 0.798438 0.003125 0.800000 0.003125 0.803125 0.001563 0.804688 0.001563 0.810937 0.003125 0.812500 0.003125 0.818750 0.001563 0.820312 0.001563 0.828125 0.003125 0.829688 0.003125 0.832812 0.001563 0.834375 0.001563 0.835938 0.000000 0.837500 0.000000 0.840625 0.001563 0.842187 0.001563 0.843750 0.003125 0.843750 0.004687 0.845313 0.012500 0.845313 0.015625 0.848437 0.012500 0.851562 0.009375 0.851562 0.006250 0.854688 0.006250 0.857812 0.012500 0.857812 0.015625 0.860938 0.015625 0.865625 0.012500 0.868750 0.009375 0.868750 0.004687 0.873437 0.004687 0.875000 0.000000 0.879687 0.000000 0.881250 0.003125 0.881250 0.004687 0.882812 0.004687 0.892188 0.003125 0.893750 0.003125 0.900000 0.001563 0.901563 0.001563 0.903125 0.004687 0.906250 0.004687 0.912500 0.003125 0.914062 0.003125 0.920312 0.004687 0.921875 0.004687 0.926562 0.003125 0.928125 0.003125 0.959375 0.001563 0.960938 0.001563 0.964063 0.003125 0.965625 0.003125 0.968750 0.004687 0.968750 0.006250 0.970313 0.004687 0.971875 0.004687 0.978125 0.003125 0.979688 0.003125 0.998437 0.089063 0.998437 0.090625 0.996875 0.092188 0.996875 0.095312 0.993750 0.096875 0.995313 0.096875 0.996875 0.098437 0.998437 0.101562 0.998437 0.100000 0.996875 0.100000 0.989062 0.098437 0.987500 0.096875 0.987500 0.095312 0.985938 0.095312 0.982812 0.090625 0.978125 0.090625 0.976562 0.087500 0.979688 0.085938 0.979688 0.082812 0.976562 0.082812 0.973437 0.081250 0.973437 0.079687 0.971875 0.070312 0.971875 0.068750 0.970313 0.070312 0.968750 0.081250 0.968750 0.082812 0.967187 0.104688 0.967187 0.106250 0.965625 0.107813 0.967187 0.140625 0.967187 0.142187 0.965625 0.139063 0.962500 0.139063 0.960938 0.146875 0.953125 0.156250 0.953125 0.157812 0.954688 0.157812 0.956250 0.160938 0.953125 0.168750 0.953125 0.170313 0.954688 0.170313 0.965625 0.171875 0.967187 0.171875 0.968750 0.173437 0.970313 0.170313 0.973437 0.170313 0.975000 0.165625 0.979688 0.160938 0.979688 0.159375 0.981250 0.154688 0.981250 0.154688 0.982812 0.156250 0.984375 0.156250 0.987500 0.154688 0.989062 0.154688 0.990625 0.153125 0.992188 0.153125 0.993750 0.151562 0.995313 0.151562 0.996875 0.150000 0.998437 0.157812 0.998437 0.157812 0.996875 0.159375 0.995313 0.160938 0.995313 0.162500 0.996875 0.162500 0.998437 0.670312 0.998437 0.670312 0.996875 0.671875 0.995313 0.671875 0.993750 0.675000 0.990625 0.678125 0.990625 0.678125 0.989062 0.675000 0.985938 0.675000 0.984375 0.676562 0.982812 0.676562 0.975000 0.673438 0.971875 0.671875 0.973437 0.667188 0.973437 0.664062 0.970313 0.665625 0.968750 0.682813 0.968750 0.684375 0.967187 0.685937 0.968750 0.687500 0.968750 0.689063 0.970313 0.689063 0.973437 0.693750 0.978125 0.693750 0.981250 0.695312 0.982812 0.700000 0.982812 0.703125 0.985938 0.703125 0.987500 0.698438 0.992188 0.693750 0.992188 0.692187 0.990625 0.690625 0.992188 0.685937 0.992188 0.685937 0.993750 0.687500 0.993750 0.689063 0.995313 0.693750 0.995313 0.695312 0.993750 0.700000 0.993750 0.701562 0.995313 0.706250 0.995313 0.707812 0.996875 0.709375 0.996875 0.710938 0.995313 0.714063 0.995313 0.715625 0.996875 0.715625 0.998437 0.718750 0.995313 0.720313 0.995313 0.721875 0.993750 0.723437 0.993750 0.728125 0.998437 0.732812 0.998437 0.732812 0.996875 0.734375 0.995313 0.737500 0.995313 0.739062 0.996875 0.742188 0.993750 0.745313 0.993750 0.750000 0.998437 0.764062 0.998437 0.764062 0.996875 0.765625 0.995313 0.776563 0.995313 0.778125 0.996875 0.781250 0.993750 0.792188 0.993750 0.793750 0.995313 0.795312 0.993750 0.796875 0.993750 0.798438 0.992188 0.800000 0.993750 0.807813 0.993750 0.809375 0.995313 0.810937 0.995313 0.812500 0.993750 0.820312 0.993750 0.821875 0.995313 0.828125 0.995313 0.829688 0.993750 0.831250 0.995313 0.837500 0.995313 0.840625 0.998437 0.843750 0.995313 0.848437 0.995313 0.851562 0.998437 0.864062 0.998437 0.864062 0.996875 0.867188 0.993750 0.865625 0.992188 0.865625 0.990625 0.864062 0.989062 0.865625 0.987500 0.865625 0.984375 0.859375 0.984375 0.857812 0.982812 0.857812 0.976562 0.856250 0.975000 0.851562 0.975000 0.850000 0.973437 0.853125 0.970313 0.851562 0.968750 0.851562 0.967187 0.850000 0.965625 0.850000 0.960938 0.846875 0.960938 0.846875 0.967187 0.845313 0.968750 0.843750 0.967187 0.843750 0.960938 0.842187 0.960938 0.839063 0.957812 0.842187 0.954688 0.842187 0.953125 0.843750 0.951562 0.843750 0.950000 0.842187 0.948438 0.842187 0.942187 0.839063 0.939063 0.840625 0.937500 0.842187 0.937500 0.842187 0.935937 0.843750 0.934375 0.842187 0.932813 0.842187 0.928125 0.835938 0.928125 0.832812 0.925000 0.831250 0.926562 0.828125 0.926562 0.825000 0.923438 0.826562 0.921875 0.832812 0.921875 0.834375 0.920312 0.846875 0.920312 0.848437 0.918750 0.870313 0.918750 0.871875 0.917188 0.875000 0.917188 0.875000 0.915625 0.876563 0.914062 0.878125 0.915625 0.879687 0.915625 0.882812 0.918750 0.885938 0.918750 0.887500 0.917188 0.889062 0.917188 0.890625 0.918750 0.892188 0.918750 0.890625 0.917188 0.890625 0.914062 0.892188 0.912500 0.893750 0.912500 0.893750 0.910937 0.895312 0.909375 0.895312 0.907813 0.893750 0.907813 0.890625 0.910937 0.890625 0.912500 0.889062 0.914062 0.887500 0.914062 0.882812 0.909375 0.882812 0.906250 0.884375 0.904687 0.887500 0.904687 0.887500 0.900000 0.885938 0.900000 0.884375 0.901563 0.878125 0.895312 0.875000 0.895312 0.873437 0.896875 0.868750 0.896875 0.864062 0.892188 0.865625 0.890625 0.867188 0.890625 0.868750 0.889062 0.871875 0.889062 0.873437 0.887500 0.875000 0.887500 0.875000 0.885938 0.871875 0.882812 0.868750 0.882812 0.867188 0.881250 0.867188 0.879687 0.865625 0.878125 0.864062 0.878125 0.862500 0.876563 0.864062 0.875000 0.865625 0.875000 0.867188 0.873437 0.868750 0.873437 0.870313 0.875000 0.871875 0.875000 0.873437 0.873437 0.873437 0.865625 0.871875 0.864062 0.870313 0.864062 0.868750 0.865625 0.867188 0.864062 0.867188 0.862500 0.865625 0.860938 0.868750 0.857812 0.873437 0.857812 0.873437 0.853125 0.871875 0.851562 0.868750 0.854688 0.865625 0.851562 0.865625 0.850000 0.864062 0.848437 0.864062 0.846875 0.862500 0.846875 0.860938 0.848437 0.857812 0.845313 0.859375 0.843750 0.865625 0.843750 0.867188 0.842187 0.873437 0.842187 0.875000 0.840625 0.875000 0.839063 0.873437 0.837500 0.873437 0.834375 0.870313 0.834375 0.868750 0.835938 0.867188 0.834375 0.867188 0.832812 0.865625 0.831250 0.865625 0.829688 0.867188 0.828125 0.871875 0.828125 0.873437 0.826562 0.890625 0.826562 0.892188 0.825000 0.893750 0.826562 0.896875 0.826562 0.898438 0.825000 0.904687 0.825000 0.904687 0.821875 0.907813 0.818750 0.909375 0.820312 0.912500 0.820312 0.915625 0.817187 0.918750 0.817187 0.921875 0.820312 0.923438 0.820312 0.925000 0.821875 0.921875 0.825000 0.935937 0.825000 0.937500 0.826562 0.953125 0.826562 0.954688 0.828125 0.964063 0.828125 0.965625 0.826562 0.968750 0.829688 0.968750 0.831250 0.967187 0.832812 0.967187 0.835938 0.965625 0.837500 0.960938 0.832812 0.954688 0.832812 0.954688 0.839063 0.953125 0.840625 0.967187 0.840625 0.968750 0.842187 0.982812 0.842187 0.984375 0.843750 0.984375 0.850000 0.982812 0.851562 0.982812 0.856250 0.984375 0.857812 0.995313 0.857812 0.996875 0.856250 0.998437 0.856250 0.995313 0.853125 0.995313 0.851562 0.990625 0.846875 0.989062 0.846875 0.987500 0.845313 0.990625 0.842187 0.990625 0.839063 0.989062 0.837500 0.981250 0.837500 0.976562 0.832812 0.973437 0.832812 0.970313 0.829688 0.971875 0.828125 0.971875 0.825000 0.968750 0.821875 0.967187 0.821875 0.960938 0.815625 0.959375 0.815625 0.956250 0.812500 0.956250 0.804688 0.957812 0.803125 0.959375 0.803125 0.960938 0.804688 0.962500 0.804688 0.964063 0.803125 0.971875 0.803125 0.973437 0.801562 0.975000 0.801562 0.976562 0.803125 0.978125 0.803125 0.979688 0.801562 0.982812 0.801562 0.985938 0.804688 0.987500 0.804688 0.989062 0.803125 0.990625 0.803125 0.992188 0.804688 0.993750 0.804688 0.998437 0.800000 0.998437 0.789062 0.995313 0.785937 0.995313 0.784375 0.993750 0.782813 0.993750 0.779687 0.992188 0.778125 0.992188 0.776563 0.990625 0.775000 0.990625 0.773438 0.989062 0.771875 0.981250 0.771875 0.979688 0.770312 0.979688 0.768750 0.971875 0.760938 0.971875 0.759375 0.970313 0.759375 0.968750 0.757812 0.965625 0.757812 0.957812 0.750000 0.957812 0.748437 0.945312 0.735938 0.945312 0.734375 0.943750 0.732812 0.943750 0.731250 0.945312 0.729688 0.948438 0.729688 0.950000 0.728125 0.954688 0.728125 0.956250 0.726562 0.975000 0.726562 0.978125 0.729688 0.978125 0.731250 0.979688 0.729688 0.979688 0.728125 0.981250 0.726562 0.982812 0.728125 0.982812 0.731250 0.985938 0.734375 0.987500 0.732812 0.995313 0.732812 0.996875 0.731250 0.998437 0.731250 0.998437 0.728125 0.996875 0.726562 0.996875 0.725000 0.998437 0.723437 0.998437 0.707812 0.995313 0.704688 0.998437 0.701562 0.998437 0.696875 0.993750 0.692187 0.993750 0.690625 0.996875 0.687500 0.998437 0.687500 0.998437 0.601562 0.996875 0.601562 0.995313 0.600000 0.993750 0.600000 0.992188 0.598437 0.989062 0.598437 0.987500 0.596875 0.985938 0.596875 0.979688 0.590625 0.978125 0.590625 0.976562 0.589063 0.975000 0.589063 0.971875 0.585938 0.970313 0.585938 0.968750 0.584375 0.964063 0.584375 0.960938 0.581250 0.959375 0.581250 0.954688 0.576562 0.953125 0.576562 0.951562 0.575000 0.950000 0.575000 0.948438 0.573438 0.946875 0.573438 0.943750 0.570312 0.942187 0.570312 0.940625 0.568750 0.937500 0.568750 0.935937 0.567187 0.934375 0.567187 0.932813 0.565625 0.931250 0.565625 0.926562 0.560937 0.925000 0.560937 0.923438 0.559375 0.921875 0.559375 0.918750 0.556250 0.917188 0.556250 0.915625 0.554688 0.914062 0.554688 0.912500 0.553125 0.910937 0.553125 0.909375 0.551562 0.906250 0.551562 0.904687 0.550000 0.903125 0.550000 0.898438 0.545312 0.896875 0.545312 0.895312 0.543750 0.893750 0.543750 0.892188 0.542188 0.890625 0.542188 0.887500 0.539062 0.885938 0.539062 0.884375 0.537500 0.882812 0.537500 0.881250 0.535937 0.879687 0.535937 0.878125 0.534375 0.876563 0.534375 0.873437 0.531250 0.871875 0.531250 0.868750 0.528125 0.867188 0.528125 0.862500 0.523438 0.859375 0.523438 0.857812 0.521875 0.854688 0.521875 0.853125 0.520312 0.851562 0.520312 0.848437 0.517188 0.846875 0.517188 0.843750 0.514062 0.842187 0.514062 0.839063 0.510938 0.837500 0.510938 0.834375 0.507812 0.832812 0.507812 0.831250 0.506250 0.828125 0.506250 0.826562 0.504687 0.825000 0.504687 0.823438 0.503125 0.821875 0.503125 0.817187 0.498437 0.814063 0.498437 0.810937 0.495312 0.807813 0.495312 0.803125 0.490625 0.800000 0.490625 0.798438 0.489063 0.795312 0.489063 0.793750 0.487500 0.792188 0.487500 0.787500 0.482812 0.785937 0.482812 0.784375 0.481250 0.782813 0.481250 0.781250 0.479687 0.779687 0.479687 0.776563 0.476562 0.775000 0.476562 0.773438 0.475000 0.770312 0.475000 0.768750 0.473438 0.767188 0.473438 0.765625 0.471875 0.762500 0.471875 0.756250 0.465625 0.754687 0.465625 0.751563 0.462500 0.750000 0.462500 0.746875 0.459375 0.745313 0.459375 0.743750 0.457813 0.742188 0.457813 0.740625 0.456250 0.737500 0.456250 0.732812 0.451562 0.731250 0.451562 0.729688 0.450000 0.728125 0.450000 0.723437 0.445312 0.720313 0.445312 0.718750 0.443750 0.715625 0.443750 0.714063 0.442188 0.712500 0.442188 0.707812 0.437500 0.707812 0.435937 0.706250 0.434375 0.704688 0.434375 0.701562 0.431250 0.698438 0.431250 0.696875 0.429688 0.695312 0.429688 0.693750 0.428125 0.689063 0.428125 0.687500 0.426563 0.685937 0.426563 0.684375 0.425000 0.682813 0.425000 0.679688 0.421875 0.678125 0.421875 0.675000 0.418750 0.673438 0.418750 0.670312 0.415625 0.668750 0.415625 0.667188 0.414062 0.664062 0.414062 0.660937 0.410938 0.657813 0.410938 0.654687 0.407813 0.653125 0.407813 0.650000 0.404687 0.648438 0.404687 0.645312 0.401562 0.643750 0.401562 0.642188 0.400000 0.640625 0.400000 0.639062 0.398438 0.637500 0.398438 0.628125 0.389062 0.623437 0.389062 0.621875 0.387500 0.620313 0.387500 0.618750 0.385937 0.617188 0.385937 0.615625 0.384375 0.615625 0.382812 0.610938 0.382812 0.609375 0.381250 0.604688 0.381250 0.596875 0.373437 0.595313 0.373437 0.593750 0.371875 0.590625 0.371875 0.589063 0.370312 0.587500 0.370312 0.582812 0.365625 0.576562 0.365625 0.575000 0.364063 0.573438 0.364063 0.567187 0.357812 0.565625 0.357812 0.564063 0.356250 0.562500 0.356250 0.559375 0.353125 0.556250 0.353125 0.553125 0.350000 0.551562 0.350000 0.550000 0.348438 0.548438 0.348438 0.546875 0.346875 0.545312 0.346875 0.540625 0.342187 0.539062 0.342187 0.535937 0.339062 0.534375 0.339062 0.531250 0.335938 0.529687 0.335938 0.528125 0.334375 0.525000 0.334375 0.521875 0.331250 0.521875 0.329688 0.518750 0.326562 0.517188 0.326562 0.514062 0.323437 0.512500 0.323437 0.509375 0.320312 0.509375 0.318750 0.506250 0.318750 0.503125 0.315625 0.496875 0.315625 0.495312 0.314063 0.493750 0.314063 0.492188 0.312500 0.487500 0.312500 0.485938 0.310937 0.484375 0.310937 0.482812 0.309375 0.478125 0.309375 0.473438 0.304688 0.473438 0.301563 0.471875 0.301563 0.470313 0.300000 0.464062 0.300000 0.462500 0.298438 0.460938 0.298438 0.459375 0.296875 0.451562 0.296875 0.450000 0.295312