0 0.403125 0.987500 0.403125 0.993750 0.404687 0.993750 0.404687 0.987500
0 0.075000 0.987500 0.073438 0.989062 0.075000 0.990625 0.076563 0.989062
0 0.268750 0.984375 0.267188 0.985938 0.265625 0.985938 0.262500 0.989062 0.260937 0.989062 0.262500 0.989062 0.264062 0.990625 0.271875 0.990625 0.273438 0.989062 0.276562 0.989062 0.278125 0.990625 0.281250 0.990625 0.282813 0.989062 0.284375 0.990625 0.285938 0.990625 0.287500 0.989062 0.285938 0.987500 0.278125 0.987500 0.276562 0.989062 0.273438 0.989062 0.270313 0.985938 0.270313 0.984375
0 0.604688 0.981250 0.604688 0.982812 0.606250 0.982812 0.607812 0.981250
0 0.254688 0.981250 0.251563 0.984375 0.251563 0.985938 0.248438 0.989062 0.245312 0.989062 0.246875 0.989062 0.248438 0.990625 0.253125 0.990625 0.254688 0.992188 0.257812 0.989062 0.254688 0.985938
0 0.403125 0.979688 0.403125 0.982812 0.404687 0.981250
0 0.223438 0.965625 0.223438 0.967187 0.225000 0.965625
0 0.187500 0.965625 0.187500 0.971875 0.185938 0.973437 0.185938 0.978125 0.182812 0.981250 0.179688 0.981250 0.176563 0.984375 0.175000 0.984375 0.171875 0.987500 0.170313 0.987500 0.168750 0.989062 0.167187 0.989062 0.165625 0.990625 0.168750 0.993750 0.170313 0.992188 0.175000 0.992188 0.176563 0.993750 0.178125 0.993750 0.179688 0.995313 0.185938 0.995313 0.189062 0.998437 0.200000 0.998437 0.200000 0.996875 0.201563 0.995313 0.203125 0.995313 0.204687 0.993750 0.206250 0.995313 0.207813 0.995313 0.212500 0.990625 0.215625 0.990625 0.217188 0.992188 0.221875 0.992188 0.223438 0.993750 0.228125 0.989062 0.229687 0.989062 0.231250 0.990625 0.234375 0.990625 0.235937 0.992188 0.239063 0.992188 0.242188 0.989062 0.239063 0.985938 0.239063 0.981250 0.237500 0.982812 0.235937 0.982812 0.235937 0.984375 0.231250 0.989062 0.226562 0.989062 0.223438 0.985938 0.223438 0.984375 0.225000 0.982812 0.225000 0.981250 0.223438 0.979688 0.220312 0.982812 0.215625 0.978125 0.215625 0.976562 0.218750 0.973437 0.220312 0.973437 0.221875 0.975000 0.223438 0.975000 0.223438 0.973437 0.214062 0.973437 0.214062 0.975000 0.215625 0.976562 0.215625 0.978125 0.214062 0.979688 0.210938 0.979688 0.209375 0.978125 0.209375 0.976562 0.210938 0.975000 0.210938 0.973437 0.209375 0.973437 0.207813 0.971875 0.206250 0.973437 0.204687 0.973437 0.203125 0.975000 0.198437 0.975000 0.196875 0.976562 0.196875 0.978125 0.195312 0.979688 0.193750 0.979688 0.192188 0.978125 0.193750 0.976562 0.193750 0.965625
0 0.535937 0.964063 0.534375 0.965625 0.535937 0.967187 0.537500 0.967187 0.539062 0.965625 0.545312 0.965625 0.539062 0.965625 0.537500 0.964063
0 0.520312 0.964063 0.518750 0.965625 0.523438 0.965625 0.521875 0.965625
0 0.392188 0.964063 0.390625 0.965625 0.390625 0.967187 0.392188 0.968750 0.392188 0.970313 0.390625 0.971875 0.390625 0.975000 0.392188 0.976562 0.392188 0.978125 0.389062 0.981250 0.390625 0.982812 0.390625 0.989062 0.389062 0.990625 0.389062 0.992188 0.390625 0.993750 0.390625 0.995313 0.392188 0.996875 0.392188 0.998437 0.392188 0.996875 0.395313 0.993750 0.395313 0.982812 0.393750 0.981250 0.393750 0.979688 0.392188 0.978125 0.393750 0.976562 0.393750 0.965625
0 0.531250 0.957812 0.532813 0.957812 0.534375 0.959375 0.537500 0.959375 0.537500 0.957812
0 0.515625 0.957812 0.517188 0.957812 0.518750 0.959375 0.521875 0.959375 0.521875 0.957812
0 0.503125 0.957812 0.504687 0.959375 0.504687 0.957812
0 0.550000 0.956250 0.548438 0.957812 0.545312 0.957812 0.548438 0.957812 0.550000 0.959375 0.553125 0.959375 0.553125 0.957812 0.551562 0.956250
0 0.028125 0.956250 0.026562 0.957812 0.028125 0.959375 0.029687 0.957812
0 0.190625 0.951562 0.192188 0.953125 0.187500 0.957812 0.189062 0.959375 0.192188 0.959375 0.193750 0.957812 0.192188 0.956250 0.192188 0.951562
0 0.392188 0.950000 0.392188 0.954688 0.390625 0.956250 0.390625 0.959375 0.392188 0.960938 0.393750 0.959375 0.393750 0.954688 0.392188 0.953125
0 0.223438 0.950000 0.223438 0.951562 0.225000 0.951562 0.225000 0.950000
0 0.559375 0.948438 0.557813 0.950000 0.550000 0.950000 0.550000 0.951562 0.553125 0.951562 0.554688 0.950000 0.557813 0.950000 0.559375 0.951562 0.560937 0.951562 0.560937 0.950000
0 0.504687 0.948438 0.503125 0.950000 0.501563 0.950000 0.503125 0.951562 0.507812 0.951562 0.509375 0.950000 0.517188 0.950000 0.518750 0.951562 0.523438 0.951562 0.525000 0.950000 0.526563 0.950000 0.528125 0.951562 0.529687 0.950000 0.532813 0.950000 0.534375 0.951562 0.539062 0.951562 0.540625 0.950000 0.542188 0.950000 0.543750 0.951562 0.545312 0.950000 0.543750 0.948438 0.542188 0.948438 0.540625 0.950000 0.539062 0.948438 0.535937 0.948438 0.534375 0.950000 0.529687 0.950000 0.528125 0.948438 0.526563 0.950000 0.523438 0.950000 0.521875 0.948438 0.518750 0.948438 0.517188 0.950000 0.514062 0.950000 0.512500 0.948438 0.510938 0.950000 0.509375 0.950000 0.507812 0.948438
0 0.489063 0.948438 0.487500 0.950000 0.489063 0.951562 0.490625 0.950000
0 0.470313 0.942187 0.471875 0.942187 0.473438 0.943750 0.475000 0.942187
0 0.485938 0.940625 0.484375 0.942187 0.485938 0.943750 0.490625 0.943750 0.490625 0.942187 0.489063 0.940625
0 0.392188 0.940625 0.390625 0.942187 0.392188 0.943750 0.393750 0.942187
0 0.590625 0.932813 0.590625 0.934375 0.592187 0.935937 0.593750 0.935937 0.595313 0.937500 0.595313 0.939063 0.593750 0.940625 0.593750 0.942187 0.595313 0.942187 0.596875 0.943750 0.600000 0.943750 0.600000 0.940625 0.598437 0.939063 0.598437 0.937500 0.600000 0.935937 0.600000 0.934375 0.596875 0.934375 0.595313 0.935937 0.593750 0.935937
0 0.457813 0.932813 0.456250 0.934375 0.454688 0.934375 0.456250 0.935937 0.459375 0.935937 0.460938 0.934375 0.467187 0.934375 0.460938 0.934375 0.459375 0.932813
0 0.629687 0.901563 0.628125 0.903125 0.629687 0.904687 0.631250 0.904687 0.632812 0.903125 0.635938 0.903125 0.637500 0.904687 0.639062 0.904687 0.640625 0.903125 0.639062 0.903125 0.637500 0.901563 0.635938 0.903125 0.631250 0.903125
0 0.567187 0.901563 0.565625 0.903125 0.567187 0.904687 0.568750 0.904687 0.570312 0.903125 0.576562 0.903125 0.575000 0.901563 0.573438 0.903125 0.568750 0.903125
0 0.043750 0.901563 0.042188 0.903125 0.040625 0.903125 0.043750 0.903125
0 0.028125 0.900000 0.025000 0.903125 0.021875 0.903125 0.025000 0.903125 0.026562 0.904687 0.028125 0.904687 0.029687 0.903125 0.029687 0.901563
0 0.551562 0.885938 0.550000 0.887500 0.551562 0.889062 0.553125 0.887500 0.554688 0.887500 0.553125 0.887500
0 0.104688 0.885938 0.103125 0.887500 0.101562 0.887500 0.107813 0.887500 0.106250 0.885938
0 0.043750 0.885938 0.042188 0.887500 0.040625 0.887500 0.043750 0.887500
0 0.028125 0.884375 0.025000 0.887500 0.023438 0.887500 0.029687 0.887500 0.028125 0.885938
0 0.012500 0.882812 0.010937 0.884375 0.010937 0.885938 0.009375 0.887500 0.006250 0.884375 0.004687 0.885938 0.004687 0.889062 0.007812 0.889062 0.009375 0.887500 0.010937 0.889062 0.014063 0.889062 0.014063 0.884375
0 0.643750 0.879687 0.645312 0.881250 0.645312 0.879687
0 0.504687 0.879687 0.503125 0.881250 0.504687 0.882812 0.500000 0.887500 0.498437 0.887500 0.500000 0.889062 0.507812 0.889062 0.509375 0.887500 0.510938 0.889062 0.521875 0.889062 0.523438 0.887500 0.532813 0.887500 0.534375 0.889062 0.537500 0.889062 0.539062 0.887500 0.545312 0.887500 0.543750 0.885938 0.542188 0.887500 0.539062 0.887500 0.537500 0.885938 0.534375 0.885938 0.532813 0.887500 0.531250 0.887500 0.529687 0.885938 0.528125 0.885938 0.526563 0.887500 0.525000 0.887500 0.523438 0.885938 0.521875 0.885938 0.520312 0.884375 0.517188 0.887500 0.515625 0.885938 0.514062 0.885938 0.512500 0.884375 0.510938 0.885938 0.509375 0.885938 0.504687 0.881250
0 0.012500 0.870313 0.010937 0.871875 0.006250 0.871875 0.010937 0.871875 0.012500 0.873437 0.014063 0.871875
0 0.364063 0.868750 0.360938 0.871875 0.354687 0.871875 0.356250 0.873437 0.367188 0.873437 0.368750 0.871875 0.370312 0.873437 0.373437 0.873437 0.375000 0.871875 0.376563 0.871875 0.378125 0.873437 0.381250 0.873437 0.382812 0.871875 0.390625 0.871875 0.392188 0.873437 0.396875 0.873437 0.398438 0.871875 0.403125 0.871875 0.404687 0.873437 0.420312 0.873437 0.421875 0.871875 0.423438 0.871875 0.425000 0.873437 0.428125 0.873437 0.429688 0.871875 0.435937 0.871875 0.434375 0.870313 0.432812 0.871875 0.429688 0.871875 0.428125 0.870313 0.426563 0.870313 0.425000 0.871875 0.421875 0.871875 0.420312 0.870313 0.409375 0.870313 0.407813 0.871875 0.404687 0.871875 0.403125 0.870313 0.401562 0.871875 0.398438 0.871875 0.396875 0.870313 0.395313 0.870313 0.393750 0.871875 0.389062 0.871875 0.387500 0.870313 0.385937 0.871875 0.382812 0.871875 0.381250 0.870313 0.379688 0.870313 0.378125 0.871875 0.375000 0.871875 0.373437 0.870313 0.370312 0.870313 0.368750 0.871875 0.367188 0.870313 0.365625 0.870313
0 0.503125 0.864062 0.503125 0.865625 0.504687 0.867188 0.504687 0.868750 0.501563 0.871875 0.500000 0.871875 0.501563 0.873437 0.506250 0.873437 0.507812 0.871875 0.504687 0.868750 0.504687 0.864062
0 0.126562 0.862500 0.125000 0.864062 0.125000 0.865625 0.128125 0.865625 0.129688 0.867188 0.129688 0.868750 0.126562 0.871875 0.123438 0.868750 0.121875 0.868750 0.120313 0.870313 0.118750 0.870313 0.117188 0.871875 0.115625 0.871875 0.117188 0.871875 0.118750 0.873437 0.125000 0.873437 0.126562 0.875000 0.126562 0.876563 0.125000 0.878125 0.125000 0.879687 0.118750 0.885938 0.115625 0.885938 0.114062 0.887500 0.115625 0.887500 0.117188 0.889062 0.125000 0.889062 0.126562 0.890625 0.128125 0.889062 0.128125 0.885938 0.126562 0.885938 0.125000 0.884375 0.126562 0.882812 0.128125 0.882812 0.129688 0.881250 0.129688 0.878125 0.131250 0.876563 0.131250 0.875000 0.132812 0.873437 0.134375 0.873437 0.135937 0.871875 0.135937 0.867188 0.134375 0.865625 0.132812 0.865625 0.129688 0.862500
0 0.503125 0.854688 0.501563 0.856250 0.501563 0.857812 0.504687 0.857812 0.506250 0.856250 0.504687 0.854688
0 0.395313 0.854688 0.393750 0.856250 0.392188 0.856250 0.393750 0.857812 0.395313 0.857812 0.396875 0.856250
0 0.292187 0.854688 0.290625 0.856250 0.285938 0.856250 0.287500 0.857812 0.295312 0.857812 0.296875 0.856250 0.295312 0.854688
0 0.503125 0.848437 0.504687 0.850000 0.504687 0.848437
0 0.251563 0.848437 0.251563 0.850000 0.254688 0.850000 0.254688 0.848437
0 0.418750 0.839063 0.417187 0.840625 0.410938 0.840625 0.420312 0.840625
0 0.557813 0.832812 0.565625 0.832812 0.567187 0.834375 0.568750 0.832812 0.570312 0.832812
0 0.543750 0.832812 0.550000 0.832812 0.551562 0.834375 0.553125 0.834375 0.554688 0.832812
0 0.387500 0.832812 0.390625 0.832812 0.392188 0.834375 0.396875 0.834375 0.396875 0.832812
0 0.376563 0.832812 0.378125 0.832812 0.379688 0.834375 0.381250 0.832812
0 0.245312 0.832812 0.246875 0.834375 0.246875 0.832812
0 0.595313 0.831250 0.593750 0.832812 0.590625 0.832812 0.595313 0.832812 0.596875 0.834375 0.600000 0.834375 0.601562 0.832812 0.600000 0.831250
0 0.579688 0.831250 0.578125 0.832812 0.573438 0.832812 0.575000 0.834375 0.576562 0.834375 0.578125 0.832812 0.581250 0.832812 0.582812 0.834375 0.584375 0.832812 0.585938 0.832812 0.584375 0.832812 0.582812 0.831250
0 0.531250 0.831250 0.529687 0.832812 0.528125 0.832812 0.529687 0.832812 0.531250 0.834375 0.537500 0.834375 0.539062 0.832812 0.537500 0.831250
0 0.520312 0.831250 0.518750 0.832812 0.515625 0.832812 0.517188 0.832812 0.518750 0.834375 0.521875 0.834375 0.523438 0.832812 0.521875 0.832812
0 0.407813 0.831250 0.406250 0.832812 0.401562 0.832812 0.403125 0.834375 0.414062 0.834375 0.415625 0.832812 0.417187 0.834375 0.428125 0.834375 0.429688 0.832812 0.428125 0.832812 0.426563 0.831250 0.420312 0.831250 0.418750 0.832812 0.412500 0.832812 0.410938 0.831250
0 0.776563 0.821875 0.773438 0.825000 0.778125 0.825000 0.779687 0.826562 0.784375 0.826562 0.785937 0.825000 0.784375 0.823438 0.781250 0.823438 0.779687 0.821875
0 0.120313 0.821875 0.118750 0.823438 0.117188 0.823438 0.115625 0.825000 0.118750 0.825000 0.120313 0.826562 0.123438 0.826562 0.125000 0.825000 0.121875 0.821875
0 0.104688 0.821875 0.103125 0.823438 0.101562 0.823438 0.100000 0.825000 0.098437 0.825000 0.101562 0.825000 0.103125 0.826562 0.106250 0.826562 0.107813 0.825000 0.109375 0.825000 0.106250 0.821875
0 0.057813 0.821875 0.056250 0.823438 0.054688 0.823438 0.053125 0.825000 0.051562 0.825000 0.060937 0.825000 0.060937 0.823438 0.059375 0.821875
0 0.042188 0.821875 0.039062 0.825000 0.037500 0.825000 0.045312 0.825000 0.043750 0.823438 0.043750 0.821875
0 0.028125 0.821875 0.026562 0.823438 0.025000 0.823438 0.023438 0.825000 0.029687 0.825000 0.028125 0.823438
0 0.010937 0.821875 0.007812 0.825000 0.006250 0.825000 0.010937 0.825000 0.012500 0.826562 0.014063 0.825000 0.014063 0.823438 0.012500 0.821875
0 0.087500 0.820312 0.084375 0.823438 0.082812 0.823438 0.081250 0.825000 0.078125 0.825000 0.075000 0.821875 0.073438 0.821875 0.071875 0.823438 0.070312 0.823438 0.068750 0.825000 0.070312 0.825000 0.071875 0.826562 0.075000 0.826562 0.076563 0.825000 0.082812 0.825000 0.084375 0.826562 0.092188 0.826562 0.093750 0.825000 0.092188 0.823438 0.092188 0.821875 0.090625 0.820312
0 0.648438 0.817187 0.648438 0.818750 0.650000 0.818750 0.651563 0.817187
0 0.329688 0.815625 0.328125 0.817187 0.328125 0.826562 0.329688 0.828125 0.331250 0.828125 0.332813 0.829688 0.329688 0.832812 0.329688 0.834375 0.331250 0.834375 0.332813 0.835938 0.334375 0.835938 0.335938 0.834375 0.337500 0.834375 0.339062 0.835938 0.339062 0.837500 0.337500 0.839063 0.331250 0.839063 0.329688 0.840625 0.328125 0.840625 0.325000 0.837500 0.321875 0.840625 0.325000 0.843750 0.326562 0.842187 0.342187 0.842187 0.342187 0.839063 0.340625 0.837500 0.345313 0.832812 0.348438 0.832812 0.343750 0.832812 0.342187 0.831250 0.339062 0.831250 0.337500 0.832812 0.334375 0.829688 0.337500 0.826562 0.367188 0.826562 0.368750 0.825000 0.370312 0.826562 0.373437 0.826562 0.375000 0.825000 0.376563 0.825000 0.378125 0.826562 0.407813 0.826562 0.409375 0.828125 0.412500 0.828125 0.414062 0.826562 0.423438 0.826562 0.425000 0.828125 0.428125 0.828125 0.429688 0.826562 0.440625 0.826562 0.442188 0.828125 0.443750 0.826562 0.467187 0.826562 0.470313 0.829688 0.468750 0.831250 0.467187 0.831250 0.465625 0.832812 0.464062 0.832812 0.462500 0.834375 0.460938 0.832812 0.443750 0.832812 0.442188 0.831250 0.439063 0.831250 0.437500 0.832812 0.432812 0.832812 0.434375 0.834375 0.445312 0.834375 0.446875 0.835938 0.446875 0.837500 0.445312 0.839063 0.442188 0.839063 0.440625 0.840625 0.465625 0.840625 0.467187 0.842187 0.475000 0.842187 0.476562 0.843750 0.478125 0.843750 0.481250 0.840625 0.482812 0.840625 0.485938 0.843750 0.487500 0.843750 0.489063 0.842187 0.490625 0.842187 0.490625 0.839063 0.489063 0.837500 0.489063 0.835938 0.490625 0.834375 0.490625 0.831250 0.489063 0.829688 0.490625 0.828125 0.490625 0.826562 0.492188 0.825000 0.490625 0.823438 0.490625 0.820312 0.492188 0.818750 0.492188 0.817187 0.490625 0.817187 0.489063 0.815625 0.485938 0.815625 0.484375 0.817187 0.485938 0.818750 0.485938 0.820312 0.487500 0.821875 0.487500 0.823438 0.485938 0.825000 0.485938 0.829688 0.484375 0.831250 0.484375 0.834375 0.485938 0.834375 0.489063 0.837500 0.487500 0.839063 0.485938 0.839063 0.484375 0.840625 0.482812 0.840625 0.479687 0.837500 0.479687 0.832812 0.478125 0.831250 0.478125 0.828125 0.479687 0.826562 0.479687 0.820312 0.478125 0.818750 0.478125 0.817187 0.476562 0.817187 0.473438 0.820312 0.471875 0.818750 0.471875 0.817187 0.468750 0.817187 0.467187 0.818750 0.457813 0.818750 0.456250 0.817187 0.428125 0.817187 0.426563 0.815625 0.423438 0.815625 0.421875 0.817187 0.412500 0.817187 0.410938 0.815625 0.407813 0.815625 0.406250 0.817187 0.389062 0.817187 0.389062 0.818750 0.384375 0.823438 0.379688 0.823438 0.378125 0.825000 0.375000 0.825000 0.373437 0.823438 0.373437 0.820312 0.375000 0.818750 0.376563 0.818750 0.376563 0.817187 0.370312 0.817187 0.368750 0.818750 0.365625 0.818750 0.364063 0.817187 0.359375 0.817187 0.357812 0.818750 0.350000 0.818750 0.348438 0.817187 0.335938 0.817187 0.334375 0.815625
0 0.079687 0.815625 0.078125 0.817187 0.079687 0.818750 0.081250 0.817187
0 0.984375 0.807813 0.984375 0.812500 0.985938 0.814063 0.987500 0.814063 0.987500 0.809375 0.985938 0.807813
0 0.793750 0.806250 0.790625 0.809375 0.785937 0.809375 0.784375 0.810937 0.782813 0.810937 0.781250 0.812500 0.781250 0.818750 0.782813 0.820312 0.784375 0.818750 0.785937 0.818750 0.789062 0.815625 0.789062 0.812500 0.790625 0.810937 0.792188 0.810937 0.793750 0.809375
0 0.801562 0.800000 0.800000 0.801562 0.798438 0.801562 0.800000 0.803125 0.803125 0.803125 0.803125 0.801562
0 0.960938 0.792188 0.959375 0.793750 0.967187 0.793750 0.970313 0.796875 0.970313 0.800000 0.968750 0.801562 0.970313 0.803125 0.970313 0.807813 0.971875 0.806250 0.973437 0.806250 0.973437 0.804688 0.971875 0.803125 0.971875 0.801562 0.970313 0.800000 0.970313 0.793750 0.964063 0.793750 0.962500 0.792188
0 0.707812 0.792188 0.706250 0.793750 0.706250 0.795312 0.709375 0.795312 0.710938 0.793750 0.709375 0.793750
0 0.700000 0.792188 0.698438 0.793750 0.703125 0.793750 0.701562 0.792188
0 0.954688 0.782813 0.954688 0.789062 0.956250 0.787500 0.957812 0.787500 0.954688 0.784375
0 0.882812 0.765625 0.882812 0.767188 0.884375 0.767188 0.884375 0.765625
0 0.992188 0.743750 0.993750 0.745313 0.993750 0.743750
0 0.985938 0.743750 0.985938 0.753125 0.984375 0.754687 0.985938 0.756250 0.985938 0.759375 0.990625 0.754687 0.989062 0.754687 0.985938 0.751563 0.985938 0.745313 0.987500 0.743750
0 0.971875 0.706250 0.971875 0.712500 0.975000 0.712500 0.975000 0.710938 0.976562 0.709375 0.976562 0.706250
0 0.985938 0.507812 0.985938 0.512500 0.989062 0.509375 0.987500 0.509375
0 0.832812 0.445312 0.831250 0.446875 0.828125 0.446875 0.828125 0.448437 0.825000 0.451562 0.821875 0.451562 0.818750 0.448437 0.814063 0.448437 0.814063 0.451562 0.817187 0.451562 0.820312 0.454688 0.823438 0.454688 0.826562 0.457813 0.829688 0.457813 0.832812 0.460938 0.835938 0.460938 0.837500 0.462500 0.839063 0.460938 0.840625 0.460938 0.842187 0.462500 0.842187 0.465625 0.843750 0.467187 0.845313 0.467187 0.853125 0.475000 0.860938 0.475000 0.862500 0.476562 0.865625 0.476562 0.867188 0.475000 0.870313 0.475000 0.871875 0.473438 0.875000 0.476562 0.875000 0.482812 0.876563 0.482812 0.878125 0.484375 0.879687 0.484375 0.882812 0.487500 0.882812 0.489063 0.884375 0.490625 0.887500 0.490625 0.889062 0.489063 0.890625 0.489063 0.890625 0.484375 0.892188 0.482812 0.893750 0.482812 0.895312 0.484375 0.895312 0.485938 0.893750 0.487500 0.893750 0.489063 0.895312 0.490625 0.896875 0.490625 0.898438 0.489063 0.900000 0.489063 0.895312 0.484375 0.895312 0.476562 0.890625 0.476562 0.890625 0.481250 0.889062 0.482812 0.882812 0.482812 0.881250 0.481250 0.881250 0.479687 0.885938 0.475000 0.887500 0.475000 0.887500 0.471875 0.885938 0.470313 0.885938 0.468750 0.882812 0.465625 0.882812 0.462500 0.884375 0.460938 0.889062 0.460938 0.890625 0.462500 0.890625 0.465625 0.896875 0.465625 0.895312 0.464062 0.895312 0.462500 0.896875 0.460938 0.900000 0.460938 0.901563 0.459375 0.903125 0.459375 0.904687 0.457813 0.906250 0.457813 0.903125 0.457813 0.901563 0.456250 0.900000 0.456250 0.896875 0.453125 0.898438 0.451562 0.893750 0.451562 0.893750 0.453125 0.892188 0.454688 0.887500 0.450000 0.885938 0.450000 0.884375 0.451562 0.875000 0.451562 0.873437 0.450000 0.870313 0.450000 0.868750 0.451562 0.867188 0.450000 0.865625 0.450000 0.864062 0.448437 0.857812 0.448437 0.856250 0.446875 0.854688 0.446875 0.853125 0.448437 0.851562 0.446875 0.835938 0.446875 0.834375 0.445312
0 0.798438 0.376563 0.796875 0.378125 0.796875 0.379688 0.798438 0.381250 0.806250 0.381250 0.807813 0.379688 0.804688 0.376563
0 0.789062 0.376563 0.789062 0.378125 0.787500 0.379688 0.790625 0.379688 0.790625 0.376563
0 0.735938 0.353125 0.735938 0.354687 0.734375 0.356250 0.735938 0.357812 0.737500 0.356250 0.737500 0.354687
0 0.798438 0.346875 0.798438 0.353125 0.801562 0.353125 0.804688 0.350000 0.804688 0.348438 0.800000 0.348438
0 0.812500 0.340625 0.812500 0.351562 0.814063 0.353125 0.814063 0.360938 0.812500 0.362500 0.812500 0.365625 0.814063 0.367188 0.814063 0.373437 0.815625 0.371875 0.815625 0.368750 0.817187 0.367188 0.820312 0.367188 0.821875 0.365625 0.821875 0.362500 0.820312 0.362500 0.818750 0.360938 0.818750 0.359375 0.820312 0.357812 0.820312 0.353125 0.821875 0.351562 0.821875 0.346875 0.818750 0.343750 0.817187 0.343750 0.815625 0.342187 0.815625 0.340625
0 0.798438 0.337500 0.798438 0.342187 0.803125 0.342187 0.804688 0.343750 0.806250 0.342187 0.806250 0.340625 0.801562 0.340625
0 0.595313 0.318750 0.595313 0.326562 0.598437 0.326562 0.601562 0.323437 0.601562 0.318750
0 0.609375 0.312500 0.607812 0.314063 0.604688 0.314063 0.607812 0.317188 0.607812 0.323437 0.609375 0.325000 0.609375 0.326562 0.607812 0.328125 0.607812 0.332813 0.612500 0.337500 0.615625 0.337500 0.617188 0.335938 0.620313 0.335938 0.621875 0.334375 0.623437 0.335938 0.623437 0.339062 0.625000 0.340625 0.625000 0.345313 0.626563 0.346875 0.628125 0.346875 0.631250 0.350000 0.632812 0.350000 0.634375 0.351562 0.635938 0.351562 0.637500 0.353125 0.643750 0.353125 0.645312 0.354687 0.650000 0.350000 0.651563 0.350000 0.653125 0.348438 0.656250 0.351562 0.656250 0.357812 0.654687 0.359375 0.654687 0.360938 0.657813 0.364063 0.659375 0.364063 0.660937 0.365625 0.664062 0.365625 0.667188 0.368750 0.675000 0.368750 0.684375 0.378125 0.685937 0.378125 0.689063 0.381250 0.692187 0.381250 0.696875 0.385937 0.701562 0.385937 0.703125 0.387500 0.706250 0.387500 0.707812 0.385937 0.721875 0.385937 0.723437 0.384375 0.728125 0.384375 0.729688 0.382812 0.742188 0.382812 0.743750 0.381250 0.745313 0.381250 0.746875 0.379688 0.746875 0.376563 0.745313 0.375000 0.739062 0.375000 0.737500 0.373437 0.737500 0.367188 0.735938 0.367188 0.734375 0.368750 0.734375 0.371875 0.732812 0.373437 0.729688 0.373437 0.728125 0.371875 0.728125 0.368750 0.726562 0.367188 0.726562 0.359375 0.728125 0.357812 0.728125 0.354687 0.726562 0.353125 0.728125 0.351562 0.728125 0.350000 0.729688 0.348438 0.728125 0.346875 0.728125 0.335938 0.729688 0.334375 0.728125 0.332813 0.725000 0.332813 0.723437 0.331250 0.720313 0.331250 0.718750 0.332813 0.717187 0.332813 0.715625 0.334375 0.712500 0.331250 0.709375 0.331250 0.707812 0.329688 0.706250 0.329688 0.704688 0.331250 0.703125 0.331250 0.701562 0.332813 0.700000 0.332813 0.696875 0.329688 0.696875 0.325000 0.695312 0.323437 0.692187 0.323437 0.689063 0.320312 0.684375 0.325000 0.682813 0.323437 0.682813 0.321875 0.679688 0.318750 0.676562 0.318750 0.675000 0.317188 0.671875 0.317188 0.670312 0.318750 0.670312 0.326562 0.668750 0.328125 0.667188 0.326562 0.667188 0.317188 0.665625 0.317188 0.664062 0.315625 0.660937 0.315625 0.659375 0.314063 0.657813 0.314063 0.654687 0.317188 0.654687 0.318750 0.656250 0.320312 0.656250 0.342187 0.653125 0.345313 0.648438 0.340625 0.648438 0.339062 0.646875 0.337500 0.646875 0.331250 0.645312 0.329688 0.648438 0.326562 0.648438 0.323437 0.646875 0.321875 0.650000 0.318750 0.650000 0.317188 0.648438 0.315625 0.645312 0.315625 0.643750 0.314063 0.635938 0.314063 0.634375 0.312500 0.625000 0.312500 0.623437 0.314063 0.620313 0.314063 0.618750 0.312500
0 0.485938 0.296875 0.484375 0.298438 0.471875 0.298438 0.468750 0.301563 0.468750 0.309375 0.465625 0.312500 0.453125 0.312500 0.451562 0.314063 0.410938 0.314063 0.410938 0.315625 0.407813 0.318750 0.406250 0.318750 0.403125 0.315625 0.395313 0.323437 0.393750 0.323437 0.389062 0.328125 0.373437 0.328125 0.371875 0.329688 0.367188 0.329688 0.365625 0.328125 0.351562 0.328125 0.350000 0.326562 0.301563 0.326562 0.300000 0.328125 0.296875 0.328125 0.295312 0.329688 0.293750 0.329688 0.290625 0.332813 0.289062 0.332813 0.285938 0.335938 0.284375 0.335938 0.282813 0.337500 0.281250 0.337500 0.281250 0.339062 0.279687 0.340625 0.273438 0.340625 0.271875 0.342187 0.268750 0.342187 0.267188 0.343750 0.259375 0.343750 0.257812 0.345313 0.250000 0.345313 0.248438 0.346875 0.223438 0.346875 0.221875 0.348438 0.181250 0.348438 0.179688 0.350000 0.176563 0.350000 0.175000 0.351562 0.173437 0.351562 0.168750 0.356250 0.165625 0.356250 0.164062 0.357812 0.162500 0.357812 0.160938 0.359375 0.157812 0.359375 0.156250 0.360938 0.153125 0.360938 0.151562 0.362500 0.150000 0.362500 0.148438 0.364063 0.146875 0.364063 0.145313 0.365625 0.143750 0.365625 0.142187 0.367188 0.137500 0.367188 0.135937 0.368750 0.134375 0.368750 0.131250 0.371875 0.129688 0.371875 0.126562 0.375000 0.125000 0.375000 0.123438 0.376563 0.120313 0.376563 0.117188 0.379688 0.114062 0.379688 0.112500 0.381250 0.109375 0.381250 0.107813 0.382812 0.101562 0.382812 0.098437 0.385937 0.096875 0.385937 0.095312 0.387500 0.093750 0.387500 0.092188 0.389062 0.090625 0.389062 0.089063 0.390625 0.087500 0.390625 0.085938 0.392188 0.084375 0.392188 0.081250 0.395313 0.075000 0.395313 0.073438 0.396875 0.071875 0.396875 0.070312 0.398438 0.065625 0.398438 0.064062 0.400000 0.062500 0.400000 0.059375 0.403125 0.057813 0.403125 0.054688 0.406250 0.051562 0.406250 0.050000 0.407813 0.046875 0.407813 0.045312 0.409375 0.043750 0.409375 0.040625 0.412500 0.037500 0.412500 0.035937 0.414062 0.031250 0.414062 0.029687 0.415625 0.028125 0.415625 0.025000 0.418750 0.023438 0.418750 0.021875 0.420312 0.020313 0.420312 0.018750 0.421875 0.015625 0.421875 0.014063 0.423438 0.012500 0.423438 0.009375 0.426563 0.004687 0.426563 0.001563 0.429688 0.000000 0.429688 0.000000 0.664062 0.001563 0.665625 0.001563 0.667188 0.003125 0.668750 0.003125 0.671875 0.000000 0.675000 0.000000 0.690625 0.001563 0.692187 0.001563 0.715625 0.000000 0.717187 0.000000 0.726562 0.003125 0.729688 0.004687 0.729688 0.006250 0.731250 0.003125 0.734375 0.001563 0.734375 0.000000 0.735938 0.000000 0.740625 0.003125 0.743750 0.003125 0.750000 0.001563 0.751563 0.001563 0.757812 0.003125 0.759375 0.003125 0.764062 0.006250 0.767188 0.004687 0.768750 0.004687 0.804688 0.003125 0.806250 0.003125 0.807813 0.004687 0.809375 0.004687 0.810937 0.009375 0.810937 0.010937 0.812500 0.021875 0.812500 0.023438 0.810937 0.028125 0.810937 0.029687 0.812500 0.037500 0.812500 0.039062 0.810937 0.042188 0.810937 0.043750 0.812500 0.089063 0.812500 0.090625 0.814063 0.098437 0.814063 0.101562 0.810937 0.106250 0.810937 0.107813 0.812500 0.115625 0.812500 0.117188 0.810937 0.123438 0.810937 0.125000 0.812500 0.129688 0.812500 0.131250 0.810937 0.153125 0.810937 0.156250 0.814063 0.156250 0.815625 0.154688 0.817187 0.154688 0.818750 0.151562 0.821875 0.150000 0.821875 0.148438 0.823438 0.146875 0.823438 0.145313 0.825000 0.140625 0.825000 0.137500 0.821875 0.135937 0.821875 0.134375 0.823438 0.132812 0.823438 0.131250 0.825000 0.132812 0.825000 0.134375 0.826562 0.140625 0.826562 0.142187 0.828125 0.142187 0.829688 0.139063 0.832812 0.139063 0.834375 0.142187 0.837500 0.140625 0.839063 0.139063 0.839063 0.137500 0.840625 0.132812 0.840625 0.137500 0.840625 0.140625 0.843750 0.140625 0.846875 0.139063 0.848437 0.139063 0.850000 0.134375 0.854688 0.132812 0.854688 0.131250 0.856250 0.131250 0.857812 0.140625 0.857812 0.142187 0.859375 0.148438 0.859375 0.150000 0.860938 0.148438 0.862500 0.145313 0.862500 0.143750 0.864062 0.142187 0.864062 0.142187 0.865625 0.143750 0.867188 0.140625 0.870313 0.140625 0.873437 0.143750 0.876563 0.137500 0.882812 0.135937 0.882812 0.134375 0.884375 0.132812 0.884375 0.131250 0.885938 0.131250 0.887500 0.132812 0.889062 0.134375 0.889062 0.137500 0.892188 0.131250 0.898438 0.129688 0.898438 0.128125 0.900000 0.128125 0.901563 0.126562 0.903125 0.125000 0.903125 0.126562 0.904687 0.128125 0.904687 0.129688 0.906250 0.140625 0.906250 0.142187 0.904687 0.143750 0.904687 0.145313 0.906250 0.146875 0.904687 0.156250 0.904687 0.157812 0.906250 0.167187 0.906250 0.168750 0.904687 0.170313 0.904687 0.171875 0.903125 0.171875 0.901563 0.178125 0.895312 0.178125 0.892188 0.181250 0.889062 0.182812 0.890625 0.185938 0.890625 0.187500 0.892188 0.187500 0.904687 0.189062 0.906250 0.189062 0.907813 0.181250 0.915625 0.178125 0.912500 0.176563 0.912500 0.175000 0.910937 0.168750 0.910937 0.167187 0.909375 0.165625 0.909375 0.164062 0.910937 0.162500 0.910937 0.162500 0.912500 0.160938 0.914062 0.159375 0.912500 0.159375 0.910937 0.157812 0.910937 0.157812 0.912500 0.159375 0.912500 0.160938 0.914062 0.160938 0.915625 0.159375 0.917188 0.153125 0.917188 0.150000 0.920312 0.146875 0.917188 0.146875 0.915625 0.145313 0.914062 0.145313 0.910937 0.143750 0.910937 0.143750 0.915625 0.142187 0.917188 0.140625 0.915625 0.140625 0.910937 0.135937 0.910937 0.135937 0.914062 0.134375 0.915625 0.131250 0.912500 0.131250 0.910937 0.129688 0.910937 0.128125 0.912500 0.128125 0.915625 0.126562 0.917188 0.125000 0.915625 0.125000 0.914062 0.120313 0.914062 0.118750 0.915625 0.117188 0.915625 0.115625 0.914062 0.115625 0.906250 0.117188 0.904687 0.120313 0.904687 0.120313 0.901563 0.114062 0.901563 0.112500 0.903125 0.109375 0.903125 0.106250 0.900000 0.103125 0.903125 0.101562 0.903125 0.103125 0.903125 0.104688 0.904687 0.109375 0.904687 0.110937 0.906250 0.110937 0.907813 0.109375 0.909375 0.109375 0.910937 0.106250 0.914062 0.104688 0.914062 0.104688 0.915625 0.103125 0.917188 0.101562 0.917188 0.101562 0.918750 0.100000 0.920312 0.098437 0.920312 0.096875 0.921875 0.095312 0.921875 0.093750 0.920312 0.092188 0.920312 0.090625 0.918750 0.090625 0.917188 0.089063 0.918750 0.087500 0.918750 0.085938 0.920312 0.084375 0.920312 0.082812 0.921875 0.079687 0.921875 0.078125 0.920312 0.076563 0.920312 0.075000 0.918750 0.071875 0.918750 0.070312 0.920312 0.062500 0.920312 0.059375 0.917188 0.059375 0.915625 0.056250 0.918750 0.054688 0.918750 0.053125 0.920312 0.048438 0.920312 0.045312 0.917188 0.045312 0.915625 0.043750 0.914062 0.040625 0.917188 0.037500 0.917188 0.035937 0.918750 0.032813 0.918750 0.029687 0.915625 0.029687 0.914062 0.026562 0.914062 0.025000 0.915625 0.023438 0.915625 0.021875 0.914062 0.020313 0.914062 0.020313 0.915625 0.017188 0.918750 0.015625 0.917188 0.015625 0.910937 0.014063 0.910937 0.012500 0.912500 0.010937 0.912500 0.009375 0.914062 0.006250 0.910937 0.006250 0.906250 0.007812 0.904687 0.010937 0.904687 0.012500 0.906250 0.014063 0.906250 0.015625 0.904687 0.015625 0.903125 0.014063 0.901563 0.014063 0.900000 0.012500 0.898438 0.009375 0.901563 0.007812 0.901563 0.006250 0.900000 0.006250 0.898438 0.004687 0.900000 0.004687 0.906250 0.006250 0.907813 0.006250 0.910937 0.004687 0.912500 0.004687 0.918750 0.003125 0.920312 0.003125 0.925000 0.004687 0.926562 0.004687 0.928125 0.006250 0.929688 0.006250 0.931250 0.004687 0.932813 0.004687 0.937500 0.009375 0.937500 0.010937 0.939063 0.010937 0.940625 0.007812 0.943750 0.007812 0.945312 0.004687 0.948438 0.004687 0.964063 0.003125 0.965625 0.003125 0.998437 0.035937 0.998437 0.039062 0.995313 0.045312 0.995313 0.045312 0.993750 0.048438 0.990625 0.050000 0.990625 0.053125 0.993750 0.054688 0.992188 0.056250 0.993750 0.060937 0.993750 0.060937 0.992188 0.064062 0.989062 0.062500 0.987500 0.060937 0.987500 0.059375 0.985938 0.056250 0.989062 0.054688 0.989062 0.051562 0.985938 0.051562 0.984375 0.050000 0.985938 0.048438 0.985938 0.043750 0.981250 0.039062 0.981250 0.037500 0.979688 0.035937 0.979688 0.034375 0.981250 0.032813 0.981250 0.029687 0.978125 0.029687 0.976562 0.031250 0.975000 0.037500 0.975000 0.037500 0.973437 0.035937 0.971875 0.035937 0.970313 0.034375 0.971875 0.032813 0.971875 0.029687 0.968750 0.029687 0.967187 0.028125 0.965625 0.028125 0.964063 0.026562 0.965625 0.018750 0.965625 0.017188 0.967187 0.015625 0.965625 0.015625 0.964063 0.014063 0.962500 0.017188 0.959375 0.021875 0.959375 0.023438 0.957812 0.021875 0.956250 0.021875 0.954688 0.020313 0.953125 0.018750 0.953125 0.017188 0.954688 0.015625 0.953125 0.015625 0.950000 0.014063 0.948438 0.014063 0.945312 0.015625 0.943750 0.015625 0.940625 0.014063 0.939063 0.017188 0.935937 0.018750 0.937500 0.021875 0.937500 0.023438 0.935937 0.029687 0.935937 0.029687 0.934375 0.028125 0.932813 0.018750 0.932813 0.017188 0.934375 0.014063 0.931250 0.014063 0.929688 0.015625 0.928125 0.021875 0.928125 0.023438 0.926562 0.026562 0.926562 0.028125 0.928125 0.029687 0.926562 0.031250 0.926562 0.032813 0.925000 0.068750 0.925000 0.070312 0.923438 0.107813 0.923438 0.110937 0.926562 0.112500 0.925000 0.114062 0.925000 0.115625 0.923438 0.120313 0.923438 0.121875 0.925000 0.131250 0.925000 0.132812 0.923438 0.139063 0.923438 0.140625 0.925000 0.146875 0.925000 0.148438 0.923438 0.154688 0.923438 0.156250 0.925000 0.164062 0.925000 0.165625 0.923438 0.167187 0.923438 0.168750 0.925000 0.200000 0.925000 0.203125 0.928125 0.203125 0.929688 0.200000 0.932813 0.196875 0.932813 0.195312 0.934375 0.182812 0.934375 0.189062 0.934375 0.190625 0.935937 0.201563 0.935937 0.203125 0.937500 0.203125 0.943750 0.206250 0.943750 0.206250 0.937500 0.207813 0.935937 0.209375 0.935937 0.210938 0.937500 0.214062 0.937500 0.215625 0.939063 0.214062 0.940625 0.212500 0.940625 0.210938 0.942187 0.210938 0.943750 0.212500 0.945312 0.214062 0.945312 0.215625 0.946875 0.214062 0.948438 0.210938 0.948438 0.207813 0.951562 0.207813 0.953125 0.206250 0.954688 0.206250 0.956250 0.204687 0.957812 0.204687 0.962500 0.203125 0.964063 0.203125 0.967187 0.204687 0.967187 0.206250 0.968750 0.209375 0.968750 0.210938 0.967187 0.217188 0.967187 0.217188 0.964063 0.215625 0.962500 0.220312 0.957812 0.221875 0.957812 0.223438 0.959375 0.225000 0.957812 0.223438 0.956250 0.221875 0.957812 0.220312 0.957812 0.217188 0.954688 0.217188 0.948438 0.215625 0.946875 0.218750 0.943750 0.218750 0.940625 0.217188 0.939063 0.218750 0.937500 0.225000 0.937500 0.226562 0.935937 0.279687 0.935937 0.281250 0.934375 0.293750 0.934375 0.295312 0.935937 0.301563 0.935937 0.303125 0.934375 0.306250 0.934375 0.307812 0.935937 0.318750 0.935937 0.320312 0.934375 0.342187 0.934375 0.340625 0.932813 0.339062 0.934375 0.328125 0.934375 0.325000 0.931250 0.323437 0.932813 0.314063 0.932813 0.310937 0.929688 0.306250 0.929688 0.306250 0.931250 0.304688 0.932813 0.289062 0.932813 0.287500 0.934375 0.281250 0.934375 0.278125 0.931250 0.276562 0.932813 0.270313 0.932813 0.268750 0.934375 0.267188 0.934375 0.265625 0.932813 0.264062 0.932813 0.262500 0.931250 0.260937 0.932813 0.250000 0.932813 0.248438 0.931250 0.246875 0.931250 0.245312 0.932813 0.240625 0.932813 0.239063 0.931250 0.237500 0.931250 0.235937 0.929688 0.239063 0.926562 0.243750 0.926562 0.245312 0.925000 0.248438 0.925000 0.250000 0.926562 0.253125 0.926562 0.254688 0.925000 0.265625 0.925000 0.267188 0.926562 0.268750 0.925000 0.295312 0.925000 0.296875 0.926562 0.296875 0.928125 0.298438 0.929688 0.301563 0.926562 0.306250 0.926562 0.307812 0.925000 0.310937 0.925000 0.312500 0.926562 0.314063 0.926562 0.315625 0.925000 0.318750 0.925000 0.320312 0.923438 0.328125 0.923438 0.329688 0.925000 0.331250 0.925000 0.332813 0.923438 0.335938 0.923438 0.337500 0.921875 0.339062 0.921875 0.340625 0.923438 0.350000 0.923438 0.351562 0.921875 0.356250 0.921875 0.357812 0.923438 0.365625 0.923438 0.368750 0.920312 0.370312 0.921875 0.373437 0.921875 0.375000 0.923438 0.379688 0.923438 0.381250 0.921875 0.382812 0.921875 0.384375 0.920312 0.385937 0.921875 0.387500 0.921875 0.392188 0.926562 0.392188 0.928125 0.389062 0.931250 0.385937 0.931250 0.382812 0.934375 0.367188 0.934375 0.384375 0.934375 0.385937 0.935937 0.390625 0.935937 0.392188 0.937500 0.393750 0.935937 0.406250 0.935937 0.407813 0.937500 0.410938 0.937500 0.412500 0.935937 0.420312 0.935937 0.421875 0.934375 0.434375 0.934375 0.428125 0.934375 0.426563 0.932813 0.425000 0.934375 0.421875 0.934375 0.420312 0.932813 0.420312 0.931250 0.417187 0.931250 0.415625 0.932813 0.410938 0.928125 0.412500 0.926562 0.414062 0.926562 0.417187 0.923438 0.420312 0.923438 0.421875 0.925000 0.426563 0.925000 0.428125 0.923438 0.429688 0.923438 0.431250 0.921875 0.432812 0.921875 0.434375 0.923438 0.437500 0.923438 0.439063 0.925000 0.442188 0.925000 0.445312 0.921875 0.451562 0.921875 0.454688 0.925000 0.456250 0.923438 0.459375 0.923438 0.460938 0.921875 0.468750 0.921875 0.470313 0.923438 0.481250 0.923438 0.484375 0.926562 0.484375 0.929688 0.482812 0.931250 0.481250 0.931250 0.479687 0.932813 0.473438 0.932813 0.471875 0.934375 0.471875 0.935937 0.475000 0.935937 0.476562 0.934375 0.482812 0.934375 0.485938 0.937500 0.489063 0.937500 0.490625 0.935937 0.498437 0.935937 0.501563 0.939063 0.498437 0.942187 0.500000 0.943750 0.518750 0.943750 0.520312 0.945312 0.521875 0.943750 0.523438 0.943750 0.525000 0.942187 0.526563 0.943750 0.553125 0.943750 0.554688 0.942187 0.556250 0.942187 0.557813 0.943750 0.560937 0.943750 0.562500 0.942187 0.567187 0.942187 0.568750 0.943750 0.570312 0.943750 0.571875 0.945312 0.571875 0.946875 0.570312 0.948438 0.568750 0.948438 0.565625 0.951562 0.565625 0.954688 0.564063 0.956250 0.562500 0.956250 0.560937 0.957812 0.559375 0.957812 0.559375 0.959375 0.565625 0.959375 0.568750 0.962500 0.567187 0.964063 0.565625 0.964063 0.564063 0.965625 0.562500 0.965625 0.560937 0.964063 0.557813 0.964063 0.556250 0.965625 0.550000 0.965625 0.551562 0.967187 0.553125 0.967187 0.554688 0.965625 0.557813 0.965625 0.559375 0.967187 0.564063 0.967187 0.565625 0.968750 0.570312 0.968750 0.571875 0.967187 0.573438 0.968750 0.575000 0.968750 0.576562 0.970313 0.575000 0.971875 0.573438 0.971875 0.571875 0.973437 0.570312 0.973437 0.568750 0.971875 0.564063 0.971875 0.562500 0.973437 0.562500 0.975000 0.565625 0.975000 0.567187 0.976562 0.567187 0.978125 0.564063 0.981250 0.562500 0.981250 0.560937 0.979688 0.557813 0.979688 0.556250 0.981250 0.554688 0.981250 0.553125 0.979688 0.551562 0.979688 0.550000 0.981250 0.551562 0.982812 0.553125 0.982812 0.554688 0.981250 0.556250 0.981250 0.557813 0.982812 0.573438 0.982812 0.575000 0.984375 0.589063 0.984375 0.590625 0.985938 0.589063 0.987500 0.578125 0.987500 0.576562 0.989062 0.570312 0.989062 0.568750 0.990625 0.571875 0.993750 0.573438 0.993750 0.575000 0.995313 0.576562 0.993750 0.576562 0.992188 0.578125 0.990625 0.581250 0.990625 0.582812 0.992188 0.582812 0.993750 0.585938 0.996875 0.585938 0.998437 0.600000 0.998437 0.600000 0.992188 0.603125 0.989062 0.606250 0.992188 0.606250 0.993750 0.606250 0.992188 0.607812 0.990625 0.607812 0.989062 0.606250 0.987500 0.604688 0.987500 0.603125 0.989062 0.600000 0.985938 0.600000 0.984375 0.601562 0.982812 0.601562 0.981250 0.600000 0.979688 0.600000 0.976562 0.603125 0.973437 0.604688 0.973437 0.603125 0.973437 0.600000 0.970313 0.603125 0.967187 0.606250 0.967187 0.607812 0.965625 0.607812 0.964063 0.606250 0.962500 0.606250 0.960938 0.609375 0.957812 0.603125 0.957812 0.601562 0.956250 0.601562 0.951562 0.603125 0.950000 0.604688 0.950000 0.606250 0.951562 0.606250 0.950000 0.601562 0.950000 0.600000 0.948438 0.598437 0.948438 0.593750 0.953125 0.593750 0.959375 0.596875 0.962500 0.595313 0.964063 0.592187 0.964063 0.589063 0.960938 0.589063 0.957812 0.585938 0.954688 0.589063 0.951562 0.589063 0.950000 0.587500 0.950000 0.584375 0.946875 0.584375 0.943750 0.585938 0.942187 0.584375 0.940625 0.584375 0.932813 0.582812 0.932813 0.581250 0.931250 0.584375 0.928125 0.585938 0.928125 0.587500 0.926562 0.584375 0.923438 0.584375 0.921875 0.585938 0.920312 0.590625 0.920312 0.592187 0.918750 0.640625 0.918750 0.642188 0.917188 0.643750 0.918750 0.646875 0.918750 0.648438 0.917188 0.662500 0.917188 0.664062 0.918750 0.665625 0.918750 0.665625 0.917188 0.667188 0.915625 0.662500 0.910937 0.662500 0.909375 0.660937 0.907813 0.662500 0.906250 0.662500 0.901563 0.660937 0.900000 0.660937 0.898438 0.659375 0.896875 0.659375 0.895312 0.657813 0.893750 0.657813 0.890625 0.659375 0.889062 0.660937 0.889062 0.660937 0.885938 0.659375 0.885938 0.657813 0.884375 0.660937 0.881250 0.660937 0.873437 0.662500 0.871875 0.660937 0.870313 0.660937 0.868750 0.660937 0.870313 0.659375 0.871875 0.659375 0.875000 0.657813 0.876563 0.657813 0.878125 0.656250 0.879687 0.656250 0.882812 0.654687 0.884375 0.650000 0.884375 0.648438 0.885938 0.645312 0.885938 0.643750 0.887500 0.629687 0.887500 0.643750 0.887500 0.645312 0.889062 0.646875 0.889062 0.648438 0.887500 0.651563 0.887500 0.653125 0.889062 0.654687 0.889062 0.657813 0.892188 0.657813 0.893750 0.656250 0.895312 0.656250 0.898438 0.653125 0.901563 0.645312 0.901563 0.643750 0.903125 0.643750 0.904687 0.645312 0.906250 0.646875 0.904687 0.654687 0.904687 0.656250 0.906250 0.656250 0.909375 0.653125 0.912500 0.651563 0.912500 0.650000 0.914062 0.645312 0.909375 0.643750 0.909375 0.642188 0.910937 0.640625 0.910937 0.639062 0.912500 0.632812 0.912500 0.631250 0.910937 0.625000 0.910937 0.623437 0.912500 0.617188 0.912500 0.615625 0.910937 0.610938 0.910937 0.609375 0.912500 0.604688 0.912500 0.603125 0.914062 0.601562 0.912500 0.596875 0.912500 0.595313 0.914062 0.593750 0.914062 0.592187 0.912500 0.590625 0.912500 0.589063 0.914062 0.585938 0.914062 0.582812 0.910937 0.581250 0.912500 0.579688 0.912500 0.578125 0.914062 0.576562 0.912500 0.575000 0.914062 0.570312 0.914062 0.567187 0.910937 0.565625 0.912500 0.557813 0.912500 0.556250 0.914062 0.551562 0.909375 0.550000 0.910937 0.548438 0.910937 0.546875 0.912500 0.540625 0.912500 0.539062 0.910937 0.537500 0.910937 0.535937 0.909375 0.534375 0.909375 0.532813 0.910937 0.531250 0.910937 0.529687 0.912500 0.525000 0.912500 0.520312 0.907813 0.523438 0.904687 0.534375 0.904687 0.535937 0.906250 0.537500 0.904687 0.539062 0.904687 0.540625 0.903125 0.542188 0.904687 0.553125 0.904687 0.554688 0.903125 0.557813 0.903125 0.559375 0.904687 0.560937 0.903125 0.559375 0.901563 0.557813 0.903125 0.554688 0.903125 0.553125 0.901563 0.550000 0.901563 0.548438 0.903125 0.546875 0.903125 0.543750 0.900000 0.542188 0.901563 0.539062 0.901563 0.535937 0.898438 0.535937 0.896875 0.535937 0.898438 0.532813 0.901563 0.531250 0.901563 0.529687 0.900000 0.526563 0.900000 0.525000 0.901563 0.521875 0.898438 0.521875 0.896875 0.520312 0.895312 0.518750 0.895312 0.515625 0.898438 0.512500 0.898438 0.510938 0.900000 0.509375 0.900000 0.504687 0.895312 0.503125 0.895312 0.501563 0.896875 0.500000 0.896875 0.498437 0.898438 0.496875 0.898438 0.495312 0.900000 0.495312 0.901563 0.493750 0.903125 0.492188 0.901563 0.492188 0.900000 0.490625 0.898438 0.490625 0.895312 0.489063 0.893750 0.489063 0.890625 0.492188 0.887500 0.490625 0.885938 0.490625 0.879687 0.489063 0.878125 0.489063 0.876563 0.490625 0.875000 0.490625 0.870313 0.489063 0.868750 0.489063 0.864062 0.487500 0.862500 0.487500 0.860938 0.490625 0.857812 0.490625 0.854688 0.489063 0.853125 0.489063 0.848437 0.487500 0.846875 0.485938 0.846875 0.484375 0.848437 0.484375 0.850000 0.482812 0.851562 0.481250 0.851562 0.478125 0.848437 0.470313 0.848437 0.470313 0.850000 0.471875 0.851562 0.471875 0.853125 0.470313 0.854688 0.465625 0.854688 0.464062 0.856250 0.456250 0.856250 0.457813 0.857812 0.459375 0.856250 0.465625 0.856250 0.467187 0.857812 0.482812 0.857812 0.485938 0.860938 0.484375 0.862500 0.484375 0.864062 0.482812 0.865625 0.476562 0.865625 0.475000 0.864062 0.470313 0.864062 0.470313 0.865625 0.471875 0.865625 0.473438 0.867188 0.473438 0.868750 0.471875 0.870313 0.467187 0.870313 0.465625 0.868750 0.464062 0.870313 0.457813 0.870313 0.456250 0.871875 0.453125 0.871875 0.450000 0.868750 0.448437 0.870313 0.442188 0.870313 0.440625 0.871875 0.442188 0.873437 0.451562 0.873437 0.453125 0.871875 0.454688 0.871875 0.456250 0.873437 0.468750 0.873437 0.470313 0.875000 0.475000 0.875000 0.476562 0.873437 0.481250 0.873437 0.484375 0.876563 0.484375 0.878125 0.481250 0.881250 0.476562 0.881250 0.473438 0.878125 0.470313 0.878125 0.467187 0.881250 0.465625 0.881250 0.464062 0.882812 0.460938 0.882812 0.457813 0.879687 0.454688 0.879687 0.454688 0.881250 0.456250 0.882812 0.456250 0.884375 0.454688 0.885938 0.451562 0.882812 0.443750 0.882812 0.442188 0.881250 0.442188 0.884375 0.440625 0.885938 0.437500 0.885938 0.434375 0.882812 0.432812 0.884375 0.428125 0.884375 0.426563 0.882812 0.426563 0.884375 0.423438 0.887500 0.420312 0.884375 0.420312 0.882812 0.417187 0.882812 0.415625 0.884375 0.410938 0.879687 0.407813 0.879687 0.410938 0.882812 0.410938 0.884375 0.409375 0.885938 0.401562 0.885938 0.400000 0.887500 0.398438 0.887500 0.396875 0.885938 0.393750 0.885938 0.392188 0.887500 0.390625 0.885938 0.385937 0.885938 0.384375 0.887500 0.382812 0.885938 0.381250 0.885938 0.379688 0.884375 0.378125 0.885938 0.375000 0.885938 0.373437 0.884375 0.370312 0.884375 0.368750 0.885938 0.364063 0.881250 0.360938 0.884375 0.356250 0.879687 0.354687 0.881250 0.353125 0.881250 0.351562 0.879687 0.351562 0.878125 0.350000 0.876563 0.350000 0.875000 0.351562 0.873437 0.351562 0.871875 0.345313 0.871875 0.342187 0.868750 0.342187 0.865625 0.340625 0.864062 0.339062 0.864062 0.337500 0.865625 0.332813 0.865625 0.329688 0.868750 0.328125 0.867188 0.328125 0.862500 0.326562 0.860938 0.329688 0.857812 0.335938 0.857812 0.337500 0.856250 0.339062 0.857812 0.348438 0.857812 0.350000 0.856250 0.348438 0.854688 0.346875 0.856250 0.343750 0.856250 0.342187 0.854688 0.339062 0.854688 0.337500 0.856250 0.335938 0.854688 0.334375 0.854688 0.332813 0.853125 0.332813 0.848437 0.331250 0.848437 0.331250 0.850000 0.332813 0.851562 0.332813 0.853125 0.331250 0.854688 0.329688 0.854688 0.328125 0.853125 0.328125 0.848437 0.326562 0.848437 0.325000 0.846875 0.325000 0.848437 0.323437 0.850000 0.323437 0.851562 0.321875 0.853125 0.321875 0.854688 0.320312 0.856250 0.320312 0.857812 0.318750 0.859375 0.315625 0.856250 0.315625 0.854688 0.314063 0.853125 0.315625 0.851562 0.315625 0.850000 0.317188 0.848437 0.317188 0.842187 0.315625 0.842187 0.314063 0.840625 0.312500 0.840625 0.312500 0.845313 0.310937 0.846875 0.310937 0.851562 0.307812 0.854688 0.304688 0.854688 0.303125 0.856250 0.301563 0.856250 0.301563 0.857812 0.304688 0.857812 0.306250 0.859375 0.307812 0.859375 0.309375 0.860938 0.307812 0.862500 0.296875 0.862500 0.295312 0.864062 0.292187 0.864062 0.290625 0.865625 0.289062 0.864062 0.287500 0.864062 0.285938 0.862500 0.282813 0.862500 0.281250 0.864062 0.276562 0.864062 0.275000 0.865625 0.270313 0.860938 0.270313 0.859375 0.271875 0.857812 0.278125 0.857812 0.279687 0.856250 0.278125 0.854688 0.270313 0.854688 0.268750 0.856250 0.257812 0.856250 0.256250 0.854688 0.251563 0.854688 0.250000 0.856250 0.248438 0.854688 0.245312 0.854688 0.243750 0.856250 0.239063 0.851562 0.240625 0.850000 0.239063 0.848437 0.237500 0.848437 0.235937 0.846875 0.234375 0.848437 0.232813 0.848437 0.228125 0.853125 0.226562 0.851562 0.226562 0.850000 0.223438 0.846875 0.221875 0.848437 0.217188 0.848437 0.215625 0.850000 0.215625 0.853125 0.214062 0.854688 0.210938 0.854688 0.209375 0.853125 0.209375 0.848437 0.207813 0.846875 0.204687 0.846875 0.203125 0.848437 0.201563 0.848437 0.200000 0.850000 0.201563 0.851562 0.201563 0.853125 0.200000 0.854688 0.198437 0.854688 0.196875 0.856250 0.195312 0.854688 0.193750 0.854688 0.192188 0.853125 0.192188 0.851562 0.193750 0.850000 0.193750 0.848437 0.192188 0.846875 0.189062 0.846875 0.187500 0.848437 0.185938 0.848437 0.185938 0.850000 0.187500 0.850000 0.190625 0.853125 0.189062 0.854688 0.184375 0.854688 0.182812 0.856250 0.181250 0.856250 0.178125 0.853125 0.178125 0.846875 0.176563 0.845313 0.179688 0.842187 0.189062 0.842187 0.190625 0.843750 0.192188 0.843750 0.193750 0.842187 0.195312 0.842187 0.196875 0.840625 0.198437 0.842187 0.204687 0.842187 0.206250 0.843750 0.207813 0.843750 0.209375 0.842187 0.217188 0.842187 0.218750 0.840625 0.220312 0.840625 0.221875 0.842187 0.240625 0.842187 0.242188 0.840625 0.246875 0.840625 0.242188 0.840625 0.240625 0.839063 0.225000 0.839063 0.223438 0.837500 0.226562 0.834375 0.229687 0.834375 0.231250 0.835938 0.239063 0.835938 0.240625 0.834375 0.242188 0.834375 0.242188 0.832812 0.240625 0.831250 0.239063 0.831250 0.237500 0.829688 0.239063 0.828125 0.240625 0.828125 0.242188 0.826562 0.264062 0.826562 0.267188 0.829688 0.267188 0.832812 0.270313 0.835938 0.270313 0.837500 0.268750 0.839063 0.267188 0.839063 0.265625 0.840625 0.260937 0.840625 0.262500 0.840625 0.264062 0.842187 0.271875 0.842187 0.273438 0.840625 0.270313 0.837500 0.270313 0.835938 0.271875 0.834375 0.271875 0.832812 0.268750 0.829688 0.271875 0.826562 0.298438 0.826562 0.300000 0.825000 0.309375 0.825000 0.312500 0.828125 0.312500 0.834375 0.314063 0.835938 0.315625 0.834375 0.317188 0.834375 0.318750 0.832812 0.318750 0.828125 0.320312 0.826562 0.321875 0.826562 0.323437 0.825000 0.323437 0.820312 0.321875 0.820312 0.320312 0.818750 0.318750 0.818750 0.317188 0.817187 0.312500 0.817187 0.312500 0.818750 0.310937 0.820312 0.306250 0.820312 0.304688 0.821875 0.301563 0.821875 0.300000 0.823438 0.296875 0.823438 0.293750 0.820312 0.292187 0.821875 0.289062 0.821875 0.287500 0.823438 0.284375 0.823438 0.282813 0.825000 0.279687 0.821875 0.279687 0.820312 0.281250 0.818750 0.282813 0.818750 0.282813 0.817187 0.281250 0.817187 0.279687 0.818750 0.273438 0.818750 0.271875 0.817187 0.268750 0.817187 0.267188 0.815625 0.265625 0.817187 0.257812 0.817187 0.256250 0.815625 0.254688 0.815625 0.253125 0.814063 0.254688 0.812500 0.256250 0.812500 0.257812 0.810937 0.265625 0.810937 0.267188 0.812500 0.268750 0.812500 0.270313 0.810937 0.304688 0.810937 0.306250 0.809375 0.307812 0.810937 0.328125 0.810937 0.329688 0.812500 0.334375 0.812500 0.335938 0.810937 0.406250 0.810937 0.407813 0.812500 0.410938 0.812500 0.412500 0.810937 0.421875 0.810937 0.423438 0.812500 0.426563 0.812500 0.428125 0.810937 0.440625 0.810937 0.442188 0.812500 0.443750 0.810937 0.484375 0.810937 0.485938 0.812500 0.489063 0.812500 0.490625 0.810937 0.495312 0.810937 0.496875 0.809375 0.498437 0.810937 0.545312 0.810937 0.548438 0.814063 0.546875 0.815625 0.545312 0.815625 0.543750 0.817187 0.529687 0.817187 0.528125 0.818750 0.526563 0.817187 0.515625 0.817187 0.515625 0.818750 0.520312 0.818750 0.523438 0.821875 0.521875 0.823438 0.518750 0.823438 0.517188 0.825000 0.509375 0.825000 0.507812 0.823438 0.506250 0.823438 0.504687 0.821875 0.504687 0.820312 0.506250 0.818750 0.504687 0.817187 0.500000 0.817187 0.500000 0.818750 0.501563 0.820312 0.503125 0.820312 0.504687 0.821875 0.503125 0.823438 0.501563 0.823438 0.500000 0.825000 0.501563 0.826562 0.501563 0.829688 0.500000 0.831250 0.500000 0.834375 0.503125 0.837500 0.500000 0.840625 0.501563 0.842187 0.506250 0.842187 0.507812 0.840625 0.504687 0.837500 0.504687 0.835938 0.506250 0.834375 0.506250 0.831250 0.504687 0.829688 0.504687 0.828125 0.506250 0.826562 0.507812 0.826562 0.509375 0.825000 0.514062 0.825000 0.515625 0.826562 0.531250 0.826562 0.532813 0.828125 0.535937 0.828125 0.537500 0.826562 0.581250 0.826562 0.582812 0.828125 0.584375 0.826562 0.595313 0.826562 0.596875 0.828125 0.600000 0.828125 0.601562 0.826562 0.612500 0.826562 0.614062 0.828125 0.621875 0.828125 0.623437 0.829688 0.621875 0.831250 0.620313 0.831250 0.618750 0.832812 0.617188 0.832812 0.615625 0.831250 0.609375 0.831250 0.607812 0.832812 0.604688 0.832812 0.606250 0.834375 0.620313 0.834375 0.621875 0.835938 0.626563 0.835938 0.628125 0.837500 0.626563 0.839063 0.617188 0.839063 0.615625 0.840625 0.614062 0.840625 0.621875 0.840625 0.623437 0.842187 0.635938 0.842187 0.637500 0.843750 0.639062 0.843750 0.640625 0.845313 0.635938 0.850000 0.634375 0.850000 0.632812 0.848437 0.626563 0.848437 0.628125 0.850000 0.629687 0.850000 0.631250 0.851562 0.631250 0.853125 0.628125 0.856250 0.614062 0.856250 0.626563 0.856250 0.628125 0.857812 0.637500 0.857812 0.640625 0.860938 0.640625 0.862500 0.639062 0.864062 0.639062 0.865625 0.640625 0.867188 0.642188 0.867188 0.643750 0.868750 0.642188 0.870313 0.639062 0.870313 0.637500 0.868750 0.635938 0.870313 0.631250 0.870313 0.629687 0.871875 0.639062 0.871875 0.640625 0.873437 0.642188 0.873437 0.643750 0.875000 0.645312 0.875000 0.646875 0.873437 0.651563 0.873437 0.653125 0.871875 0.651563 0.870313 0.648438 0.870313 0.646875 0.868750 0.646875 0.864062 0.645312 0.862500 0.645312 0.859375 0.646875 0.857812 0.646875 0.856250 0.645312 0.854688 0.645312 0.846875 0.643750 0.845313 0.645312 0.843750 0.645312 0.839063 0.642188 0.839063 0.640625 0.837500 0.643750 0.834375 0.645312 0.834375 0.646875 0.832812 0.646875 0.826562 0.643750 0.826562 0.640625 0.829688 0.640625 0.834375 0.639062 0.835938 0.637500 0.835938 0.635938 0.834375 0.635938 0.832812 0.632812 0.829688 0.635938 0.826562 0.635938 0.823438 0.634375 0.821875 0.635938 0.820312 0.635938 0.818750 0.637500 0.817187 0.639062 0.817187 0.640625 0.818750 0.642188 0.818750 0.643750 0.817187 0.642188 0.815625 0.642188 0.814063 0.645312 0.810937 0.656250 0.810937 0.657813 0.812500 0.659375 0.812500 0.660937 0.810937 0.682813 0.810937 0.684375 0.809375 0.685937 0.810937 0.693750 0.810937 0.695312 0.812500 0.698438 0.812500 0.700000 0.810937 0.701562 0.810937 0.703125 0.812500 0.704688 0.810937 0.706250 0.810937 0.707812 0.809375 0.707812 0.804688 0.709375 0.803125 0.709375 0.801562 0.707812 0.801562 0.706250 0.800000 0.704688 0.800000 0.704688 0.803125 0.703125 0.804688 0.700000 0.804688 0.695312 0.800000 0.695312 0.792188 0.693750 0.790625 0.693750 0.789062 0.695312 0.787500 0.698438 0.787500 0.700000 0.789062 0.707812 0.789062 0.709375 0.787500 0.710938 0.787500 0.710938 0.785937 0.707812 0.782813 0.707812 0.781250 0.709375 0.779687 0.714063 0.779687 0.715625 0.778125 0.717187 0.779687 0.718750 0.779687 0.720313 0.781250 0.718750 0.782813 0.718750 0.784375 0.717187 0.785937 0.718750 0.787500 0.718750 0.789062 0.720313 0.790625 0.720313 0.792188 0.718750 0.793750 0.714063 0.793750 0.720313 0.793750 0.721875 0.795312 0.725000 0.795312 0.726562 0.793750 0.723437 0.790625 0.726562 0.787500 0.726562 0.785937 0.725000 0.784375 0.723437 0.784375 0.721875 0.782813 0.725000 0.779687 0.729688 0.779687 0.731250 0.778125 0.734375 0.781250 0.734375 0.784375 0.732812 0.785937 0.732812 0.787500 0.734375 0.789062 0.734375 0.790625 0.731250 0.793750 0.729688 0.793750 0.732812 0.793750 0.734375 0.795312 0.742188 0.795312 0.743750 0.793750 0.746875 0.793750 0.748437 0.795312 0.757812 0.795312 0.759375 0.793750 0.762500 0.793750 0.764062 0.795312 0.773438 0.795312 0.775000 0.793750 0.778125 0.793750 0.779687 0.795312 0.784375 0.795312 0.785937 0.796875 0.787500 0.795312 0.796875 0.795312 0.798438 0.796875 0.810937 0.796875 0.812500 0.798438 0.807813 0.803125 0.807813 0.806250 0.804688 0.809375 0.803125 0.809375 0.818750 0.809375 0.820312 0.810937 0.826562 0.810937 0.828125 0.809375 0.832812 0.809375 0.834375 0.810937 0.835938 0.810937 0.837500 0.812500 0.839063 0.812500 0.840625 0.810937 0.845313 0.815625 0.848437 0.812500 0.848437 0.807813 0.850000 0.806250 0.850000 0.793750 0.848437 0.792188 0.848437 0.789062 0.850000 0.787500 0.850000 0.785937 0.848437 0.784375 0.848437 0.779687 0.850000 0.778125 0.846875 0.778125 0.845313 0.779687 0.843750 0.778125 0.835938 0.778125 0.832812 0.775000 0.832812 0.773438 0.835938 0.770312 0.837500 0.770312 0.837500 0.768750 0.840625 0.765625 0.842187 0.767188 0.842187 0.768750 0.845313 0.771875 0.846875 0.771875 0.848437 0.770312 0.850000 0.770312 0.850000 0.767188 0.851562 0.765625 0.853125 0.765625 0.854688 0.764062 0.856250 0.764062 0.859375 0.767188 0.859375 0.770312 0.865625 0.770312 0.867188 0.768750 0.867188 0.767188 0.868750 0.765625 0.870313 0.765625 0.871875 0.764062 0.875000 0.767188 0.875000 0.770312 0.878125 0.770312 0.878125 0.768750 0.879687 0.767188 0.875000 0.762500 0.875000 0.759375 0.876563 0.757812 0.887500 0.757812 0.890625 0.760938 0.890625 0.767188 0.892188 0.768750 0.892188 0.770312 0.892188 0.767188 0.893750 0.765625 0.893750 0.764062 0.895312 0.762500 0.896875 0.764062 0.907813 0.764062 0.910937 0.760938 0.914062 0.764062 0.917188 0.764062 0.918750 0.762500 0.920312 0.762500 0.921875 0.764062 0.923438 0.764062 0.925000 0.762500 0.928125 0.762500 0.929688 0.764062 0.931250 0.764062 0.932813 0.762500 0.934375 0.762500 0.932813 0.760938 0.932813 0.759375 0.931250 0.757812 0.931250 0.756250 0.926562 0.751563 0.926562 0.745313 0.925000 0.743750 0.928125 0.740625 0.939063 0.740625 0.940625 0.739062 0.943750 0.739062 0.945312 0.740625 0.948438 0.740625 0.950000 0.739062 0.951562 0.740625 0.964063 0.740625 0.965625 0.739062 0.967187 0.740625 0.968750 0.740625 0.970313 0.742188 0.971875 0.740625 0.975000 0.740625 0.976562 0.739062 0.978125 0.739062 0.978125 0.737500 0.979688 0.735938 0.978125 0.735938 0.976562 0.734375 0.975000 0.734375 0.971875 0.731250 0.975000 0.728125 0.976562 0.728125 0.976562 0.726562 0.978125 0.725000 0.981250 0.725000 0.984375 0.728125 0.984375 0.734375 0.985938 0.734375 0.987500 0.735938 0.990625 0.735938 0.992188 0.737500 0.993750 0.737500 0.995313 0.735938 0.990625 0.731250 0.990625 0.729688 0.992188 0.728125 0.992188 0.723437 0.993750 0.721875 0.993750 0.720313 0.990625 0.717187 0.990625 0.714063 0.992188 0.712500 0.992188 0.709375 0.990625 0.707812 0.990625 0.704688 0.989062 0.703125 0.987500 0.703125 0.984375 0.706250 0.984375 0.714063 0.982812 0.715625 0.982812 0.717187 0.984375 0.718750 0.984375 0.720313 0.982812 0.721875 0.981250 0.721875 0.978125 0.718750 0.973437 0.718750 0.971875 0.720313 0.970313 0.720313 0.973437 0.723437 0.971875 0.725000 0.971875 0.726562 0.970313 0.728125 0.968750 0.726562 0.967187 0.726562 0.965625 0.725000 0.962500 0.725000 0.960938 0.723437 0.960938 0.721875 0.959375 0.720313 0.959375 0.718750 0.957812 0.717187 0.957812 0.715625 0.959375 0.714063 0.959375 0.712500 0.960938 0.710938 0.959375 0.709375 0.959375 0.704688 0.953125 0.704688 0.954688 0.706250 0.954688 0.709375 0.953125 0.710938 0.950000 0.710938 0.948438 0.709375 0.946875 0.709375 0.942187 0.704688 0.942187 0.692187 0.940625 0.692187 0.939063 0.690625 0.939063 0.689063 0.939063 0.690625 0.937500 0.692187 0.939063 0.692187 0.940625 0.693750 0.940625 0.695312 0.942187 0.696875 0.942187 0.700000 0.940625 0.701562 0.937500 0.701562 0.935937 0.700000 0.935937 0.695312 0.931250 0.695312 0.928125 0.692187 0.928125 0.684375 0.931250 0.681250 0.934375 0.684375 0.937500 0.681250 0.945312 0.681250 0.946875 0.679688 0.951562 0.679688 0.953125 0.681250 0.954688 0.681250 0.956250 0.679688 0.959375 0.679688 0.960938 0.681250 0.964063 0.681250 0.965625 0.679688 0.975000 0.679688 0.978125 0.682813 0.982812 0.682813 0.984375 0.684375 0.987500 0.684375 0.989062 0.685937 0.992188 0.685937 0.993750 0.684375 0.995313 0.684375 0.998437 0.681250 0.998437 0.675000 0.996875 0.673438 0.998437 0.671875 0.998437 0.646875 0.996875 0.645312 0.998437 0.643750 0.998437 0.631250 0.996875 0.629687 0.998437 0.628125 0.998437 0.589063 0.995313 0.585938 0.995313 0.582812 0.993750 0.581250 0.987500 0.581250 0.985938 0.579688 0.985938 0.576562 0.984375 0.576562 0.982812 0.575000 0.979688 0.575000 0.976562 0.571875 0.975000 0.571875 0.970313 0.567187 0.968750 0.567187 0.962500 0.560937 0.959375 0.560937 0.957812 0.559375 0.956250 0.559375 0.953125 0.556250 0.951562 0.556250 0.950000 0.554688 0.948438 0.554688 0.945312 0.551562 0.942187 0.551562 0.937500 0.546875 0.935937 0.546875 0.934375 0.545312 0.932813 0.545312 0.926562 0.539062 0.925000 0.539062 0.923438 0.537500 0.918750 0.537500 0.915625 0.534375 0.914062 0.534375 0.910937 0.531250 0.909375 0.531250 0.907813 0.529687 0.906250 0.529687 0.903125 0.526563 0.901563 0.526563 0.898438 0.523438 0.896875 0.523438 0.895312 0.521875 0.893750 0.521875 0.892188 0.520312 0.889062 0.520312 0.885938 0.517188 0.884375 0.517188 0.881250 0.514062 0.879687 0.514062 0.876563 0.510938 0.875000 0.510938 0.871875 0.507812 0.870313 0.507812 0.868750 0.506250 0.867188 0.506250 0.865625 0.504687 0.864062 0.504687 0.860938 0.501563 0.859375 0.501563 0.856250 0.498437 0.853125 0.498437 0.848437 0.493750 0.846875 0.493750 0.845313 0.492188 0.843750 0.492188 0.842187 0.490625 0.839063 0.490625 0.832812 0.484375 0.831250 0.484375 0.829688 0.482812 0.828125 0.482812 0.826562 0.481250 0.825000 0.481250 0.818750 0.475000 0.814063 0.475000 0.812500 0.473438 0.809375 0.473438 0.803125 0.467187 0.801562 0.467187 0.798438 0.464062 0.795312 0.464062 0.792188 0.460938 0.790625 0.460938 0.789062 0.459375 0.787500 0.459375 0.784375 0.456250 0.782813 0.456250 0.778125 0.451562 0.776563 0.451562 0.773438 0.448437 0.771875 0.448437 0.768750 0.445312 0.765625 0.445312 0.764062 0.443750 0.762500 0.443750 0.759375 0.440625 0.757812 0.440625 0.756250 0.439063 0.754687 0.439063 0.751563 0.435937 0.750000 0.435937 0.745313 0.431250 0.743750 0.431250 0.742188 0.429688 0.740625 0.429688 0.739062 0.428125 0.737500 0.428125 0.734375 0.425000 0.731250 0.425000 0.728125 0.421875 0.726562 0.421875 0.725000 0.420312 0.723437 0.420312 0.721875 0.418750 0.720313 0.418750 0.715625 0.414062 0.712500 0.414062 0.707812 0.409375 0.706250 0.409375 0.701562 0.404687 0.700000 0.404687 0.698438 0.403125 0.696875 0.403125 0.692187 0.398438 0.689063 0.398438 0.687500 0.396875 0.684375 0.396875 0.682813 0.395313 0.681250 0.395313 0.676562 0.390625 0.675000 0.390625 0.673438 0.389062 0.670312 0.389062 0.667188 0.385937 0.665625 0.385937 0.660937 0.381250 0.657813 0.381250 0.656250 0.379688 0.653125 0.379688 0.651563 0.378125 0.650000 0.378125 0.648438 0.376563 0.648438 0.375000 0.646875 0.373437 0.645312 0.373437 0.642188 0.370312 0.640625 0.370312 0.637500 0.367188 0.634375 0.367188 0.632812 0.365625 0.631250 0.365625 0.629687 0.364063 0.628125 0.364063 0.626563 0.362500 0.625000 0.362500 0.618750 0.356250 0.617188 0.356250 0.615625 0.354687 0.614062 0.354687 0.612500 0.353125 0.610938 0.353125 0.609375 0.351562 0.607812 0.351562 0.606250 0.350000 0.603125 0.350000 0.598437 0.345313 0.598437 0.343750 0.596875 0.342187 0.595313 0.342187 0.593750 0.340625 0.592187 0.340625 0.590625 0.339062 0.589063 0.339062 0.585938 0.335938 0.585938 0.334375 0.584375 0.332813 0.582812 0.332813 0.581250 0.331250 0.575000 0.331250 0.573438 0.329688 0.573438 0.326562 0.570312 0.323437 0.568750 0.323437 0.564063 0.318750 0.564063 0.317188 0.559375 0.317188 0.557813 0.315625 0.556250 0.315625 0.554688 0.314063 0.542188 0.314063 0.540625 0.312500 0.532813 0.312500 0.529687 0.309375 0.529687 0.303125 0.528125 0.301563 0.526563 0.301563 0.525000 0.300000 0.521875 0.300000 0.520312 0.298438 0.510938 0.298438 0.509375 0.296875