0 0.964063 0.992188 0.962500 0.993750 0.965625 0.993750 0.965625 0.992188
0 0.962500 0.975000 0.962500 0.981250 0.964063 0.982812 0.965625 0.982812 0.967187 0.981250 0.965625 0.979688 0.965625 0.975000
0 0.990625 0.973437 0.989062 0.975000 0.989062 0.979688 0.992188 0.979688 0.993750 0.978125 0.993750 0.976562 0.992188 0.976562 0.990625 0.975000
0 0.868750 0.753125 0.867188 0.754687 0.860938 0.754687 0.871875 0.754687 0.870313 0.754687
0 0.790625 0.471875 0.790625 0.475000 0.793750 0.478125 0.793750 0.471875
0 0.953125 0.454688 0.953125 0.459375 0.954688 0.460938 0.959375 0.460938 0.960938 0.462500 0.962500 0.462500 0.964063 0.460938 0.965625 0.460938 0.968750 0.464062 0.968750 0.465625 0.970313 0.467187 0.973437 0.467187 0.975000 0.465625 0.973437 0.464062 0.973437 0.462500 0.971875 0.462500 0.968750 0.459375 0.967187 0.459375 0.965625 0.457813 0.962500 0.457813 0.960938 0.456250 0.959375 0.457813 0.957812 0.457813 0.954688 0.454688
0 0.940625 0.450000 0.940625 0.451562 0.945312 0.451562 0.943750 0.450000
0 0.929688 0.446875 0.929688 0.448437 0.931250 0.448437 0.931250 0.446875
0 0.918750 0.442188 0.918750 0.443750 0.920312 0.443750 0.921875 0.445312 0.923438 0.445312 0.925000 0.443750 0.923438 0.442188
0 0.896875 0.434375 0.900000 0.437500 0.907813 0.437500 0.909375 0.435937 0.907813 0.434375
0 0.814063 0.398438 0.810937 0.401562 0.810937 0.404687 0.812500 0.406250 0.812500 0.409375 0.810937 0.410938 0.810937 0.412500 0.807813 0.415625 0.807813 0.417187 0.806250 0.418750 0.806250 0.420312 0.804688 0.421875 0.804688 0.431250 0.801562 0.434375 0.801562 0.435937 0.800000 0.437500 0.800000 0.440625 0.798438 0.442188 0.798438 0.443750 0.796875 0.445312 0.796875 0.451562 0.795312 0.453125 0.795312 0.468750 0.800000 0.468750 0.801562 0.470313 0.804688 0.470313 0.806250 0.468750 0.807813 0.470313 0.810937 0.470313 0.812500 0.468750 0.821875 0.468750 0.823438 0.470313 0.826562 0.470313 0.828125 0.468750 0.839063 0.468750 0.840625 0.470313 0.842187 0.468750 0.846875 0.468750 0.848437 0.467187 0.850000 0.467187 0.851562 0.465625 0.851562 0.460938 0.854688 0.457813 0.854688 0.456250 0.856250 0.454688 0.856250 0.453125 0.857812 0.451562 0.857812 0.446875 0.859375 0.445312 0.859375 0.439063 0.860938 0.437500 0.862500 0.437500 0.864062 0.435937 0.864062 0.432812 0.862500 0.432812 0.859375 0.429688 0.860938 0.428125 0.860938 0.423438 0.862500 0.421875 0.864062 0.421875 0.865625 0.420312 0.865625 0.418750 0.864062 0.417187 0.856250 0.417187 0.854688 0.415625 0.853125 0.415625 0.851562 0.414062 0.850000 0.414062 0.846875 0.410938 0.837500 0.410938 0.834375 0.407813 0.834375 0.404687 0.831250 0.404687 0.828125 0.401562 0.823438 0.401562 0.821875 0.400000 0.820312 0.400000 0.818750 0.398438
0 0.826562 0.395313 0.826562 0.396875 0.828125 0.398438 0.842187 0.398438 0.843750 0.400000 0.842187 0.401562 0.840625 0.401562 0.840625 0.403125 0.856250 0.403125 0.857812 0.404687 0.864062 0.404687 0.865625 0.403125 0.871875 0.403125 0.868750 0.403125 0.867188 0.401562 0.864062 0.401562 0.860938 0.398438 0.860938 0.396875 0.859375 0.395313
0 0.526563 0.328125 0.525000 0.329688 0.510938 0.329688 0.509375 0.331250 0.507812 0.329688 0.485938 0.329688 0.484375 0.331250 0.482812 0.331250 0.481250 0.332813 0.468750 0.332813 0.467187 0.334375 0.462500 0.334375 0.460938 0.335938 0.450000 0.335938 0.448437 0.337500 0.442188 0.337500 0.440625 0.339062 0.437500 0.339062 0.435937 0.340625 0.426563 0.340625 0.425000 0.342187 0.421875 0.342187 0.420312 0.343750 0.406250 0.343750 0.404687 0.345313 0.362500 0.345313 0.360938 0.346875 0.359375 0.346875 0.357812 0.345313 0.346875 0.345313 0.345313 0.346875 0.329688 0.346875 0.328125 0.345313 0.318750 0.345313 0.317188 0.346875 0.307812 0.346875 0.306250 0.348438 0.301563 0.348438 0.300000 0.350000 0.296875 0.350000 0.295312 0.351562 0.285938 0.351562 0.284375 0.353125 0.282813 0.353125 0.282813 0.354687 0.276562 0.360938 0.275000 0.360938 0.270313 0.365625 0.265625 0.365625 0.264062 0.367188 0.259375 0.367188 0.257812 0.368750 0.251563 0.368750 0.248438 0.371875 0.245312 0.371875 0.243750 0.373437 0.234375 0.373437 0.232813 0.375000 0.229687 0.375000 0.228125 0.376563 0.218750 0.376563 0.217188 0.375000 0.214062 0.375000 0.212500 0.376563 0.204687 0.376563 0.203125 0.378125 0.200000 0.378125 0.198437 0.379688 0.190625 0.379688 0.189062 0.381250 0.184375 0.381250 0.182812 0.382812 0.173437 0.382812 0.171875 0.384375 0.165625 0.384375 0.164062 0.385937 0.159375 0.385937 0.157812 0.387500 0.153125 0.387500 0.151562 0.389062 0.139063 0.389062 0.137500 0.390625 0.125000 0.390625 0.123438 0.392188 0.117188 0.392188 0.115625 0.393750 0.110937 0.393750 0.109375 0.395313 0.103125 0.395313 0.101562 0.396875 0.090625 0.396875 0.089063 0.398438 0.078125 0.398438 0.076563 0.400000 0.071875 0.400000 0.070312 0.401562 0.065625 0.401562 0.064062 0.403125 0.051562 0.403125 0.050000 0.404687 0.040625 0.404687 0.039062 0.406250 0.028125 0.406250 0.026562 0.407813 0.020313 0.407813 0.018750 0.409375 0.017188 0.409375 0.015625 0.410938 0.006250 0.410938 0.004687 0.412500 0.001563 0.412500 0.000000 0.414062 0.000000 0.998437 0.906250 0.998437 0.906250 0.995313 0.907813 0.993750 0.909375 0.995313 0.909375 0.998437 0.921875 0.998437 0.921875 0.987500 0.923438 0.985938 0.926562 0.989062 0.926562 0.990625 0.925000 0.992188 0.925000 0.993750 0.926562 0.995313 0.928125 0.995313 0.929688 0.996875 0.929688 0.998437 0.935937 0.998437 0.935937 0.953125 0.937500 0.951562 0.937500 0.939063 0.939063 0.937500 0.942187 0.940625 0.942187 0.948438 0.943750 0.950000 0.943750 0.951562 0.945312 0.953125 0.945312 0.956250 0.946875 0.957812 0.945312 0.959375 0.945312 0.962500 0.946875 0.964063 0.946875 0.967187 0.945312 0.968750 0.945312 0.970313 0.946875 0.971875 0.946875 0.976562 0.945312 0.978125 0.946875 0.979688 0.946875 0.984375 0.945312 0.985938 0.948438 0.989062 0.945312 0.992188 0.945312 0.993750 0.946875 0.995313 0.948438 0.995313 0.950000 0.996875 0.950000 0.998437 0.950000 0.995313 0.951562 0.993750 0.950000 0.992188 0.950000 0.984375 0.951562 0.982812 0.951562 0.978125 0.950000 0.976562 0.950000 0.968750 0.951562 0.967187 0.951562 0.960938 0.950000 0.959375 0.950000 0.954688 0.953125 0.951562 0.953125 0.950000 0.954688 0.948438 0.959375 0.953125 0.959375 0.956250 0.960938 0.957812 0.959375 0.959375 0.959375 0.962500 0.960938 0.964063 0.960938 0.968750 0.962500 0.970313 0.962500 0.971875 0.967187 0.967187 0.967187 0.953125 0.968750 0.951562 0.973437 0.951562 0.976562 0.954688 0.975000 0.956250 0.975000 0.962500 0.976562 0.964063 0.976562 0.967187 0.985938 0.967187 0.987500 0.968750 0.990625 0.968750 0.992188 0.970313 0.993750 0.970313 0.995313 0.968750 0.998437 0.968750 0.998437 0.703125 0.996875 0.704688 0.996875 0.707812 0.995313 0.709375 0.993750 0.709375 0.993750 0.710938 0.992188 0.712500 0.992188 0.718750 0.990625 0.720313 0.990625 0.723437 0.989062 0.725000 0.989062 0.732812 0.987500 0.734375 0.987500 0.735938 0.985938 0.737500 0.985938 0.739062 0.984375 0.740625 0.984375 0.746875 0.981250 0.750000 0.981250 0.753125 0.979688 0.754687 0.979688 0.756250 0.978125 0.757812 0.978125 0.762500 0.976562 0.764062 0.976562 0.768750 0.975000 0.770312 0.975000 0.773438 0.973437 0.775000 0.973437 0.782813 0.971875 0.784375 0.971875 0.787500 0.970313 0.789062 0.970313 0.793750 0.968750 0.795312 0.968750 0.801562 0.967187 0.803125 0.967187 0.806250 0.968750 0.807813 0.968750 0.809375 0.971875 0.812500 0.971875 0.814063 0.975000 0.817187 0.975000 0.818750 0.979688 0.823438 0.979688 0.825000 0.981250 0.826562 0.982812 0.826562 0.985938 0.829688 0.985938 0.831250 0.987500 0.832812 0.987500 0.834375 0.990625 0.837500 0.990625 0.839063 0.993750 0.842187 0.993750 0.848437 0.992188 0.850000 0.975000 0.850000 0.973437 0.848437 0.960938 0.848437 0.959375 0.846875 0.943750 0.846875 0.942187 0.845313 0.929688 0.845313 0.928125 0.843750 0.918750 0.843750 0.917188 0.842187 0.904687 0.842187 0.903125 0.840625 0.896875 0.840625 0.895312 0.839063 0.893750 0.840625 0.892188 0.840625 0.885938 0.834375 0.884375 0.834375 0.882812 0.832812 0.882812 0.831250 0.881250 0.829688 0.881250 0.828125 0.878125 0.825000 0.878125 0.823438 0.875000 0.820312 0.875000 0.817187 0.867188 0.809375 0.867188 0.807813 0.865625 0.806250 0.865625 0.804688 0.862500 0.801562 0.862500 0.800000 0.859375 0.796875 0.859375 0.793750 0.857812 0.792188 0.857812 0.790625 0.854688 0.787500 0.854688 0.785937 0.851562 0.782813 0.851562 0.781250 0.850000 0.779687 0.850000 0.775000 0.848437 0.773438 0.848437 0.771875 0.843750 0.767188 0.843750 0.765625 0.845313 0.764062 0.845313 0.762500 0.843750 0.760938 0.842187 0.760938 0.839063 0.757812 0.839063 0.754687 0.837500 0.754687 0.835938 0.753125 0.835938 0.748437 0.837500 0.746875 0.850000 0.746875 0.851562 0.748437 0.854688 0.748437 0.856250 0.746875 0.857812 0.748437 0.865625 0.748437 0.867188 0.750000 0.889062 0.750000 0.890625 0.751563 0.895312 0.751563 0.896875 0.750000 0.896875 0.748437 0.898438 0.746875 0.898438 0.745313 0.900000 0.743750 0.900000 0.737500 0.901563 0.735938 0.901563 0.731250 0.903125 0.729688 0.903125 0.728125 0.904687 0.726562 0.904687 0.720313 0.906250 0.718750 0.906250 0.714063 0.907813 0.712500 0.907813 0.704688 0.909375 0.703125 0.909375 0.700000 0.910937 0.698438 0.910937 0.696875 0.912500 0.695312 0.912500 0.689063 0.914062 0.687500 0.914062 0.684375 0.915625 0.682813 0.915625 0.679688 0.917188 0.678125 0.917188 0.668750 0.920312 0.665625 0.920312 0.659375 0.921875 0.657813 0.921875 0.656250 0.923438 0.654687 0.923438 0.648438 0.925000 0.646875 0.925000 0.642188 0.926562 0.640625 0.926562 0.639062 0.928125 0.637500 0.928125 0.632812 0.929688 0.631250 0.929688 0.626563 0.931250 0.625000 0.931250 0.620313 0.932813 0.618750 0.932813 0.615625 0.934375 0.614062 0.934375 0.610938 0.935937 0.609375 0.935937 0.604688 0.937500 0.603125 0.937500 0.600000 0.939063 0.598437 0.939063 0.592187 0.940625 0.590625 0.940625 0.587500 0.942187 0.585938 0.942187 0.584375 0.943750 0.582812 0.943750 0.578125 0.945312 0.576562 0.945312 0.573438 0.946875 0.571875 0.946875 0.564063 0.948438 0.562500 0.948438 0.559375 0.950000 0.557813 0.950000 0.553125 0.951562 0.551562 0.951562 0.546875 0.953125 0.545312 0.953125 0.542188 0.954688 0.540625 0.954688 0.532813 0.957812 0.529687 0.957812 0.528125 0.959375 0.526563 0.959375 0.521875 0.960938 0.520312 0.960938 0.517188 0.962500 0.515625 0.962500 0.510938 0.964063 0.509375 0.964063 0.506250 0.965625 0.504687 0.965625 0.500000 0.967187 0.498437 0.967187 0.493750 0.968750 0.492188 0.968750 0.484375 0.970313 0.482812 0.970313 0.479687 0.968750 0.478125 0.968750 0.476562 0.967187 0.475000 0.967187 0.470313 0.965625 0.468750 0.960938 0.468750 0.959375 0.467187 0.959375 0.465625 0.957812 0.465625 0.957812 0.467187 0.959375 0.467187 0.960938 0.468750 0.957812 0.471875 0.954688 0.471875 0.950000 0.467187 0.945312 0.467187 0.942187 0.464062 0.937500 0.464062 0.935937 0.462500 0.934375 0.462500 0.932813 0.460938 0.931250 0.460938 0.929688 0.459375 0.926562 0.459375 0.920312 0.453125 0.915625 0.453125 0.912500 0.450000 0.912500 0.448437 0.907813 0.448437 0.904687 0.445312 0.906250 0.443750 0.906250 0.442188 0.901563 0.442188 0.901563 0.443750 0.900000 0.445312 0.895312 0.445312 0.893750 0.443750 0.892188 0.443750 0.890625 0.445312 0.889062 0.445312 0.889062 0.450000 0.884375 0.454688 0.884375 0.457813 0.882812 0.459375 0.882812 0.465625 0.881250 0.467187 0.881250 0.475000 0.879687 0.476562 0.879687 0.478125 0.881250 0.479687 0.881250 0.481250 0.882812 0.481250 0.884375 0.482812 0.889062 0.482812 0.892188 0.485938 0.892188 0.487500 0.893750 0.489063 0.893750 0.490625 0.896875 0.493750 0.898438 0.493750 0.903125 0.498437 0.904687 0.498437 0.907813 0.501563 0.907813 0.507812 0.909375 0.509375 0.907813 0.510938 0.907813 0.515625 0.906250 0.517188 0.906250 0.540625 0.904687 0.542188 0.904687 0.556250 0.901563 0.559375 0.900000 0.559375 0.898438 0.560937 0.878125 0.560937 0.876563 0.559375 0.867188 0.559375 0.865625 0.557813 0.854688 0.557813 0.853125 0.556250 0.842187 0.556250 0.840625 0.554688 0.828125 0.554688 0.826562 0.553125 0.815625 0.553125 0.814063 0.551562 0.807813 0.551562 0.806250 0.550000 0.803125 0.550000 0.801562 0.548438 0.800000 0.548438 0.798438 0.546875 0.796875 0.546875 0.795312 0.545312 0.790625 0.545312 0.789062 0.543750 0.776563 0.543750 0.775000 0.542188 0.771875 0.545312 0.756250 0.545312 0.754687 0.543750 0.750000 0.543750 0.748437 0.542188 0.740625 0.542188 0.739062 0.540625 0.739062 0.535937 0.737500 0.535937 0.735938 0.534375 0.734375 0.534375 0.732812 0.532813 0.735938 0.529687 0.735938 0.521875 0.734375 0.520312 0.740625 0.514062 0.740625 0.510938 0.742188 0.509375 0.742188 0.506250 0.743750 0.504687 0.742188 0.503125 0.742188 0.501563 0.743750 0.500000 0.743750 0.498437 0.745313 0.496875 0.745313 0.493750 0.746875 0.492188 0.746875 0.489063 0.743750 0.485938 0.742188 0.485938 0.739062 0.482812 0.725000 0.482812 0.723437 0.481250 0.712500 0.481250 0.710938 0.479687 0.704688 0.479687 0.703125 0.478125 0.679688 0.478125 0.678125 0.479687 0.673438 0.479687 0.670312 0.482812 0.656250 0.482812 0.654687 0.481250 0.653125 0.481250 0.648438 0.476562 0.648438 0.467187 0.646875 0.465625 0.646875 0.464062 0.645312 0.464062 0.642188 0.460938 0.643750 0.459375 0.643750 0.456250 0.642188 0.454688 0.642188 0.450000 0.640625 0.448437 0.640625 0.446875 0.639062 0.445312 0.639062 0.443750 0.637500 0.442188 0.629687 0.442188 0.628125 0.443750 0.625000 0.443750 0.623437 0.442188 0.617188 0.442188 0.615625 0.440625 0.612500 0.440625 0.610938 0.442188 0.606250 0.442188 0.604688 0.440625 0.603125 0.440625 0.601562 0.439063 0.601562 0.437500 0.600000 0.435937 0.600000 0.429688 0.598437 0.428125 0.598437 0.414062 0.600000 0.412500 0.600000 0.407813 0.603125 0.404687 0.612500 0.404687 0.614062 0.403125 0.615625 0.403125 0.617188 0.404687 0.618750 0.404687 0.620313 0.403125 0.631250 0.403125 0.631250 0.401562 0.629687 0.400000 0.629687 0.398438 0.628125 0.398438 0.626563 0.400000 0.625000 0.398438 0.625000 0.393750 0.628125 0.390625 0.629687 0.390625 0.631250 0.389062 0.631250 0.387500 0.634375 0.384375 0.635938 0.384375 0.637500 0.382812 0.637500 0.375000 0.639062 0.373437 0.639062 0.370312 0.640625 0.368750 0.640625 0.364063 0.639062 0.362500 0.639062 0.360938 0.634375 0.360938 0.632812 0.359375 0.617188 0.359375 0.615625 0.357812 0.598437 0.357812 0.596875 0.356250 0.592187 0.356250 0.590625 0.354687 0.585938 0.354687 0.582812 0.351562 0.582812 0.346875 0.584375 0.345313 0.582812 0.343750 0.582812 0.335938 0.581250 0.335938 0.578125 0.332813 0.578125 0.331250 0.575000 0.328125 0.564063 0.328125 0.562500 0.329688 0.562500 0.332813 0.559375 0.335938 0.557813 0.335938 0.556250 0.337500 0.554688 0.337500 0.553125 0.335938 0.535937 0.335938 0.531250 0.331250 0.531250 0.329688 0.529687 0.329688 0.528125 0.328125