0 0.304688 0.975000 0.303125 0.976562 0.303125 0.979688 0.306250 0.979688 0.307812 0.978125 0.307812 0.976562 0.306250 0.975000
0 0.289062 0.975000 0.285938 0.978125 0.284375 0.976562 0.282813 0.976562 0.281250 0.978125 0.282813 0.979688 0.282813 0.982812 0.284375 0.981250 0.285938 0.981250 0.289062 0.984375 0.289062 0.995313 0.290625 0.996875 0.290625 0.998437 0.290625 0.996875 0.292187 0.995313 0.292187 0.987500 0.293750 0.985938 0.293750 0.984375 0.295312 0.982812 0.296875 0.982812 0.298438 0.981250 0.298438 0.979688 0.300000 0.978125 0.298438 0.976562 0.296875 0.978125 0.296875 0.979688 0.295312 0.981250 0.293750 0.981250 0.292187 0.979688 0.292187 0.976562 0.290625 0.975000
0 0.329688 0.960938 0.328125 0.962500 0.328125 0.964063 0.329688 0.965625 0.329688 0.964063 0.331250 0.962500
0 0.267188 0.960938 0.265625 0.962500 0.267188 0.964063 0.267188 0.965625 0.275000 0.965625 0.275000 0.960938 0.273438 0.960938 0.273438 0.962500 0.270313 0.965625 0.268750 0.964063 0.268750 0.960938
0 0.345313 0.959375 0.343750 0.960938 0.343750 0.962500 0.345313 0.962500 0.346875 0.960938
0 0.321875 0.959375 0.320312 0.960938 0.320312 0.967187 0.321875 0.968750
0 0.304688 0.959375 0.304688 0.967187 0.306250 0.967187 0.307812 0.965625 0.307812 0.962500 0.306250 0.960938 0.306250 0.959375
0 0.289062 0.959375 0.287500 0.960938 0.287500 0.962500 0.285938 0.964063 0.282813 0.960938 0.282813 0.965625 0.290625 0.965625 0.292187 0.964063 0.292187 0.962500 0.290625 0.960938 0.290625 0.959375
0 0.337500 0.957812 0.334375 0.960938 0.334375 0.962500 0.335938 0.964063 0.337500 0.964063 0.337500 0.962500 0.339062 0.960938 0.337500 0.959375
0 0.379688 0.945312 0.378125 0.946875 0.376563 0.946875 0.379688 0.946875
0 0.304688 0.945312 0.304688 0.950000 0.306250 0.950000 0.306250 0.945312
0 0.273438 0.945312 0.273438 0.948438 0.271875 0.950000 0.275000 0.950000 0.275000 0.945312
0 0.267188 0.945312 0.267188 0.950000 0.268750 0.950000 0.268750 0.946875
0 0.353125 0.943750 0.351562 0.945312 0.351562 0.946875 0.353125 0.948438 0.353125 0.950000 0.351562 0.951562 0.351562 0.956250 0.353125 0.956250 0.354687 0.954688 0.354687 0.950000 0.353125 0.948438
0 0.335938 0.943750 0.337500 0.945312 0.337500 0.950000 0.337500 0.943750
0 0.289062 0.943750 0.289062 0.946875 0.287500 0.948438 0.284375 0.948438 0.282813 0.946875 0.282813 0.948438 0.285938 0.951562 0.289062 0.951562 0.290625 0.950000 0.290625 0.943750
0 0.360938 0.942187 0.359375 0.943750 0.359375 0.946875 0.357812 0.948438 0.357812 0.953125 0.360938 0.956250 0.362500 0.954688 0.362500 0.951562 0.364063 0.950000 0.368750 0.950000 0.370312 0.948438 0.370312 0.945312 0.368750 0.943750 0.365625 0.943750 0.364063 0.942187
0 0.320312 0.942187 0.320312 0.945312 0.321875 0.946875 0.321875 0.948438 0.321875 0.943750
0 0.290625 0.929688 0.289062 0.931250 0.289062 0.932813 0.290625 0.932813
0 0.275000 0.929688 0.273438 0.931250 0.275000 0.931250
0 0.351562 0.928125 0.351562 0.932813 0.350000 0.934375 0.351562 0.934375 0.353125 0.935937 0.354687 0.934375 0.354687 0.932813 0.353125 0.931250 0.353125 0.928125
0 0.320312 0.915625 0.321875 0.917188 0.321875 0.915625
0 0.337500 0.914062 0.335938 0.915625 0.337500 0.917188
0 0.321875 0.882812 0.320312 0.884375 0.320312 0.887500 0.321875 0.887500
0 0.189062 0.820312 0.189062 0.823438 0.190625 0.825000 0.196875 0.825000 0.196875 0.820312 0.195312 0.820312 0.192188 0.823438
0 0.181250 0.800000 0.179688 0.801562 0.179688 0.809375 0.182812 0.809375 0.182812 0.804688 0.184375 0.803125 0.185938 0.803125 0.187500 0.804688 0.187500 0.809375 0.189062 0.810937 0.190625 0.809375 0.196875 0.809375 0.196875 0.804688 0.195312 0.804688 0.195312 0.806250 0.192188 0.809375 0.189062 0.806250 0.189062 0.804688 0.185938 0.801562 0.184375 0.801562 0.182812 0.800000
0 0.259375 0.775000 0.257812 0.776563 0.257812 0.778125 0.260937 0.778125 0.259375 0.776563
0 0.196875 0.773438 0.195312 0.775000 0.196875 0.776563
0 0.173437 0.764062 0.173437 0.765625 0.168750 0.770312 0.167187 0.770312 0.165625 0.771875 0.165625 0.778125 0.165625 0.773438 0.167187 0.771875 0.168750 0.771875 0.171875 0.775000 0.171875 0.793750 0.173437 0.795312 0.178125 0.795312 0.179688 0.796875 0.181250 0.796875 0.182812 0.795312 0.182812 0.793750 0.184375 0.792188 0.184375 0.790625 0.185938 0.789062 0.185938 0.785937 0.181250 0.781250 0.182812 0.779687 0.182812 0.773438 0.184375 0.771875 0.184375 0.770312 0.182812 0.770312 0.181250 0.768750 0.176563 0.768750 0.173437 0.765625
0 0.250000 0.759375 0.250000 0.764062 0.251563 0.764062 0.251563 0.759375
0 0.242188 0.757812 0.242188 0.762500 0.245312 0.762500 0.245312 0.760938 0.243750 0.759375 0.243750 0.757812
0 0.171875 0.757812 0.171875 0.759375 0.173437 0.760938 0.173437 0.757812
0 0.179688 0.756250 0.179688 0.762500 0.181250 0.762500 0.181250 0.756250
0 0.235937 0.753125 0.235937 0.759375 0.235937 0.756250 0.237500 0.754687
0 0.235937 0.742188 0.234375 0.743750 0.234375 0.746875 0.235937 0.748437 0.235937 0.750000 0.239063 0.746875 0.237500 0.745313 0.237500 0.743750
0 0.179688 0.740625 0.179688 0.745313 0.178125 0.746875 0.179688 0.748437 0.181250 0.748437 0.181250 0.746875 0.182812 0.745313 0.182812 0.742188 0.181250 0.740625
0 0.212500 0.726562 0.210938 0.728125 0.212500 0.729688 0.212500 0.731250
0 0.187500 0.710938 0.187500 0.715625 0.196875 0.715625 0.196875 0.710938 0.195312 0.710938 0.195312 0.714063 0.193750 0.715625 0.192188 0.715625 0.189062 0.712500 0.189062 0.710938
0 0.117188 0.659375 0.117188 0.662500 0.118750 0.664062 0.118750 0.662500 0.120313 0.660937 0.118750 0.659375
0 0.157812 0.656250 0.156250 0.657813 0.156250 0.659375 0.154688 0.660937 0.151562 0.660937 0.150000 0.659375 0.145313 0.659375 0.143750 0.657813 0.140625 0.657813 0.140625 0.662500 0.142187 0.664062 0.142187 0.667188 0.143750 0.668750 0.143750 0.670312 0.142187 0.671875 0.142187 0.676562 0.140625 0.678125 0.140625 0.681250 0.142187 0.682813 0.142187 0.685937 0.140625 0.687500 0.140625 0.689063 0.137500 0.692187 0.135937 0.690625 0.135937 0.687500 0.134375 0.685937 0.134375 0.682813 0.135937 0.681250 0.135937 0.678125 0.134375 0.676562 0.134375 0.675000 0.132812 0.675000 0.131250 0.676562 0.129688 0.676562 0.126562 0.673438 0.129688 0.670312 0.131250 0.670312 0.132812 0.668750 0.132812 0.667188 0.134375 0.665625 0.134375 0.660937 0.132812 0.659375 0.129688 0.659375 0.128125 0.657813 0.125000 0.657813 0.125000 0.662500 0.126562 0.664062 0.126562 0.675000 0.128125 0.676562 0.126562 0.678125 0.126562 0.679688 0.125000 0.681250 0.126562 0.682813 0.126562 0.687500 0.128125 0.685937 0.129688 0.685937 0.132812 0.689063 0.132812 0.690625 0.131250 0.692187 0.131250 0.696875 0.129688 0.698438 0.126562 0.695312 0.126562 0.698438 0.129688 0.701562 0.132812 0.701562 0.134375 0.703125 0.135937 0.701562 0.135937 0.695312 0.137500 0.693750 0.140625 0.696875 0.139063 0.698438 0.139063 0.700000 0.140625 0.701562 0.140625 0.715625 0.142187 0.717187 0.142187 0.721875 0.142187 0.720313 0.143750 0.718750 0.146875 0.718750 0.148438 0.720313 0.143750 0.725000 0.142187 0.725000 0.142187 0.731250 0.143750 0.732812 0.148438 0.732812 0.150000 0.734375 0.151562 0.732812 0.151562 0.731250 0.153125 0.729688 0.156250 0.732812 0.156250 0.745313 0.157812 0.746875 0.157812 0.748437 0.159375 0.746875 0.162500 0.746875 0.164062 0.748437 0.164062 0.750000 0.165625 0.751563 0.164062 0.753125 0.164062 0.759375 0.162500 0.760938 0.162500 0.762500 0.164062 0.764062 0.165625 0.764062 0.165625 0.760938 0.167187 0.759375 0.167187 0.757812 0.170313 0.754687 0.168750 0.753125 0.167187 0.753125 0.165625 0.751563 0.165625 0.750000 0.167187 0.748437 0.167187 0.742188 0.170313 0.739062 0.167187 0.735938 0.167187 0.732812 0.168750 0.731250 0.168750 0.729688 0.170313 0.728125 0.173437 0.731250 0.176563 0.731250 0.178125 0.732812 0.182812 0.732812 0.182812 0.726562 0.184375 0.725000 0.184375 0.723437 0.182812 0.723437 0.181250 0.721875 0.179688 0.721875 0.178125 0.723437 0.175000 0.723437 0.173437 0.721875 0.173437 0.718750 0.175000 0.717187 0.178125 0.717187 0.179688 0.718750 0.181250 0.718750 0.184375 0.715625 0.182812 0.714063 0.182812 0.709375 0.181250 0.707812 0.175000 0.707812 0.173437 0.706250 0.173437 0.703125 0.175000 0.701562 0.182812 0.701562 0.182812 0.693750 0.178125 0.693750 0.178125 0.696875 0.176563 0.698438 0.175000 0.696875 0.175000 0.692187 0.173437 0.690625 0.171875 0.692187 0.167187 0.692187 0.165625 0.690625 0.160938 0.690625 0.159375 0.689063 0.160938 0.687500 0.165625 0.687500 0.167187 0.685937 0.167187 0.679688 0.168750 0.678125 0.170313 0.679688 0.170313 0.684375 0.171875 0.685937 0.171875 0.687500 0.173437 0.687500 0.175000 0.685937 0.182812 0.685937 0.184375 0.684375 0.185938 0.684375 0.189062 0.687500 0.189062 0.690625 0.187500 0.692187 0.187500 0.696875 0.185938 0.698438 0.185938 0.700000 0.187500 0.701562 0.190625 0.701562 0.192188 0.700000 0.193750 0.701562 0.198437 0.701562 0.200000 0.700000 0.201563 0.700000 0.203125 0.701562 0.203125 0.703125 0.204687 0.704688 0.204687 0.706250 0.203125 0.707812 0.203125 0.715625 0.204687 0.717187 0.206250 0.715625 0.209375 0.715625 0.210938 0.717187 0.214062 0.717187 0.215625 0.715625 0.220312 0.720313 0.220312 0.725000 0.218750 0.726562 0.218750 0.731250 0.220312 0.732812 0.221875 0.731250 0.221875 0.725000 0.220312 0.723437 0.220312 0.714063 0.215625 0.714063 0.214062 0.712500 0.214062 0.710938 0.212500 0.709375 0.209375 0.709375 0.207813 0.707812 0.206250 0.707812 0.204687 0.706250 0.204687 0.704688 0.207813 0.701562 0.207813 0.696875 0.204687 0.693750 0.201563 0.693750 0.200000 0.692187 0.198437 0.692187 0.196875 0.690625 0.195312 0.690625 0.193750 0.692187 0.190625 0.692187 0.189062 0.690625 0.189062 0.687500 0.190625 0.685937 0.193750 0.685937 0.195312 0.687500 0.196875 0.687500 0.198437 0.685937 0.200000 0.685937 0.200000 0.681250 0.198437 0.681250 0.196875 0.679688 0.195312 0.679688 0.192188 0.682813 0.190625 0.681250 0.190625 0.679688 0.192188 0.678125 0.192188 0.676562 0.190625 0.676562 0.189062 0.675000 0.185938 0.675000 0.184375 0.676562 0.182812 0.676562 0.181250 0.675000 0.176563 0.675000 0.175000 0.673438 0.175000 0.671875 0.176563 0.670312 0.178125 0.670312 0.179688 0.671875 0.181250 0.671875 0.182812 0.670312 0.185938 0.670312 0.187500 0.671875 0.189062 0.671875 0.189062 0.668750 0.187500 0.667188 0.185938 0.667188 0.184375 0.665625 0.184375 0.664062 0.182812 0.662500 0.182812 0.660937 0.179688 0.660937 0.178125 0.659375 0.176563 0.659375 0.173437 0.656250 0.168750 0.660937 0.167187 0.660937 0.165625 0.659375 0.160938 0.659375
0 0.140625 0.617188 0.139063 0.618750 0.139063 0.621875 0.140625 0.621875 0.142187 0.623437 0.143750 0.621875 0.154688 0.621875 0.156250 0.623437 0.157812 0.623437 0.157812 0.620313 0.151562 0.620313 0.150000 0.618750 0.146875 0.618750 0.145313 0.617188
0 0.125000 0.617188 0.123438 0.618750 0.117188 0.618750 0.114062 0.621875 0.112500 0.620313 0.110937 0.620313 0.109375 0.621875 0.109375 0.623437 0.121875 0.623437 0.123438 0.621875 0.135937 0.621875 0.135937 0.618750 0.129688 0.618750 0.128125 0.617188
0 0.110937 0.609375 0.110937 0.610938 0.118750 0.610938 0.118750 0.609375 0.117188 0.609375 0.115625 0.610938 0.114062 0.610938 0.112500 0.609375
0 0.125000 0.607812 0.125000 0.610938 0.126562 0.612500 0.128125 0.610938 0.128125 0.609375 0.126562 0.607812
0 0.142187 0.600000 0.140625 0.601562 0.140625 0.607812 0.143750 0.607812 0.145313 0.606250 0.145313 0.603125
0 0.125000 0.571875 0.125000 0.576562 0.126562 0.576562 0.126562 0.571875
0 0.110937 0.554688 0.110937 0.559375 0.112500 0.557813 0.112500 0.556250
0 0.093750 0.528125 0.095312 0.529687 0.095312 0.528125
0 0.031250 0.459375 0.031250 0.464062 0.032813 0.465625 0.034375 0.464062 0.034375 0.459375
0 0.040625 0.457813 0.037500 0.460938 0.037500 0.462500 0.039062 0.464062 0.040625 0.464062 0.042188 0.462500 0.042188 0.460938 0.040625 0.459375
0 0.485938 0.442188 0.485938 0.443750 0.492188 0.443750 0.493750 0.445312 0.495312 0.443750 0.495312 0.442188
0 0.015625 0.415625 0.015625 0.421875 0.017188 0.423438 0.017188 0.420312 0.018750 0.418750 0.017188 0.417187 0.017188 0.415625
0 0.000000 0.410938 0.000000 0.418750 0.001563 0.418750 0.001563 0.415625 0.000000 0.414062
0 0.000000 0.201563 0.000000 0.379688 0.003125 0.382812 0.003125 0.384375 0.004687 0.385937 0.004687 0.387500 0.010937 0.393750 0.010937 0.395313 0.014063 0.398438 0.014063 0.400000 0.015625 0.401562 0.015625 0.403125 0.018750 0.406250 0.018750 0.407813 0.021875 0.410938 0.021875 0.414062 0.023438 0.414062 0.026562 0.417187 0.026562 0.418750 0.029687 0.421875 0.029687 0.423438 0.034375 0.428125 0.034375 0.429688 0.037500 0.432812 0.037500 0.434375 0.039062 0.435937 0.039062 0.437500 0.040625 0.437500 0.042188 0.439063 0.042188 0.440625 0.045312 0.443750 0.045312 0.445312 0.050000 0.450000 0.050000 0.451562 0.051562 0.453125 0.051562 0.454688 0.053125 0.456250 0.053125 0.459375 0.051562 0.460938 0.050000 0.460938 0.048438 0.459375 0.046875 0.460938 0.045312 0.460938 0.045312 0.464062 0.046875 0.465625 0.046875 0.468750 0.048438 0.470313 0.048438 0.473438 0.048438 0.468750 0.051562 0.465625 0.051562 0.464062 0.054688 0.460938 0.065625 0.471875 0.065625 0.473438 0.067187 0.475000 0.067187 0.476562 0.071875 0.481250 0.071875 0.482812 0.073438 0.484375 0.075000 0.484375 0.076563 0.485938 0.076563 0.489063 0.082812 0.495312 0.082812 0.496875 0.084375 0.498437 0.084375 0.500000 0.089063 0.504687 0.089063 0.506250 0.093750 0.510938 0.093750 0.512500 0.096875 0.515625 0.096875 0.517188 0.100000 0.520312 0.100000 0.523438 0.106250 0.529687 0.106250 0.531250 0.107813 0.532813 0.107813 0.534375 0.109375 0.535937 0.109375 0.537500 0.110937 0.537500 0.112500 0.539062 0.112500 0.540625 0.115625 0.543750 0.115625 0.545312 0.120313 0.550000 0.120313 0.551562 0.125000 0.556250 0.125000 0.557813 0.128125 0.560937 0.128125 0.562500 0.129688 0.564063 0.129688 0.565625 0.131250 0.567187 0.131250 0.568750 0.132812 0.570312 0.134375 0.570312 0.135937 0.571875 0.135937 0.573438 0.139063 0.576562 0.139063 0.578125 0.140625 0.579688 0.140625 0.581250 0.142187 0.582812 0.142187 0.584375 0.145313 0.587500 0.145313 0.589063 0.148438 0.592187 0.148438 0.593750 0.150000 0.593750 0.151562 0.595313 0.151562 0.596875 0.153125 0.598437 0.153125 0.600000 0.154688 0.601562 0.154688 0.603125 0.157812 0.606250 0.157812 0.607812 0.160938 0.610938 0.160938 0.612500 0.162500 0.614062 0.162500 0.615625 0.167187 0.620313 0.167187 0.621875 0.170313 0.625000 0.170313 0.626563 0.171875 0.628125 0.171875 0.629687 0.175000 0.632812 0.175000 0.634375 0.182812 0.642188 0.182812 0.645312 0.189062 0.651563 0.189062 0.653125 0.190625 0.654687 0.190625 0.656250 0.192188 0.657813 0.192188 0.659375 0.193750 0.660937 0.193750 0.662500 0.198437 0.667188 0.198437 0.668750 0.201563 0.671875 0.201563 0.675000 0.203125 0.676562 0.203125 0.678125 0.204687 0.678125 0.206250 0.679688 0.206250 0.681250 0.209375 0.684375 0.209375 0.685937 0.210938 0.685937 0.214062 0.689063 0.214062 0.690625 0.215625 0.692187 0.215625 0.693750 0.218750 0.696875 0.218750 0.698438 0.221875 0.701562 0.221875 0.703125 0.223438 0.704688 0.223438 0.706250 0.225000 0.707812 0.225000 0.709375 0.226562 0.710938 0.228125 0.710938 0.229687 0.712500 0.229687 0.714063 0.231250 0.715625 0.231250 0.717187 0.232813 0.717187 0.234375 0.718750 0.234375 0.720313 0.235937 0.721875 0.235937 0.723437 0.237500 0.725000 0.237500 0.726562 0.239063 0.728125 0.239063 0.729688 0.242188 0.732812 0.243750 0.732812 0.248438 0.737500 0.248438 0.740625 0.256250 0.748437 0.256250 0.750000 0.257812 0.751563 0.257812 0.754687 0.259375 0.756250 0.260937 0.756250 0.264062 0.759375 0.264062 0.760938 0.265625 0.762500 0.265625 0.764062 0.268750 0.767188 0.268750 0.768750 0.270313 0.770312 0.270313 0.771875 0.271875 0.773438 0.271875 0.775000 0.276562 0.779687 0.276562 0.781250 0.279687 0.784375 0.279687 0.787500 0.281250 0.789062 0.281250 0.790625 0.287500 0.796875 0.287500 0.798438 0.289062 0.800000 0.289062 0.801562 0.295312 0.807813 0.295312 0.809375 0.298438 0.812500 0.298438 0.814063 0.300000 0.815625 0.300000 0.817187 0.301563 0.818750 0.301563 0.820312 0.304688 0.823438 0.304688 0.825000 0.309375 0.829688 0.309375 0.831250 0.310937 0.832812 0.310937 0.834375 0.312500 0.835938 0.314063 0.835938 0.315625 0.837500 0.315625 0.839063 0.317188 0.840625 0.317188 0.842187 0.318750 0.843750 0.318750 0.846875 0.320312 0.848437 0.320312 0.850000 0.321875 0.850000 0.328125 0.856250 0.328125 0.857812 0.329688 0.859375 0.329688 0.860938 0.331250 0.862500 0.331250 0.864062 0.332813 0.865625 0.332813 0.867188 0.335938 0.870313 0.335938 0.871875 0.340625 0.876563 0.340625 0.879687 0.348438 0.887500 0.348438 0.889062 0.350000 0.890625 0.350000 0.892188 0.351562 0.893750 0.351562 0.895312 0.354687 0.898438 0.356250 0.898438 0.357812 0.900000 0.357812 0.901563 0.362500 0.906250 0.362500 0.909375 0.364063 0.910937 0.364063 0.915625 0.367188 0.918750 0.368750 0.918750 0.373437 0.923438 0.373437 0.928125 0.375000 0.929688 0.375000 0.932813 0.378125 0.935937 0.379688 0.935937 0.382812 0.939063 0.382812 0.943750 0.384375 0.943750 0.389062 0.948438 0.389062 0.954688 0.395313 0.960938 0.395313 0.964063 0.396875 0.964063 0.398438 0.965625 0.400000 0.965625 0.401562 0.967187 0.401562 0.970313 0.403125 0.971875 0.403125 0.973437 0.404687 0.975000 0.406250 0.975000 0.409375 0.978125 0.409375 0.979688 0.410938 0.979688 0.412500 0.981250 0.410938 0.982812 0.410938 0.987500 0.412500 0.989062 0.412500 0.990625 0.414062 0.990625 0.417187 0.993750 0.418750 0.993750 0.423438 0.998437 0.998437 0.998437 0.998437 0.679688 0.996875 0.679688 0.993750 0.676562 0.989062 0.676562 0.985938 0.673438 0.982812 0.673438 0.981250 0.671875 0.979688 0.671875 0.978125 0.670312 0.976562 0.670312 0.975000 0.668750 0.971875 0.668750 0.968750 0.665625 0.967187 0.665625 0.962500 0.660937 0.956250 0.660937 0.954688 0.659375 0.953125 0.659375 0.950000 0.656250 0.948438 0.656250 0.946875 0.654687 0.943750 0.654687 0.942187 0.653125 0.940625 0.653125 0.939063 0.651563 0.937500 0.651563 0.934375 0.648438 0.932813 0.648438 0.931250 0.646875 0.929688 0.646875 0.928125 0.645312 0.926562 0.645312 0.925000 0.643750 0.923438 0.643750 0.921875 0.642188 0.920312 0.642188 0.918750 0.640625 0.917188 0.640625 0.915625 0.639062 0.909375 0.639062 0.904687 0.634375 0.903125 0.634375 0.901563 0.632812 0.898438 0.632812 0.896875 0.631250 0.895312 0.631250 0.893750 0.629687 0.892188 0.629687 0.889062 0.626563 0.887500 0.626563 0.885938 0.625000 0.882812 0.625000 0.881250 0.623437 0.878125 0.623437 0.876563 0.621875 0.875000 0.621875 0.870313 0.617188 0.868750 0.617188 0.867188 0.615625 0.864062 0.615625 0.862500 0.614062 0.860938 0.614062 0.859375 0.612500 0.857812 0.612500 0.854688 0.609375 0.848437 0.609375 0.846875 0.607812 0.845313 0.607812 0.843750 0.606250 0.842187 0.606250 0.840625 0.604688 0.840625 0.603125 0.837500 0.603125 0.835938 0.601562 0.832812 0.601562 0.829688 0.598437 0.825000 0.598437 0.821875 0.595313 0.817187 0.595313 0.815625 0.593750 0.814063 0.593750 0.812500 0.592187 0.810937 0.592187 0.806250 0.587500 0.801562 0.587500 0.798438 0.584375 0.793750 0.584375 0.790625 0.581250 0.782813 0.581250 0.779687 0.578125 0.776563 0.578125 0.775000 0.576562 0.770312 0.576562 0.768750 0.578125 0.762500 0.578125 0.760938 0.576562 0.757812 0.576562 0.756250 0.578125 0.753125 0.578125 0.751563 0.576562 0.750000 0.578125 0.731250 0.578125 0.728125 0.575000 0.723437 0.575000 0.718750 0.570312 0.717187 0.570312 0.715625 0.568750 0.714063 0.568750 0.710938 0.565625 0.709375 0.565625 0.707812 0.564063 0.706250 0.564063 0.704688 0.562500 0.701562 0.562500 0.700000 0.560937 0.698438 0.560937 0.696875 0.559375 0.692187 0.559375 0.689063 0.556250 0.687500 0.556250 0.685937 0.554688 0.684375 0.554688 0.681250 0.551562 0.679688 0.551562 0.678125 0.550000 0.676562 0.550000 0.673438 0.546875 0.671875 0.546875 0.670312 0.545312 0.668750 0.545312 0.667188 0.543750 0.665625 0.543750 0.664062 0.542188 0.660937 0.542188 0.659375 0.540625 0.657813 0.540625 0.656250 0.539062 0.654687 0.539062 0.651563 0.535937 0.650000 0.535937 0.648438 0.534375 0.646875 0.534375 0.643750 0.531250 0.640625 0.531250 0.639062 0.529687 0.637500 0.529687 0.634375 0.526563 0.632812 0.526563 0.631250 0.525000 0.626563 0.525000 0.620313 0.518750 0.618750 0.518750 0.617188 0.517188 0.614062 0.517188 0.612500 0.515625 0.607812 0.515625 0.604688 0.512500 0.603125 0.512500 0.600000 0.509375 0.598437 0.509375 0.596875 0.507812 0.593750 0.507812 0.590625 0.504687 0.589063 0.504687 0.587500 0.503125 0.585938 0.503125 0.584375 0.501563 0.581250 0.501563 0.579688 0.500000 0.578125 0.500000 0.576562 0.498437 0.575000 0.498437 0.571875 0.495312 0.570312 0.495312 0.567187 0.492188 0.564063 0.492188 0.562500 0.490625 0.560937 0.490625 0.556250 0.485938 0.551562 0.485938 0.550000 0.484375 0.548438 0.484375 0.543750 0.479687 0.542188 0.479687 0.532813 0.470313 0.528125 0.470313 0.526563 0.468750 0.526563 0.467187 0.523438 0.464062 0.523438 0.462500 0.526563 0.459375 0.528125 0.459375 0.528125 0.457813 0.525000 0.454688 0.523438 0.454688 0.521875 0.453125 0.517188 0.453125 0.515625 0.451562 0.512500 0.451562 0.507812 0.446875 0.506250 0.446875 0.504687 0.445312 0.503125 0.445312 0.501563 0.443750 0.498437 0.443750 0.500000 0.445312 0.498437 0.446875 0.498437 0.448437 0.496875 0.450000 0.495312 0.450000 0.493750 0.448437 0.492188 0.448437 0.490625 0.450000 0.485938 0.450000 0.485938 0.453125 0.487500 0.451562 0.489063 0.451562 0.490625 0.453125 0.490625 0.454688 0.489063 0.456250 0.485938 0.456250 0.484375 0.457813 0.484375 0.460938 0.481250 0.464062 0.478125 0.464062 0.473438 0.468750 0.471875 0.468750 0.470313 0.470313 0.464062 0.470313 0.462500 0.471875 0.445312 0.471875 0.443750 0.473438 0.434375 0.473438 0.431250 0.470313 0.428125 0.470313 0.426563 0.468750 0.425000 0.468750 0.415625 0.459375 0.415625 0.456250 0.414062 0.454688 0.414062 0.451562 0.415625 0.450000 0.415625 0.442188 0.412500 0.439063 0.414062 0.437500 0.415625 0.437500 0.420312 0.432812 0.420312 0.426563 0.421875 0.425000 0.421875 0.417187 0.420312 0.415625 0.420312 0.414062 0.421875 0.412500 0.421875 0.406250 0.418750 0.403125 0.417187 0.403125 0.415625 0.401562 0.414062 0.401562 0.410938 0.398438 0.407813 0.398438 0.406250 0.396875 0.404687 0.396875 0.403125 0.395313 0.401562 0.395313 0.400000 0.393750 0.398438 0.393750 0.396875 0.392188 0.395313 0.392188 0.393750 0.390625 0.392188 0.390625 0.390625 0.389062 0.387500 0.389062 0.385937 0.387500 0.384375 0.387500 0.382812 0.385937 0.381250 0.385937 0.379688 0.384375 0.378125 0.384375 0.376563 0.382812 0.373437 0.382812 0.370312 0.379688 0.368750 0.379688 0.367188 0.378125 0.365625 0.378125 0.362500 0.375000 0.360938 0.375000 0.359375 0.373437 0.356250 0.373437 0.354687 0.371875 0.353125 0.371875 0.351562 0.370312 0.350000 0.370312 0.346875 0.367188 0.343750 0.367188 0.342187 0.365625 0.340625 0.365625 0.339062 0.364063 0.337500 0.364063 0.334375 0.360938 0.332813 0.360938 0.331250 0.359375 0.328125 0.359375 0.326562 0.357812 0.325000 0.357812 0.323437 0.356250 0.321875 0.356250 0.320312 0.354687 0.318750 0.354687 0.317188 0.353125 0.315625 0.353125 0.314063 0.351562 0.310937 0.351562 0.309375 0.350000 0.307812 0.350000 0.304688 0.346875 0.301563 0.346875 0.300000 0.345313 0.298438 0.345313 0.296875 0.343750 0.295312 0.343750 0.293750 0.342187 0.292187 0.342187 0.290625 0.340625 0.287500 0.340625 0.285938 0.339062 0.284375 0.339062 0.282813 0.337500 0.279687 0.337500 0.278125 0.335938 0.276562 0.335938 0.273438 0.332813 0.271875 0.332813 0.270313 0.331250 0.268750 0.331250 0.267188 0.329688 0.265625 0.329688 0.264062 0.328125 0.260937 0.328125 0.259375 0.326562 0.254688 0.326562 0.251563 0.323437 0.250000 0.323437 0.246875 0.320312 0.243750 0.320312 0.240625 0.317188 0.239063 0.317188 0.237500 0.315625 0.234375 0.315625 0.231250 0.312500 0.228125 0.312500 0.226562 0.310937 0.223438 0.310937 0.221875 0.309375 0.220312 0.309375 0.218750 0.307812 0.217188 0.307812 0.214062 0.304688 0.212500 0.304688 0.210938 0.303125 0.209375 0.303125 0.207813 0.301563 0.204687 0.301563 0.203125 0.300000 0.201563 0.300000 0.200000 0.298438 0.198437 0.298438 0.196875 0.296875 0.195312 0.296875 0.193750 0.295312 0.190625 0.295312 0.185938 0.290625 0.184375 0.290625 0.182812 0.289062 0.181250 0.289062 0.179688 0.287500 0.178125 0.287500 0.176563 0.285938 0.175000 0.285938 0.173437 0.284375 0.171875 0.284375 0.168750 0.281250 0.165625 0.281250 0.164062 0.279687 0.160938 0.279687 0.159375 0.278125 0.157812 0.278125 0.156250 0.276562 0.154688 0.276562 0.151562 0.273438 0.148438 0.273438 0.146875 0.271875 0.140625 0.271875 0.139063 0.270313 0.131250 0.270313 0.129688 0.268750 0.125000 0.268750 0.123438 0.267188 0.121875 0.267188 0.118750 0.264062 0.117188 0.264062 0.115625 0.262500 0.115625 0.259375 0.114062 0.257812 0.112500 0.257812 0.106250 0.251563 0.104688 0.251563 0.103125 0.250000 0.096875 0.250000 0.095312 0.248438 0.092188 0.248438 0.090625 0.246875 0.090625 0.243750 0.085938 0.243750 0.084375 0.242188 0.082812 0.242188 0.076563 0.235937 0.075000 0.235937 0.073438 0.234375 0.068750 0.234375 0.067187 0.232813 0.064062 0.232813 0.057813 0.226562 0.056250 0.226562 0.054688 0.225000 0.053125 0.225000 0.051562 0.223438 0.050000 0.223438 0.048438 0.221875 0.046875 0.221875 0.045312 0.220312 0.043750 0.220312 0.042188 0.218750 0.040625 0.218750 0.039062 0.217188 0.034375 0.217188 0.031250 0.214062 0.029687 0.214062 0.026562 0.210938 0.023438 0.210938 0.021875 0.209375 0.020313 0.209375 0.018750 0.207813 0.015625 0.207813 0.014063 0.206250 0.012500 0.206250 0.010937 0.204687 0.009375 0.204687 0.007812 0.203125 0.004687 0.203125 0.003125 0.201563