0 0.720313 0.992188 0.718750 0.993750 0.720313 0.993750
0 0.703125 0.992188 0.703125 0.993750 0.706250 0.993750 0.706250 0.992188
0 0.900000 0.984375 0.898438 0.985938 0.900000 0.987500
0 0.993750 0.982812 0.992188 0.984375 0.992188 0.987500 0.990625 0.989062 0.990625 0.990625 0.993750 0.993750 0.993750 0.992188 0.992188 0.990625 0.992188 0.989062 0.995313 0.985938 0.995313 0.984375
0 0.884375 0.979688 0.884375 0.981250 0.882812 0.982812 0.882812 0.989062 0.884375 0.989062 0.885938 0.987500 0.885938 0.985938 0.887500 0.984375 0.887500 0.979688
0 0.884375 0.962500 0.882812 0.964063 0.882812 0.975000 0.884375 0.975000 0.884375 0.971875 0.885938 0.970313 0.885938 0.968750 0.887500 0.967187 0.887500 0.965625
0 0.884375 0.948438 0.882812 0.950000 0.882812 0.953125 0.884375 0.954688 0.884375 0.956250 0.884375 0.953125 0.887500 0.950000 0.885938 0.950000
0 0.882812 0.934375 0.882812 0.935937 0.885938 0.935937 0.885938 0.934375
0 0.867188 0.934375 0.867188 0.935937 0.868750 0.937500 0.870313 0.935937 0.868750 0.934375
0 0.853125 0.934375 0.851562 0.935937 0.853125 0.935937
0 0.993750 0.350000 0.990625 0.353125 0.989062 0.353125 0.987500 0.351562 0.984375 0.351562 0.982812 0.353125 0.978125 0.353125 0.976562 0.354687 0.975000 0.354687 0.973437 0.356250 0.971875 0.354687 0.970313 0.354687 0.968750 0.356250 0.960938 0.356250 0.960938 0.359375 0.957812 0.362500 0.951562 0.362500 0.950000 0.364063 0.946875 0.364063 0.945312 0.365625 0.945312 0.367188 0.943750 0.368750 0.942187 0.368750 0.940625 0.370312 0.939063 0.370312 0.934375 0.375000 0.931250 0.375000 0.928125 0.378125 0.926562 0.378125 0.925000 0.379688 0.923438 0.379688 0.921875 0.381250 0.920312 0.381250 0.918750 0.382812 0.917188 0.382812 0.910937 0.389062 0.907813 0.389062 0.906250 0.390625 0.904687 0.390625 0.903125 0.392188 0.901563 0.392188 0.900000 0.393750 0.898438 0.393750 0.896875 0.395313 0.893750 0.395313 0.892188 0.396875 0.890625 0.396875 0.889062 0.398438 0.884375 0.398438 0.881250 0.401562 0.878125 0.401562 0.876563 0.403125 0.875000 0.403125 0.873437 0.404687 0.871875 0.404687 0.870313 0.406250 0.867188 0.406250 0.865625 0.407813 0.864062 0.407813 0.862500 0.409375 0.859375 0.409375 0.856250 0.412500 0.853125 0.412500 0.851562 0.414062 0.850000 0.414062 0.846875 0.417187 0.843750 0.417187 0.840625 0.420312 0.835938 0.420312 0.834375 0.421875 0.831250 0.421875 0.829688 0.423438 0.828125 0.423438 0.826562 0.425000 0.821875 0.425000 0.820312 0.426563 0.818750 0.426563 0.817187 0.428125 0.815625 0.428125 0.814063 0.429688 0.812500 0.429688 0.810937 0.431250 0.809375 0.431250 0.807813 0.432812 0.804688 0.432812 0.803125 0.434375 0.801562 0.434375 0.800000 0.435937 0.798438 0.435937 0.796875 0.437500 0.790625 0.437500 0.787500 0.440625 0.785937 0.440625 0.784375 0.442188 0.781250 0.442188 0.779687 0.443750 0.778125 0.443750 0.776563 0.445312 0.773438 0.445312 0.770312 0.448437 0.768750 0.448437 0.767188 0.450000 0.765625 0.450000 0.764062 0.451562 0.759375 0.451562 0.757812 0.453125 0.756250 0.453125 0.754687 0.454688 0.753125 0.454688 0.751563 0.456250 0.750000 0.456250 0.748437 0.457813 0.745313 0.457813 0.743750 0.459375 0.742188 0.459375 0.740625 0.460938 0.737500 0.460938 0.735938 0.462500 0.734375 0.462500 0.732812 0.464062 0.729688 0.464062 0.728125 0.465625 0.726562 0.465625 0.725000 0.467187 0.723437 0.467187 0.721875 0.468750 0.717187 0.468750 0.715625 0.470313 0.712500 0.470313 0.710938 0.471875 0.709375 0.471875 0.707812 0.473438 0.704688 0.473438 0.703125 0.475000 0.701562 0.475000 0.700000 0.476562 0.695312 0.476562 0.692187 0.479687 0.689063 0.479687 0.685937 0.482812 0.682813 0.482812 0.681250 0.484375 0.679688 0.484375 0.678125 0.485938 0.676562 0.485938 0.675000 0.487500 0.673438 0.487500 0.671875 0.489063 0.670312 0.489063 0.668750 0.490625 0.665625 0.490625 0.664062 0.492188 0.662500 0.492188 0.660937 0.493750 0.659375 0.493750 0.657813 0.495312 0.656250 0.495312 0.654687 0.496875 0.650000 0.496875 0.648438 0.498437 0.646875 0.498437 0.645312 0.500000 0.642188 0.500000 0.640625 0.501563 0.639062 0.501563 0.637500 0.503125 0.634375 0.503125 0.632812 0.504687 0.631250 0.504687 0.629687 0.506250 0.626563 0.506250 0.625000 0.507812 0.623437 0.507812 0.621875 0.509375 0.618750 0.509375 0.617188 0.510938 0.615625 0.510938 0.614062 0.512500 0.610938 0.512500 0.609375 0.514062 0.603125 0.514062 0.601562 0.515625 0.596875 0.515625 0.595313 0.517188 0.587500 0.517188 0.585938 0.518750 0.578125 0.518750 0.576562 0.520312 0.565625 0.520312 0.564063 0.521875 0.554688 0.521875 0.553125 0.523438 0.543750 0.523438 0.542188 0.525000 0.523438 0.525000 0.521875 0.526563 0.431250 0.526563 0.429688 0.525000 0.417187 0.525000 0.415625 0.523438 0.395313 0.523438 0.393750 0.521875 0.379688 0.521875 0.378125 0.520312 0.368750 0.520312 0.367188 0.518750 0.353125 0.518750 0.351562 0.517188 0.340625 0.517188 0.339062 0.515625 0.331250 0.515625 0.329688 0.514062 0.325000 0.514062 0.323437 0.512500 0.317188 0.512500 0.315625 0.510938 0.304688 0.510938 0.303125 0.509375 0.292187 0.509375 0.290625 0.507812 0.285938 0.507812 0.284375 0.506250 0.279687 0.506250 0.278125 0.504687 0.273438 0.504687 0.271875 0.503125 0.267188 0.503125 0.265625 0.501563 0.259375 0.501563 0.257812 0.500000 0.248438 0.500000 0.246875 0.498437 0.245312 0.498437 0.243750 0.496875 0.240625 0.496875 0.239063 0.495312 0.234375 0.495312 0.232813 0.493750 0.226562 0.493750 0.225000 0.492188 0.221875 0.492188 0.220312 0.490625 0.215625 0.490625 0.214062 0.489063 0.203125 0.489063 0.201563 0.487500 0.195312 0.487500 0.193750 0.485938 0.190625 0.485938 0.189062 0.484375 0.187500 0.485938 0.181250 0.485938 0.176563 0.481250 0.170313 0.481250 0.168750 0.479687 0.165625 0.479687 0.164062 0.478125 0.162500 0.478125 0.160938 0.476562 0.154688 0.476562 0.153125 0.475000 0.150000 0.475000 0.148438 0.473438 0.140625 0.473438 0.139063 0.471875 0.132812 0.471875 0.131250 0.470313 0.123438 0.470313 0.121875 0.468750 0.117188 0.468750 0.115625 0.467187 0.110937 0.467187 0.109375 0.465625 0.104688 0.465625 0.103125 0.464062 0.101562 0.464062 0.100000 0.462500 0.093750 0.462500 0.092188 0.460938 0.085938 0.460938 0.084375 0.459375 0.076563 0.459375 0.075000 0.457813 0.070312 0.457813 0.068750 0.456250 0.062500 0.456250 0.060937 0.454688 0.056250 0.454688 0.054688 0.453125 0.045312 0.453125 0.043750 0.451562 0.040625 0.451562 0.039062 0.450000 0.037500 0.450000 0.035937 0.448437 0.031250 0.448437 0.029687 0.446875 0.025000 0.446875 0.023438 0.445312 0.021875 0.445312 0.020313 0.443750 0.012500 0.443750 0.010937 0.442188 0.000000 0.442188 0.000000 0.559375 0.001563 0.560937 0.003125 0.560937 0.004687 0.562500 0.006250 0.562500 0.007812 0.564063 0.009375 0.564063 0.012500 0.567187 0.014063 0.567187 0.015625 0.568750 0.017188 0.568750 0.018750 0.570312 0.020313 0.570312 0.021875 0.571875 0.023438 0.571875 0.025000 0.573438 0.026562 0.573438 0.029687 0.576562 0.032813 0.576562 0.034375 0.578125 0.035937 0.578125 0.040625 0.582812 0.042188 0.582812 0.043750 0.584375 0.045312 0.584375 0.046875 0.585938 0.048438 0.585938 0.051562 0.589063 0.053125 0.589063 0.054688 0.590625 0.056250 0.590625 0.057813 0.592187 0.060937 0.592187 0.062500 0.593750 0.064062 0.593750 0.067187 0.596875 0.068750 0.596875 0.071875 0.600000 0.075000 0.600000 0.081250 0.606250 0.082812 0.606250 0.084375 0.607812 0.085938 0.607812 0.098437 0.620313 0.098437 0.621875 0.101562 0.625000 0.101562 0.626563 0.103125 0.628125 0.103125 0.629687 0.107813 0.634375 0.107813 0.637500 0.109375 0.639062 0.109375 0.642188 0.110937 0.643750 0.110937 0.645312 0.112500 0.646875 0.112500 0.650000 0.114062 0.651563 0.114062 0.653125 0.115625 0.654687 0.115625 0.660937 0.117188 0.662500 0.117188 0.671875 0.118750 0.673438 0.118750 0.700000 0.120313 0.701562 0.120313 0.729688 0.118750 0.731250 0.118750 0.739062 0.117188 0.740625 0.117188 0.746875 0.115625 0.748437 0.115625 0.751563 0.114062 0.753125 0.114062 0.756250 0.112500 0.757812 0.112500 0.759375 0.110937 0.760938 0.110937 0.762500 0.109375 0.764062 0.109375 0.765625 0.107813 0.767188 0.107813 0.770312 0.103125 0.775000 0.103125 0.778125 0.101562 0.779687 0.101562 0.781250 0.100000 0.782813 0.100000 0.784375 0.098437 0.785937 0.098437 0.787500 0.093750 0.792188 0.093750 0.795312 0.092188 0.796875 0.092188 0.800000 0.087500 0.804688 0.087500 0.806250 0.085938 0.807813 0.085938 0.809375 0.082812 0.812500 0.082812 0.814063 0.081250 0.815625 0.081250 0.817187 0.078125 0.820312 0.078125 0.821875 0.076563 0.823438 0.076563 0.826562 0.075000 0.828125 0.075000 0.829688 0.073438 0.831250 0.073438 0.832812 0.070312 0.835938 0.070312 0.837500 0.067187 0.840625 0.067187 0.842187 0.062500 0.846875 0.062500 0.848437 0.057813 0.853125 0.057813 0.854688 0.056250 0.856250 0.056250 0.857812 0.054688 0.859375 0.054688 0.860938 0.051562 0.864062 0.051562 0.865625 0.048438 0.868750 0.048438 0.870313 0.046875 0.871875 0.046875 0.873437 0.043750 0.876563 0.043750 0.878125 0.039062 0.882812 0.039062 0.884375 0.037500 0.885938 0.037500 0.887500 0.031250 0.893750 0.031250 0.895312 0.028125 0.898438 0.026562 0.898438 0.025000 0.900000 0.025000 0.901563 0.023438 0.903125 0.023438 0.904687 0.020313 0.907813 0.020313 0.909375 0.014063 0.915625 0.014063 0.917188 0.012500 0.918750 0.012500 0.921875 0.010937 0.923438 0.010937 0.925000 0.007812 0.928125 0.007812 0.929688 0.004687 0.932813 0.004687 0.934375 0.003125 0.935937 0.003125 0.943750 0.001563 0.945312 0.001563 0.948438 0.000000 0.950000 0.000000 0.951562 0.001563 0.953125 0.001563 0.960938 0.003125 0.962500 0.003125 0.968750 0.004687 0.970313 0.004687 0.971875 0.012500 0.971875 0.015625 0.975000 0.014063 0.976562 0.012500 0.976562 0.009375 0.979688 0.007812 0.979688 0.007812 0.981250 0.006250 0.982812 0.006250 0.984375 0.004687 0.985938 0.004687 0.990625 0.003125 0.992188 0.003125 0.993750 0.004687 0.995313 0.004687 0.998437 0.315625 0.998437 0.315625 0.996875 0.318750 0.993750 0.318750 0.989062 0.320312 0.987500 0.323437 0.990625 0.323437 0.998437 0.470313 0.998437 0.473438 0.995313 0.476562 0.998437 0.565625 0.998437 0.567187 0.996875 0.568750 0.998437 0.581250 0.998437 0.581250 0.996875 0.582812 0.995313 0.584375 0.996875 0.584375 0.998437 0.612500 0.998437 0.612500 0.996875 0.614062 0.995313 0.615625 0.995313 0.617188 0.996875 0.617188 0.998437 0.628125 0.998437 0.628125 0.996875 0.629687 0.995313 0.632812 0.998437 0.642188 0.998437 0.645312 0.995313 0.646875 0.995313 0.648438 0.996875 0.648438 0.998437 0.654687 0.998437 0.657813 0.995313 0.659375 0.995313 0.660937 0.993750 0.662500 0.993750 0.664062 0.995313 0.667188 0.995313 0.668750 0.993750 0.670312 0.993750 0.671875 0.995313 0.673438 0.995313 0.675000 0.993750 0.676562 0.993750 0.678125 0.992188 0.679688 0.993750 0.681250 0.993750 0.682813 0.992188 0.682813 0.985938 0.685937 0.982812 0.689063 0.982812 0.690625 0.981250 0.692187 0.981250 0.696875 0.985938 0.690625 0.992188 0.687500 0.992188 0.687500 0.993750 0.690625 0.993750 0.692187 0.992188 0.696875 0.992188 0.696875 0.985938 0.701562 0.981250 0.703125 0.981250 0.704688 0.979688 0.706250 0.979688 0.707812 0.978125 0.709375 0.979688 0.709375 0.981250 0.710938 0.982812 0.710938 0.990625 0.712500 0.990625 0.712500 0.985938 0.717187 0.981250 0.718750 0.981250 0.720313 0.979688 0.721875 0.979688 0.723437 0.978125 0.726562 0.981250 0.726562 0.989062 0.728125 0.989062 0.728125 0.985938 0.729688 0.984375 0.729688 0.982812 0.731250 0.981250 0.734375 0.981250 0.737500 0.978125 0.737500 0.976562 0.734375 0.976562 0.731250 0.979688 0.729688 0.978125 0.729688 0.975000 0.728125 0.973437 0.728125 0.970313 0.731250 0.967187 0.732812 0.967187 0.735938 0.970313 0.735938 0.965625 0.737500 0.964063 0.737500 0.960938 0.735938 0.959375 0.734375 0.959375 0.732812 0.960938 0.731250 0.960938 0.729688 0.959375 0.729688 0.953125 0.731250 0.951562 0.732812 0.951562 0.734375 0.953125 0.735938 0.953125 0.737500 0.951562 0.739062 0.951562 0.742188 0.954688 0.742188 0.957812 0.740625 0.959375 0.740625 0.964063 0.742188 0.965625 0.742188 0.971875 0.740625 0.973437 0.740625 0.978125 0.742188 0.979688 0.742188 0.984375 0.743750 0.985938 0.743750 0.984375 0.746875 0.981250 0.750000 0.981250 0.754687 0.976562 0.757812 0.979688 0.757812 0.985938 0.759375 0.987500 0.760938 0.985938 0.760938 0.984375 0.764062 0.981250 0.765625 0.981250 0.768750 0.978125 0.768750 0.976562 0.770312 0.975000 0.771875 0.976562 0.771875 0.978125 0.773438 0.979688 0.773438 0.985938 0.771875 0.987500 0.771875 0.990625 0.770312 0.992188 0.767188 0.992188 0.765625 0.993750 0.768750 0.993750 0.770312 0.992188 0.771875 0.993750 0.773438 0.993750 0.775000 0.995313 0.776563 0.993750 0.778125 0.993750 0.779687 0.995313 0.784375 0.995313 0.785937 0.993750 0.787500 0.993750 0.789062 0.995313 0.798438 0.995313 0.800000 0.993750 0.807813 0.993750 0.807813 0.984375 0.812500 0.979688 0.814063 0.979688 0.815625 0.978125 0.818750 0.978125 0.820312 0.979688 0.820312 0.984375 0.821875 0.985938 0.821875 0.987500 0.821875 0.984375 0.825000 0.981250 0.828125 0.981250 0.831250 0.978125 0.832812 0.978125 0.835938 0.981250 0.835938 0.987500 0.839063 0.987500 0.839063 0.985938 0.840625 0.984375 0.842187 0.984375 0.848437 0.978125 0.851562 0.981250 0.851562 0.982812 0.850000 0.984375 0.850000 0.987500 0.848437 0.989062 0.848437 0.990625 0.846875 0.992188 0.843750 0.992188 0.842187 0.993750 0.846875 0.993750 0.848437 0.992188 0.850000 0.992188 0.851562 0.993750 0.862500 0.993750 0.864062 0.992188 0.865625 0.992188 0.867188 0.993750 0.870313 0.993750 0.871875 0.995313 0.871875 0.985938 0.873437 0.984375 0.873437 0.976562 0.870313 0.973437 0.871875 0.971875 0.871875 0.968750 0.873437 0.967187 0.873437 0.962500 0.870313 0.959375 0.870313 0.953125 0.871875 0.951562 0.873437 0.951562 0.875000 0.950000 0.873437 0.948438 0.870313 0.948438 0.868750 0.946875 0.865625 0.950000 0.865625 0.951562 0.867188 0.953125 0.867188 0.954688 0.860938 0.960938 0.857812 0.960938 0.856250 0.962500 0.854688 0.960938 0.854688 0.959375 0.853125 0.957812 0.853125 0.954688 0.856250 0.951562 0.857812 0.951562 0.859375 0.953125 0.860938 0.953125 0.862500 0.951562 0.862500 0.948438 0.860938 0.946875 0.856250 0.946875 0.854688 0.945312 0.853125 0.945312 0.851562 0.946875 0.851562 0.948438 0.850000 0.950000 0.850000 0.951562 0.851562 0.953125 0.851562 0.956250 0.850000 0.957812 0.850000 0.959375 0.848437 0.960938 0.840625 0.960938 0.839063 0.959375 0.839063 0.953125 0.840625 0.951562 0.842187 0.951562 0.843750 0.953125 0.845313 0.953125 0.846875 0.951562 0.846875 0.950000 0.845313 0.948438 0.845313 0.946875 0.840625 0.946875 0.839063 0.945312 0.839063 0.943750 0.837500 0.942187 0.837500 0.934375 0.835938 0.935937 0.835938 0.940625 0.834375 0.942187 0.832812 0.942187 0.829688 0.945312 0.828125 0.945312 0.823438 0.940625 0.823438 0.939063 0.821875 0.937500 0.821875 0.935937 0.820312 0.935937 0.820312 0.937500 0.817187 0.940625 0.815625 0.940625 0.814063 0.942187 0.812500 0.942187 0.810937 0.940625 0.809375 0.940625 0.806250 0.937500 0.804688 0.937500 0.801562 0.940625 0.800000 0.939063 0.796875 0.939063 0.795312 0.940625 0.793750 0.940625 0.790625 0.937500 0.789062 0.939063 0.787500 0.939063 0.785937 0.940625 0.784375 0.940625 0.782813 0.939063 0.781250 0.939063 0.779687 0.940625 0.778125 0.939063 0.776563 0.939063 0.775000 0.937500 0.773438 0.937500 0.770312 0.940625 0.768750 0.939063 0.760938 0.939063 0.759375 0.937500 0.757812 0.937500 0.754687 0.940625 0.753125 0.939063 0.745313 0.939063 0.743750 0.937500 0.742188 0.939063 0.740625 0.939063 0.739062 0.940625 0.737500 0.940625 0.735938 0.939063 0.729688 0.939063 0.728125 0.937500 0.726562 0.937500 0.725000 0.939063 0.714063 0.939063 0.712500 0.937500 0.710938 0.937500 0.709375 0.939063 0.698438 0.939063 0.696875 0.937500 0.695312 0.937500 0.693750 0.939063 0.684375 0.939063 0.682813 0.937500 0.678125 0.937500 0.676562 0.939063 0.675000 0.939063 0.673438 0.937500 0.671875 0.939063 0.668750 0.939063 0.667188 0.937500 0.664062 0.937500 0.662500 0.939063 0.654687 0.939063 0.653125 0.937500 0.648438 0.937500 0.646875 0.939063 0.631250 0.939063 0.629687 0.940625 0.621875 0.940625 0.620313 0.939063 0.617188 0.939063 0.615625 0.940625 0.568750 0.940625 0.567187 0.942187 0.565625 0.940625 0.564063 0.940625 0.562500 0.942187 0.557813 0.942187 0.556250 0.940625 0.554688 0.942187 0.548438 0.942187 0.546875 0.943750 0.534375 0.943750 0.532813 0.942187 0.529687 0.945312 0.526563 0.945312 0.525000 0.943750 0.523438 0.943750 0.521875 0.945312 0.518750 0.945312 0.517188 0.943750 0.515625 0.945312 0.510938 0.945312 0.509375 0.943750 0.507812 0.945312 0.500000 0.945312 0.498437 0.946875 0.496875 0.946875 0.495312 0.945312 0.492188 0.945312 0.490625 0.946875 0.484375 0.946875 0.482812 0.948438 0.479687 0.948438 0.478125 0.946875 0.476562 0.948438 0.453125 0.948438 0.451562 0.950000 0.450000 0.950000 0.448437 0.948438 0.443750 0.948438 0.442188 0.950000 0.432812 0.950000 0.431250 0.948438 0.429688 0.948438 0.428125 0.950000 0.425000 0.950000 0.423438 0.951562 0.417187 0.951562 0.415625 0.950000 0.414062 0.951562 0.412500 0.951562 0.410938 0.953125 0.382812 0.953125 0.381250 0.954688 0.370312 0.954688 0.368750 0.953125 0.367188 0.953125 0.365625 0.954688 0.346875 0.954688 0.345313 0.953125 0.343750 0.953125 0.342187 0.954688 0.340625 0.954688 0.339062 0.953125 0.339062 0.951562 0.340625 0.950000 0.346875 0.950000 0.348438 0.948438 0.350000 0.950000 0.353125 0.950000 0.354687 0.948438 0.376563 0.948438 0.378125 0.946875 0.385937 0.946875 0.387500 0.945312 0.389062 0.946875 0.393750 0.946875 0.395313 0.945312 0.396875 0.945312 0.398438 0.946875 0.400000 0.946875 0.401562 0.945312 0.431250 0.945312 0.432812 0.943750 0.446875 0.943750 0.448437 0.942187 0.453125 0.942187 0.454688 0.943750 0.456250 0.943750 0.457813 0.942187 0.459375 0.942187 0.460938 0.943750 0.462500 0.942187 0.464062 0.942187 0.465625 0.940625 0.467187 0.940625 0.468750 0.942187 0.475000 0.942187 0.476562 0.940625 0.479687 0.940625 0.481250 0.939063 0.482812 0.940625 0.492188 0.940625 0.493750 0.939063 0.507812 0.939063 0.509375 0.937500 0.526563 0.937500 0.528125 0.935937 0.576562 0.935937 0.578125 0.934375 0.593750 0.934375 0.595313 0.932813 0.601562 0.932813 0.603125 0.934375 0.604688 0.932813 0.642188 0.932813 0.643750 0.931250 0.648438 0.931250 0.650000 0.932813 0.651563 0.931250 0.675000 0.931250 0.676562 0.929688 0.678125 0.931250 0.682813 0.931250 0.684375 0.929688 0.685937 0.929688 0.687500 0.931250 0.689063 0.931250 0.690625 0.929688 0.693750 0.929688 0.695312 0.931250 0.696875 0.931250 0.698438 0.929688 0.735938 0.929688 0.737500 0.928125 0.740625 0.928125 0.742188 0.929688 0.745313 0.929688 0.746875 0.928125 0.748437 0.928125 0.750000 0.929688 0.765625 0.929688 0.767188 0.928125 0.771875 0.928125 0.773438 0.929688 0.775000 0.929688 0.776563 0.928125 0.789062 0.928125 0.790625 0.929688 0.792188 0.928125 0.839063 0.928125 0.840625 0.926562 0.884375 0.926562 0.885938 0.925000 0.925000 0.925000 0.926562 0.923438 0.928125 0.923438 0.929688 0.925000 0.931250 0.925000 0.932813 0.923438 0.956250 0.923438 0.957812 0.921875 0.959375 0.921875 0.960938 0.923438 0.962500 0.923438 0.964063 0.921875 0.971875 0.921875 0.973437 0.920312 0.975000 0.920312 0.976562 0.921875 0.987500 0.921875 0.989062 0.920312 0.990625 0.920312 0.992188 0.921875 0.996875 0.921875 0.998437 0.920312 0.998437 0.737500 0.995313 0.734375 0.995313 0.731250 0.990625 0.726562 0.990625 0.725000 0.987500 0.721875 0.987500 0.720313 0.985938 0.718750 0.985938 0.715625 0.984375 0.714063 0.984375 0.712500 0.982812 0.710938 0.982812 0.709375 0.981250 0.707812 0.981250 0.706250 0.979688 0.704688 0.979688 0.700000 0.978125 0.698438 0.978125 0.664062 0.979688 0.662500 0.979688 0.654687 0.981250 0.653125 0.981250 0.650000 0.982812 0.648438 0.982812 0.646875 0.984375 0.645312 0.984375 0.642188 0.985938 0.640625 0.985938 0.635938 0.987500 0.634375 0.987500 0.632812 0.990625 0.629687 0.990625 0.628125 0.992188 0.626563 0.992188 0.625000 0.993750 0.623437 0.993750 0.621875 0.995313 0.620313 0.995313 0.618750 0.998437 0.615625 0.998437 0.378125 0.996875 0.378125 0.995313 0.376563 0.995313 0.375000 0.998437 0.371875 0.996875 0.371875 0.993750 0.368750 0.993750 0.367188 0.995313 0.365625 0.995313 0.364063 0.993750 0.362500 0.993750 0.359375 0.995313 0.357812 0.996875 0.357812 0.998437 0.356250 0.996875 0.356250 0.995313 0.354687 0.995313 0.353125 0.993750 0.351562