0 0.871875 0.753125 0.870313 0.754687 0.871875 0.756250 0.873437 0.754687
0 0.917188 0.746875 0.918750 0.748437 0.918750 0.746875
0 0.910937 0.729688 0.910937 0.731250 0.915625 0.731250 0.917188 0.732812 0.918750 0.732812 0.920312 0.731250 0.918750 0.729688 0.917188 0.729688 0.915625 0.731250 0.914062 0.731250 0.912500 0.729688
0 0.943750 0.728125 0.940625 0.731250 0.943750 0.734375 0.946875 0.734375 0.948438 0.732812 0.950000 0.732812 0.950000 0.728125
0 0.934375 0.728125 0.932813 0.729688 0.932813 0.732812 0.934375 0.734375 0.935937 0.732812 0.935937 0.729688
0 0.926562 0.728125 0.928125 0.729688 0.928125 0.731250 0.928125 0.729688
0 0.895312 0.726562 0.895312 0.731250 0.901563 0.731250 0.903125 0.732812 0.904687 0.731250 0.903125 0.729688 0.901563 0.729688 0.900000 0.731250 0.898438 0.731250 0.896875 0.729688 0.896875 0.728125
0 0.950000 0.715625 0.945312 0.720313 0.948438 0.720313 0.950000 0.721875
0 0.223438 0.695312 0.223438 0.698438 0.225000 0.698438 0.225000 0.695312
0 0.864062 0.670312 0.862500 0.671875 0.860938 0.671875 0.860938 0.675000 0.862500 0.675000 0.864062 0.676562 0.865625 0.675000 0.867188 0.675000 0.868750 0.673438 0.868750 0.671875 0.867188 0.671875 0.865625 0.670312
0 0.848437 0.668750 0.848437 0.671875 0.850000 0.670312 0.850000 0.668750
0 0.801562 0.668750 0.801562 0.670312 0.800000 0.671875 0.798438 0.671875 0.798438 0.673438 0.796875 0.675000 0.796875 0.676562 0.798438 0.678125 0.803125 0.678125 0.803125 0.675000 0.804688 0.673438 0.801562 0.670312
0 0.832812 0.667188 0.831250 0.668750 0.831250 0.670312 0.829688 0.671875 0.829688 0.673438 0.828125 0.675000 0.828125 0.676562 0.829688 0.678125 0.832812 0.678125 0.832812 0.676562 0.834375 0.675000 0.834375 0.668750
0 0.817187 0.667188 0.817187 0.668750 0.814063 0.671875 0.814063 0.676562 0.815625 0.678125 0.818750 0.678125 0.821875 0.675000 0.821875 0.673438 0.818750 0.670312 0.818750 0.668750
0 0.223438 0.664062 0.223438 0.667188 0.225000 0.665625
0 0.817187 0.656250 0.815625 0.657813 0.814063 0.657813 0.815625 0.657813 0.817187 0.659375 0.818750 0.657813
0 0.781250 0.656250 0.781250 0.659375 0.785937 0.659375 0.787500 0.657813 0.787500 0.656250
0 0.976562 0.645312 0.978125 0.646875 0.979688 0.645312 0.984375 0.645312 0.985938 0.646875 0.985938 0.645312
0 0.993750 0.643750 0.992188 0.645312 0.992188 0.646875 0.996875 0.646875 0.998437 0.645312 0.995313 0.645312
0 0.918750 0.635938 0.917188 0.637500 0.910937 0.637500 0.917188 0.637500 0.918750 0.639062 0.920312 0.639062 0.921875 0.637500 0.926562 0.637500 0.928125 0.639062 0.931250 0.639062 0.932813 0.640625 0.935937 0.640625 0.935937 0.637500 0.925000 0.637500 0.923438 0.635938
0 0.746875 0.635938 0.746875 0.639062 0.748437 0.637500
0 0.739062 0.635938 0.737500 0.637500 0.739062 0.639062
0 0.731250 0.634375 0.729688 0.635938 0.729688 0.639062 0.732812 0.639062 0.734375 0.637500
0 0.898438 0.629687 0.896875 0.631250 0.889062 0.631250 0.889062 0.632812 0.892188 0.635938 0.893750 0.635938 0.895312 0.634375 0.898438 0.634375 0.900000 0.632812 0.903125 0.635938 0.906250 0.635938 0.906250 0.634375 0.903125 0.631250 0.903125 0.629687
0 0.418750 0.626563 0.415625 0.629687 0.420312 0.629687 0.420312 0.626563
0 0.814063 0.620313 0.812500 0.621875 0.815625 0.621875
0 0.796875 0.618750 0.796875 0.621875 0.801562 0.621875 0.798438 0.618750
0 0.781250 0.617188 0.781250 0.620313 0.785937 0.620313 0.787500 0.618750 0.785937 0.617188
0 0.767188 0.617188 0.767188 0.618750 0.768750 0.618750 0.768750 0.617188
0 0.348438 0.585938 0.348438 0.589063 0.346875 0.590625 0.348438 0.590625 0.350000 0.589063 0.350000 0.587500
0 0.262500 0.485938 0.262500 0.489063 0.271875 0.489063 0.271875 0.487500 0.273438 0.485938 0.275000 0.485938
0 0.990625 0.484375 0.989062 0.485938 0.987500 0.485938 0.985938 0.487500 0.976562 0.487500 0.975000 0.489063 0.968750 0.489063 0.967187 0.490625 0.926562 0.490625 0.925000 0.492188 0.865625 0.492188 0.864062 0.493750 0.862500 0.492188 0.860938 0.492188 0.859375 0.493750 0.826562 0.493750 0.825000 0.495312 0.812500 0.495312 0.810937 0.496875 0.810937 0.498437 0.809375 0.500000 0.806250 0.500000 0.806250 0.514062 0.804688 0.515625 0.804688 0.534375 0.803125 0.535937 0.804688 0.537500 0.804688 0.539062 0.806250 0.540625 0.807813 0.540625 0.809375 0.539062 0.810937 0.540625 0.821875 0.540625 0.823438 0.542188 0.834375 0.542188 0.835938 0.543750 0.867188 0.543750 0.868750 0.545312 0.875000 0.545312 0.876563 0.543750 0.878125 0.545312 0.935937 0.545312 0.937500 0.543750 0.943750 0.543750 0.945312 0.545312 0.948438 0.545312 0.950000 0.543750 0.959375 0.543750 0.960938 0.545312 0.965625 0.545312 0.967187 0.543750 0.985938 0.543750 0.987500 0.545312 0.998437 0.545312 0.998437 0.485938 0.995313 0.485938 0.993750 0.484375
0 0.820312 0.471875 0.818750 0.473438 0.821875 0.473438 0.821875 0.471875
0 0.571875 0.464062 0.570312 0.465625 0.565625 0.465625 0.564063 0.467187 0.562500 0.467187 0.560937 0.465625 0.557813 0.465625 0.556250 0.467187 0.526563 0.467187 0.525000 0.468750 0.515625 0.468750 0.514062 0.467187 0.500000 0.467187 0.498437 0.468750 0.448437 0.468750 0.446875 0.470313 0.445312 0.468750 0.439063 0.468750 0.437500 0.470313 0.418750 0.470313 0.417187 0.471875 0.414062 0.471875 0.412500 0.470313 0.409375 0.470313 0.407813 0.471875 0.403125 0.471875 0.401562 0.473438 0.398438 0.473438 0.396875 0.475000 0.393750 0.475000 0.392188 0.473438 0.390625 0.475000 0.389062 0.475000 0.387500 0.476562 0.385937 0.476562 0.384375 0.478125 0.384375 0.485938 0.389062 0.490625 0.392188 0.490625 0.393750 0.492188 0.400000 0.492188 0.403125 0.495312 0.406250 0.495312 0.407813 0.493750 0.409375 0.495312 0.415625 0.495312 0.417187 0.496875 0.431250 0.496875 0.432812 0.498437 0.435937 0.498437 0.437500 0.496875 0.440625 0.496875 0.442188 0.498437 0.464062 0.498437 0.465625 0.500000 0.467187 0.500000 0.468750 0.498437 0.471875 0.498437 0.473438 0.500000 0.475000 0.500000 0.476562 0.498437 0.478125 0.498437 0.479687 0.500000 0.484375 0.500000 0.485938 0.498437 0.487500 0.500000 0.517188 0.500000 0.520312 0.503125 0.521875 0.501563 0.525000 0.501563 0.526563 0.503125 0.531250 0.503125 0.532813 0.501563 0.534375 0.503125 0.537500 0.503125 0.539062 0.501563 0.540625 0.501563 0.542188 0.503125 0.546875 0.503125 0.548438 0.504687 0.564063 0.504687 0.565625 0.506250 0.573438 0.506250 0.575000 0.507812 0.576562 0.507812 0.578125 0.506250 0.579688 0.506250 0.581250 0.507812 0.582812 0.507812 0.584375 0.509375 0.584375 0.512500 0.582812 0.514062 0.571875 0.514062 0.570312 0.515625 0.567187 0.515625 0.565625 0.517188 0.564063 0.517188 0.562500 0.518750 0.554688 0.518750 0.553125 0.520312 0.550000 0.520312 0.548438 0.521875 0.535937 0.521875 0.534375 0.523438 0.510938 0.523438 0.509375 0.525000 0.504687 0.525000 0.503125 0.526563 0.492188 0.526563 0.490625 0.528125 0.484375 0.528125 0.482812 0.529687 0.476562 0.529687 0.475000 0.531250 0.457813 0.531250 0.456250 0.532813 0.450000 0.532813 0.448437 0.534375 0.446875 0.534375 0.445312 0.535937 0.443750 0.535937 0.442188 0.537500 0.435937 0.537500 0.434375 0.539062 0.425000 0.539062 0.423438 0.540625 0.421875 0.539062 0.417187 0.539062 0.415625 0.540625 0.414062 0.540625 0.412500 0.539062 0.409375 0.539062 0.407813 0.540625 0.406250 0.539062 0.401562 0.539062 0.400000 0.540625 0.387500 0.540625 0.382812 0.545312 0.378125 0.545312 0.376563 0.543750 0.375000 0.545312 0.356250 0.545312 0.354687 0.546875 0.323437 0.546875 0.321875 0.548438 0.309375 0.548438 0.307812 0.550000 0.306250 0.550000 0.304688 0.551562 0.303125 0.551562 0.301563 0.553125 0.296875 0.553125 0.295312 0.554688 0.289062 0.554688 0.287500 0.556250 0.276562 0.556250 0.278125 0.556250 0.281250 0.559375 0.278125 0.562500 0.271875 0.562500 0.270313 0.564063 0.267188 0.564063 0.264062 0.567187 0.264062 0.578125 0.267188 0.581250 0.268750 0.581250 0.270313 0.582812 0.270313 0.593750 0.270313 0.590625 0.271875 0.589063 0.271875 0.587500 0.270313 0.585938 0.270313 0.582812 0.271875 0.581250 0.273438 0.581250 0.275000 0.579688 0.276562 0.579688 0.276562 0.578125 0.278125 0.576562 0.279687 0.576562 0.281250 0.578125 0.282813 0.578125 0.284375 0.579688 0.284375 0.581250 0.285938 0.582812 0.285938 0.590625 0.287500 0.589063 0.287500 0.582812 0.289062 0.581250 0.292187 0.581250 0.293750 0.582812 0.293750 0.589063 0.295312 0.590625 0.296875 0.589063 0.298438 0.589063 0.300000 0.590625 0.300000 0.592187 0.301563 0.593750 0.303125 0.593750 0.303125 0.590625 0.306250 0.587500 0.307812 0.589063 0.307812 0.590625 0.309375 0.592187 0.314063 0.587500 0.315625 0.589063 0.315625 0.590625 0.317188 0.592187 0.317188 0.596875 0.315625 0.598437 0.315625 0.601562 0.317188 0.603125 0.317188 0.604688 0.318750 0.604688 0.320312 0.603125 0.321875 0.603125 0.325000 0.606250 0.337500 0.606250 0.339062 0.607812 0.340625 0.607812 0.345313 0.612500 0.346875 0.612500 0.348438 0.614062 0.350000 0.612500 0.350000 0.609375 0.348438 0.607812 0.346875 0.609375 0.345313 0.609375 0.343750 0.607812 0.343750 0.601562 0.342187 0.600000 0.342187 0.590625 0.340625 0.589063 0.340625 0.587500 0.342187 0.585938 0.342187 0.579688 0.345313 0.576562 0.348438 0.579688 0.353125 0.579688 0.356250 0.582812 0.356250 0.584375 0.354687 0.585938 0.356250 0.587500 0.356250 0.592187 0.357812 0.590625 0.357812 0.581250 0.359375 0.579688 0.362500 0.579688 0.364063 0.581250 0.368750 0.581250 0.371875 0.584375 0.376563 0.579688 0.378125 0.579688 0.382812 0.584375 0.384375 0.584375 0.387500 0.587500 0.387500 0.589063 0.389062 0.587500 0.389062 0.585938 0.395313 0.579688 0.393750 0.578125 0.392188 0.578125 0.390625 0.576562 0.390625 0.575000 0.392188 0.573438 0.396875 0.573438 0.403125 0.579688 0.404687 0.578125 0.406250 0.578125 0.406250 0.576562 0.407813 0.575000 0.410938 0.575000 0.412500 0.576562 0.415625 0.576562 0.417187 0.578125 0.420312 0.578125 0.421875 0.576562 0.445312 0.576562 0.446875 0.578125 0.453125 0.578125 0.454688 0.576562 0.459375 0.576562 0.460938 0.578125 0.467187 0.578125 0.468750 0.579688 0.473438 0.579688 0.475000 0.581250 0.476562 0.581250 0.478125 0.582812 0.481250 0.582812 0.482812 0.584375 0.489063 0.584375 0.490625 0.585938 0.493750 0.585938 0.495312 0.587500 0.495312 0.589063 0.496875 0.590625 0.496875 0.595313 0.498437 0.595313 0.500000 0.596875 0.501563 0.596875 0.503125 0.598437 0.503125 0.604688 0.501563 0.606250 0.498437 0.603125 0.498437 0.601562 0.495312 0.601562 0.492188 0.604688 0.492188 0.606250 0.496875 0.610938 0.495312 0.612500 0.495312 0.620313 0.492188 0.623437 0.490625 0.623437 0.489063 0.625000 0.489063 0.626563 0.487500 0.628125 0.487500 0.631250 0.489063 0.632812 0.489063 0.635938 0.485938 0.639062 0.482812 0.635938 0.482812 0.631250 0.484375 0.629687 0.482812 0.628125 0.482812 0.614062 0.481250 0.612500 0.481250 0.610938 0.479687 0.612500 0.479687 0.628125 0.478125 0.629687 0.476562 0.629687 0.475000 0.628125 0.475000 0.620313 0.473438 0.620313 0.473438 0.635938 0.470313 0.639062 0.467187 0.635938 0.467187 0.623437 0.465625 0.621875 0.465625 0.625000 0.464062 0.626563 0.464062 0.628125 0.462500 0.629687 0.464062 0.631250 0.464062 0.632812 0.465625 0.634375 0.464062 0.635938 0.464062 0.637500 0.462500 0.639062 0.459375 0.639062 0.456250 0.642188 0.456250 0.643750 0.454688 0.645312 0.453125 0.643750 0.453125 0.640625 0.451562 0.639062 0.451562 0.623437 0.450000 0.621875 0.450000 0.620313 0.450000 0.623437 0.448437 0.625000 0.448437 0.632812 0.450000 0.634375 0.448437 0.635938 0.448437 0.639062 0.446875 0.640625 0.445312 0.640625 0.443750 0.639062 0.442188 0.639062 0.439063 0.642188 0.435937 0.639062 0.435937 0.621875 0.434375 0.620313 0.434375 0.618750 0.434375 0.621875 0.431250 0.625000 0.425000 0.625000 0.425000 0.628125 0.426563 0.628125 0.428125 0.629687 0.431250 0.629687 0.432812 0.631250 0.432812 0.632812 0.434375 0.634375 0.432812 0.635938 0.432812 0.637500 0.431250 0.639062 0.428125 0.639062 0.426563 0.637500 0.426563 0.639062 0.423438 0.642188 0.420312 0.639062 0.417187 0.639062 0.415625 0.640625 0.412500 0.640625 0.410938 0.639062 0.409375 0.640625 0.407813 0.640625 0.406250 0.639062 0.404687 0.639062 0.403125 0.637500 0.403125 0.632812 0.406250 0.629687 0.406250 0.628125 0.403125 0.625000 0.401562 0.626563 0.401562 0.631250 0.403125 0.632812 0.403125 0.635938 0.400000 0.639062 0.392188 0.639062 0.389062 0.635938 0.387500 0.635938 0.387500 0.637500 0.385937 0.639062 0.382812 0.639062 0.381250 0.640625 0.376563 0.640625 0.371875 0.635938 0.368750 0.639062 0.359375 0.639062 0.357812 0.637500 0.357812 0.635938 0.356250 0.634375 0.357812 0.632812 0.357812 0.626563 0.356250 0.625000 0.354687 0.626563 0.354687 0.631250 0.356250 0.632812 0.356250 0.637500 0.354687 0.639062 0.346875 0.639062 0.345313 0.640625 0.343750 0.640625 0.340625 0.637500 0.340625 0.632812 0.342187 0.631250 0.342187 0.629687 0.340625 0.628125 0.339062 0.629687 0.339062 0.631250 0.340625 0.632812 0.340625 0.637500 0.339062 0.639062 0.325000 0.639062 0.323437 0.640625 0.320312 0.640625 0.318750 0.639062 0.309375 0.639062 0.307812 0.640625 0.304688 0.640625 0.303125 0.639062 0.298438 0.639062 0.296875 0.640625 0.287500 0.640625 0.285938 0.639062 0.284375 0.640625 0.253125 0.640625 0.251563 0.642188 0.237500 0.642188 0.237500 0.643750 0.239063 0.645312 0.239063 0.653125 0.237500 0.654687 0.235937 0.654687 0.234375 0.656250 0.229687 0.656250 0.228125 0.657813 0.223438 0.657813 0.225000 0.657813 0.231250 0.664062 0.231250 0.665625 0.232813 0.667188 0.232813 0.670312 0.231250 0.671875 0.226562 0.671875 0.225000 0.670312 0.223438 0.671875 0.223438 0.673438 0.225000 0.675000 0.228125 0.675000 0.231250 0.678125 0.231250 0.682813 0.232813 0.682813 0.232813 0.681250 0.234375 0.679688 0.235937 0.679688 0.237500 0.681250 0.237500 0.684375 0.235937 0.685937 0.231250 0.685937 0.229687 0.687500 0.228125 0.687500 0.225000 0.684375 0.225000 0.681250 0.223438 0.679688 0.223438 0.690625 0.228125 0.690625 0.229687 0.692187 0.229687 0.693750 0.231250 0.695312 0.231250 0.700000 0.229687 0.701562 0.225000 0.701562 0.223438 0.703125 0.223438 0.706250 0.225000 0.707812 0.225000 0.709375 0.223438 0.710938 0.225000 0.710938 0.226562 0.709375 0.228125 0.709375 0.229687 0.710938 0.229687 0.712500 0.231250 0.714063 0.232813 0.714063 0.235937 0.710938 0.237500 0.712500 0.237500 0.714063 0.239063 0.715625 0.237500 0.717187 0.235937 0.717187 0.234375 0.718750 0.220312 0.718750 0.218750 0.720313 0.221875 0.720313 0.223438 0.721875 0.226562 0.721875 0.228125 0.720313 0.232813 0.720313 0.234375 0.721875 0.242188 0.721875 0.243750 0.720313 0.246875 0.720313 0.248438 0.721875 0.253125 0.721875 0.254688 0.723437 0.256250 0.721875 0.264062 0.721875 0.265625 0.723437 0.271875 0.723437 0.273438 0.721875 0.279687 0.721875 0.281250 0.723437 0.309375 0.723437 0.310937 0.725000 0.321875 0.725000 0.323437 0.726562 0.329688 0.726562 0.332813 0.729688 0.337500 0.729688 0.339062 0.731250 0.342187 0.731250 0.343750 0.732812 0.346875 0.732812 0.348438 0.734375 0.351562 0.734375 0.353125 0.735938 0.360938 0.735938 0.362500 0.737500 0.370312 0.737500 0.371875 0.739062 0.375000 0.739062 0.376563 0.740625 0.384375 0.740625 0.387500 0.743750 0.392188 0.743750 0.395313 0.746875 0.400000 0.746875 0.401562 0.748437 0.403125 0.748437 0.404687 0.750000 0.407813 0.750000 0.409375 0.751563 0.415625 0.751563 0.418750 0.754687 0.423438 0.754687 0.425000 0.756250 0.432812 0.756250 0.434375 0.757812 0.439063 0.757812 0.440625 0.759375 0.445312 0.759375 0.446875 0.760938 0.448437 0.760938 0.450000 0.762500 0.454688 0.762500 0.457813 0.765625 0.462500 0.765625 0.464062 0.767188 0.468750 0.767188 0.470313 0.768750 0.476562 0.768750 0.478125 0.770312 0.481250 0.770312 0.482812 0.771875 0.492188 0.771875 0.493750 0.773438 0.498437 0.773438 0.500000 0.775000 0.503125 0.775000 0.504687 0.776563 0.507812 0.776563 0.509375 0.778125 0.510938 0.778125 0.512500 0.779687 0.515625 0.779687 0.517188 0.781250 0.518750 0.781250 0.520312 0.782813 0.526563 0.782813 0.528125 0.784375 0.537500 0.784375 0.539062 0.785937 0.543750 0.785937 0.545312 0.787500 0.551562 0.787500 0.553125 0.789062 0.564063 0.789062 0.565625 0.790625 0.568750 0.790625 0.570312 0.792188 0.573438 0.792188 0.575000 0.793750 0.582812 0.793750 0.584375 0.795312 0.587500 0.795312 0.589063 0.796875 0.593750 0.796875 0.595313 0.798438 0.598437 0.798438 0.600000 0.800000 0.610938 0.800000 0.612500 0.801562 0.634375 0.801562 0.635938 0.803125 0.642188 0.803125 0.645312 0.806250 0.648438 0.806250 0.650000 0.807813 0.651563 0.807813 0.653125 0.809375 0.656250 0.809375 0.659375 0.812500 0.659375 0.814063 0.662500 0.814063 0.664062 0.815625 0.668750 0.815625 0.670312 0.817187 0.675000 0.817187 0.676562 0.818750 0.681250 0.818750 0.682813 0.820312 0.687500 0.820312 0.689063 0.821875 0.690625 0.821875 0.692187 0.823438 0.696875 0.823438 0.698438 0.825000 0.701562 0.825000 0.703125 0.826562 0.706250 0.826562 0.707812 0.828125 0.710938 0.828125 0.712500 0.829688 0.720313 0.829688 0.721875 0.831250 0.726562 0.831250 0.728125 0.832812 0.735938 0.832812 0.737500 0.834375 0.743750 0.834375 0.745313 0.835938 0.753125 0.835938 0.754687 0.837500 0.756250 0.837500 0.759375 0.840625 0.770312 0.840625 0.773438 0.843750 0.775000 0.843750 0.776563 0.842187 0.776563 0.840625 0.779687 0.837500 0.779687 0.832812 0.781250 0.831250 0.781250 0.826562 0.779687 0.825000 0.779687 0.823438 0.778125 0.821875 0.778125 0.817187 0.776563 0.815625 0.776563 0.809375 0.773438 0.806250 0.773438 0.795312 0.775000 0.793750 0.773438 0.792188 0.773438 0.790625 0.778125 0.785937 0.779687 0.785937 0.781250 0.787500 0.782813 0.787500 0.787500 0.782813 0.787500 0.781250 0.790625 0.778125 0.790625 0.776563 0.792188 0.775000 0.793750 0.775000 0.795312 0.773438 0.796875 0.773438 0.796875 0.771875 0.798438 0.770312 0.798438 0.767188 0.800000 0.765625 0.803125 0.765625 0.806250 0.762500 0.810937 0.762500 0.812500 0.760938 0.815625 0.760938 0.817187 0.759375 0.818750 0.759375 0.820312 0.757812 0.823438 0.757812 0.825000 0.759375 0.825000 0.760938 0.823438 0.762500 0.821875 0.762500 0.825000 0.762500 0.825000 0.759375 0.828125 0.756250 0.828125 0.754687 0.829688 0.753125 0.832812 0.753125 0.832812 0.751563 0.834375 0.750000 0.839063 0.750000 0.840625 0.748437 0.842187 0.750000 0.842187 0.754687 0.843750 0.756250 0.843750 0.757812 0.846875 0.760938 0.853125 0.760938 0.854688 0.759375 0.856250 0.759375 0.856250 0.757812 0.854688 0.756250 0.856250 0.754687 0.856250 0.753125 0.857812 0.751563 0.859375 0.751563 0.860938 0.750000 0.859375 0.748437 0.859375 0.746875 0.860938 0.745313 0.862500 0.746875 0.865625 0.746875 0.867188 0.748437 0.868750 0.748437 0.870313 0.750000 0.871875 0.750000 0.875000 0.746875 0.878125 0.746875 0.879687 0.748437 0.881250 0.748437 0.882812 0.746875 0.887500 0.746875 0.887500 0.745313 0.885938 0.746875 0.884375 0.746875 0.881250 0.743750 0.881250 0.742188 0.879687 0.742188 0.876563 0.745313 0.875000 0.743750 0.873437 0.743750 0.871875 0.742188 0.857812 0.742188 0.854688 0.739062 0.856250 0.737500 0.856250 0.735938 0.857812 0.734375 0.857812 0.732812 0.859375 0.731250 0.860938 0.731250 0.862500 0.732812 0.867188 0.732812 0.868750 0.734375 0.870313 0.734375 0.871875 0.732812 0.875000 0.732812 0.876563 0.731250 0.878125 0.732812 0.889062 0.732812 0.889062 0.725000 0.890625 0.723437 0.892188 0.723437 0.893750 0.721875 0.901563 0.721875 0.903125 0.723437 0.903125 0.725000 0.907813 0.720313 0.917188 0.720313 0.918750 0.721875 0.918750 0.723437 0.921875 0.720313 0.920312 0.718750 0.920312 0.715625 0.918750 0.714063 0.917188 0.714063 0.915625 0.715625 0.910937 0.710938 0.910937 0.706250 0.912500 0.704688 0.917188 0.704688 0.918750 0.706250 0.918750 0.709375 0.918750 0.707812 0.920312 0.706250 0.920312 0.704688 0.918750 0.703125 0.917188 0.703125 0.915625 0.704688 0.910937 0.704688 0.910937 0.717187 0.907813 0.720313 0.904687 0.717187 0.904687 0.714063 0.903125 0.712500 0.903125 0.710938 0.904687 0.709375 0.904687 0.704688 0.901563 0.704688 0.900000 0.703125 0.895312 0.703125 0.893750 0.704688 0.890625 0.704688 0.887500 0.701562 0.887500 0.700000 0.885938 0.700000 0.884375 0.701562 0.881250 0.698438 0.879687 0.698438 0.879687 0.700000 0.876563 0.703125 0.875000 0.703125 0.873437 0.701562 0.873437 0.700000 0.871875 0.698438 0.868750 0.698438 0.867188 0.696875 0.875000 0.689063 0.878125 0.689063 0.879687 0.690625 0.881250 0.690625 0.882812 0.689063 0.884375 0.689063 0.882812 0.687500 0.881250 0.687500 0.879687 0.685937 0.876563 0.689063 0.875000 0.689063 0.871875 0.685937 0.871875 0.684375 0.870313 0.685937 0.867188 0.685937 0.865625 0.684375 0.864062 0.684375 0.860938 0.687500 0.857812 0.687500 0.856250 0.689063 0.854688 0.687500 0.851562 0.687500 0.850000 0.685937 0.848437 0.685937 0.846875 0.687500 0.842187 0.687500 0.840625 0.685937 0.839063 0.687500 0.837500 0.687500 0.835938 0.685937 0.831250 0.685937 0.829688 0.687500 0.821875 0.687500 0.820312 0.685937 0.814063 0.685937 0.812500 0.687500 0.804688 0.687500 0.803125 0.685937 0.795312 0.685937 0.793750 0.687500 0.790625 0.687500 0.789062 0.685937 0.787500 0.685937 0.785937 0.684375 0.785937 0.681250 0.787500 0.679688 0.787500 0.678125 0.790625 0.675000 0.790625 0.673438 0.785937 0.668750 0.785937 0.665625 0.785937 0.668750 0.784375 0.670312 0.779687 0.670312 0.778125 0.668750 0.775000 0.671875 0.771875 0.668750 0.771875 0.662500 0.775000 0.659375 0.775000 0.657813 0.771875 0.654687 0.768750 0.654687 0.767188 0.656250 0.765625 0.656250 0.764062 0.654687 0.760938 0.654687 0.759375 0.656250 0.757812 0.654687 0.750000 0.654687 0.746875 0.651563 0.743750 0.654687 0.742188 0.654687 0.739062 0.651563 0.739062 0.650000 0.740625 0.648438 0.740625 0.645312 0.739062 0.645312 0.739062 0.653125 0.737500 0.654687 0.734375 0.654687 0.732812 0.653125 0.732812 0.645312 0.729688 0.645312 0.729688 0.653125 0.728125 0.654687 0.725000 0.651563 0.725000 0.650000 0.726562 0.648438 0.726562 0.645312 0.725000 0.643750 0.725000 0.639062 0.726562 0.637500 0.725000 0.635938 0.725000 0.634375 0.723437 0.632812 0.723437 0.634375 0.720313 0.637500 0.718750 0.637500 0.717187 0.635938 0.715625 0.637500 0.715625 0.640625 0.714063 0.642188 0.710938 0.642188 0.709375 0.640625 0.707812 0.640625 0.706250 0.642188 0.706250 0.646875 0.707812 0.648438 0.707812 0.651563 0.704688 0.654687 0.703125 0.653125 0.703125 0.651563 0.701562 0.650000 0.701562 0.648438 0.703125 0.646875 0.703125 0.643750 0.701562 0.642188 0.701562 0.640625 0.703125 0.639062 0.703125 0.637500 0.701562 0.635938 0.701562 0.631250 0.700000 0.629687 0.696875 0.632812 0.695312 0.632812 0.693750 0.631250 0.692187 0.631250 0.690625 0.632812 0.690625 0.634375 0.689063 0.635938 0.687500 0.635938 0.685937 0.634375 0.685937 0.631250 0.684375 0.629687 0.682813 0.631250 0.682813 0.635938 0.681250 0.637500 0.679688 0.637500 0.678125 0.635938 0.676562 0.635938 0.675000 0.637500 0.673438 0.637500 0.671875 0.635938 0.671875 0.632812 0.670312 0.631250 0.670312 0.628125 0.668750 0.626563 0.668750 0.625000 0.670312 0.623437 0.671875 0.623437 0.673438 0.621875 0.678125 0.621875 0.675000 0.618750 0.659375 0.618750 0.657813 0.620313 0.653125 0.615625 0.653125 0.614062 0.651563 0.614062 0.650000 0.612500 0.648438 0.614062 0.643750 0.614062 0.643750 0.618750 0.642188 0.620313 0.640625 0.618750 0.640625 0.614062 0.639062 0.612500 0.629687 0.612500 0.626563 0.615625 0.623437 0.612500 0.623437 0.610938 0.614062 0.610938 0.614062 0.612500 0.612500 0.614062 0.612500 0.618750 0.610938 0.620313 0.609375 0.618750 0.609375 0.614062 0.607812 0.612500 0.607812 0.610938 0.606250 0.609375 0.606250 0.607812 0.606250 0.609375 0.603125 0.612500 0.601562 0.612500 0.596875 0.617188 0.596875 0.618750 0.595313 0.620313 0.593750 0.618750 0.593750 0.615625 0.592187 0.614062 0.592187 0.609375 0.595313 0.606250 0.592187 0.606250 0.590625 0.604688 0.589063 0.604688 0.587500 0.606250 0.584375 0.606250 0.582812 0.604688 0.578125 0.604688 0.576562 0.603125 0.576562 0.601562 0.575000 0.601562 0.571875 0.604688 0.570312 0.604688 0.567187 0.601562 0.567187 0.603125 0.564063 0.606250 0.560937 0.603125 0.560937 0.598437 0.562500 0.596875 0.573438 0.596875 0.575000 0.598437 0.576562 0.598437 0.578125 0.596875 0.581250 0.596875 0.582812 0.598437 0.595313 0.598437 0.596875 0.600000 0.604688 0.600000 0.606250 0.601562 0.609375 0.601562 0.610938 0.603125 0.614062 0.603125 0.615625 0.601562 0.618750 0.601562 0.620313 0.603125 0.637500 0.603125 0.639062 0.604688 0.648438 0.604688 0.650000 0.606250 0.664062 0.606250 0.665625 0.607812 0.682813 0.607812 0.684375 0.609375 0.689063 0.609375 0.690625 0.610938 0.712500 0.610938 0.714063 0.612500 0.717187 0.612500 0.720313 0.609375 0.725000 0.614062 0.732812 0.614062 0.734375 0.615625 0.753125 0.615625 0.753125 0.614062 0.746875 0.614062 0.745313 0.612500 0.734375 0.612500 0.732812 0.610938 0.729688 0.610938 0.728125 0.612500 0.726562 0.612500 0.720313 0.606250 0.718750 0.606250 0.715625 0.609375 0.710938 0.609375 0.707812 0.606250 0.704688 0.606250 0.703125 0.604688 0.701562 0.604688 0.700000 0.606250 0.698438 0.606250 0.696875 0.607812 0.692187 0.603125 0.687500 0.603125 0.685937 0.604688 0.682813 0.604688 0.681250 0.606250 0.678125 0.603125 0.671875 0.603125 0.670312 0.601562 0.667188 0.601562 0.665625 0.600000 0.665625 0.598437 0.664062 0.600000 0.654687 0.600000 0.653125 0.598437 0.651563 0.598437 0.650000 0.596875 0.642188 0.596875 0.640625 0.598437 0.637500 0.598437 0.635938 0.596875 0.620313 0.596875 0.618750 0.595313 0.606250 0.595313 0.604688 0.593750 0.600000 0.593750 0.598437 0.592187 0.589063 0.592187 0.587500 0.590625 0.592187 0.585938 0.592187 0.584375 0.595313 0.581250 0.596875 0.581250 0.601562 0.576562 0.607812 0.576562 0.609375 0.575000 0.612500 0.575000 0.614062 0.573438 0.617188 0.573438 0.618750 0.571875 0.620313 0.571875 0.621875 0.570312 0.626563 0.570312 0.628125 0.568750 0.631250 0.568750 0.632812 0.567187 0.634375 0.567187 0.635938 0.565625 0.637500 0.565625 0.639062 0.564063 0.640625 0.564063 0.642188 0.562500 0.648438 0.562500 0.650000 0.560937 0.657813 0.560937 0.659375 0.559375 0.664062 0.559375 0.665625 0.557813 0.670312 0.557813 0.671875 0.556250 0.675000 0.556250 0.676562 0.554688 0.681250 0.554688 0.682813 0.553125 0.690625 0.553125 0.692187 0.551562 0.696875 0.551562 0.698438 0.550000 0.707812 0.550000 0.709375 0.548438 0.712500 0.548438 0.714063 0.546875 0.715625 0.546875 0.717187 0.545312 0.776563 0.545312 0.778125 0.543750 0.779687 0.543750 0.779687 0.539062 0.781250 0.537500 0.781250 0.523438 0.782813 0.521875 0.782813 0.515625 0.784375 0.514062 0.784375 0.498437 0.781250 0.495312 0.778125 0.495312 0.776563 0.493750 0.732812 0.493750 0.731250 0.492188 0.712500 0.492188 0.710938 0.490625 0.626563 0.490625 0.625000 0.489063 0.621875 0.489063 0.620313 0.490625 0.614062 0.490625 0.612500 0.489063 0.610938 0.489063 0.609375 0.487500 0.607812 0.487500 0.606250 0.485938 0.609375 0.482812 0.625000 0.482812 0.626563 0.481250 0.642188 0.481250 0.635938 0.481250 0.634375 0.479687 0.625000 0.479687 0.623437 0.481250 0.614062 0.481250 0.610938 0.478125 0.612500 0.476562 0.659375 0.476562 0.660937 0.478125 0.659375 0.479687 0.656250 0.479687 0.654687 0.481250 0.667188 0.481250 0.665625 0.479687 0.664062 0.479687 0.662500 0.478125 0.664062 0.476562 0.679688 0.476562 0.681250 0.475000 0.684375 0.475000 0.685937 0.476562 0.703125 0.476562 0.704688 0.475000 0.715625 0.475000 0.718750 0.478125 0.718750 0.481250 0.725000 0.481250 0.725000 0.478125 0.726562 0.476562 0.728125 0.476562 0.729688 0.475000 0.731250 0.475000 0.731250 0.473438 0.732812 0.471875 0.732812 0.470313 0.731250 0.468750 0.706250 0.468750 0.704688 0.470313 0.703125 0.468750 0.687500 0.468750 0.685937 0.467187 0.653125 0.467187 0.651563 0.465625 0.640625 0.465625 0.639062 0.467187 0.606250 0.467187 0.604688 0.465625 0.585938 0.465625 0.584375 0.467187 0.581250 0.467187 0.579688 0.465625 0.578125 0.465625 0.576562 0.467187 0.575000 0.465625 0.573438 0.465625