0 0.037500 0.807813 0.037500 0.809375 0.035937 0.810937 0.035937 0.812500 0.035937 0.810937 0.037500 0.809375 0.040625 0.809375 0.039062 0.809375
0 0.028125 0.803125 0.023438 0.807813 0.021875 0.807813 0.020313 0.809375 0.023438 0.812500 0.026562 0.812500 0.028125 0.814063 0.029687 0.814063 0.031250 0.812500 0.031250 0.809375 0.029687 0.807813 0.029687 0.803125
0 0.012500 0.776563 0.010937 0.778125 0.007812 0.778125 0.009375 0.779687 0.014063 0.779687 0.014063 0.778125
0 0.984375 0.489063 0.985938 0.490625 0.987500 0.489063
0 0.992188 0.450000 0.992188 0.454688 0.990625 0.456250 0.989062 0.456250 0.987500 0.454688 0.984375 0.454688 0.984375 0.457813 0.985938 0.459375 0.987500 0.457813 0.995313 0.457813 0.995313 0.456250 0.998437 0.453125 0.998437 0.450000
0 0.993750 0.420312 0.992188 0.421875 0.992188 0.435937 0.990625 0.437500 0.990625 0.442188 0.992188 0.443750 0.995313 0.443750 0.998437 0.440625 0.998437 0.434375 0.996875 0.434375 0.993750 0.431250 0.993750 0.429688 0.995313 0.428125 0.995313 0.426563 0.996875 0.425000 0.996875 0.423438
0 0.993750 0.365625 0.992188 0.367188 0.992188 0.373437 0.993750 0.375000 0.993750 0.381250 0.992188 0.382812 0.992188 0.390625 0.993750 0.392188 0.992188 0.393750 0.992188 0.406250 0.990625 0.407813 0.990625 0.410938 0.992188 0.412500 0.992188 0.414062 0.993750 0.415625 0.993750 0.414062 0.996875 0.410938 0.998437 0.410938 0.998437 0.385937 0.996875 0.384375 0.998437 0.382812 0.998437 0.367188 0.996875 0.367188 0.995313 0.365625
0 0.993750 0.354687 0.993750 0.357812 0.995313 0.357812 0.996875 0.356250 0.998437 0.356250 0.996875 0.356250 0.995313 0.354687
0 0.292187 0.328125 0.292187 0.329688 0.295312 0.329688 0.295312 0.328125
0 0.267188 0.328125 0.265625 0.329688 0.267188 0.331250 0.268750 0.331250 0.270313 0.329688 0.273438 0.329688 0.271875 0.328125
0 0.243750 0.326562 0.242188 0.328125 0.240625 0.328125 0.239063 0.329688 0.229687 0.329688 0.228125 0.328125 0.226562 0.329688 0.220312 0.329688 0.248438 0.329688 0.246875 0.328125 0.245312 0.328125
0 0.168750 0.318750 0.165625 0.321875 0.160938 0.321875 0.160938 0.323437 0.159375 0.325000 0.157812 0.325000 0.157812 0.326562 0.156250 0.328125 0.154688 0.328125 0.154688 0.329688 0.156250 0.329688 0.157812 0.328125 0.167187 0.328125 0.168750 0.329688 0.187500 0.329688 0.189062 0.331250 0.190625 0.329688 0.195312 0.329688 0.196875 0.328125 0.198437 0.329688 0.201563 0.329688 0.201563 0.328125 0.198437 0.325000 0.200000 0.323437 0.200000 0.321875 0.201563 0.320312 0.201563 0.318750 0.198437 0.318750 0.200000 0.320312 0.200000 0.321875 0.198437 0.323437 0.196875 0.323437 0.195312 0.325000 0.195312 0.326562 0.193750 0.328125 0.187500 0.328125 0.184375 0.325000 0.184375 0.320312 0.184375 0.323437 0.182812 0.325000 0.179688 0.325000 0.178125 0.326562 0.173437 0.326562 0.171875 0.325000 0.171875 0.321875
0 0.456250 0.314063 0.456250 0.315625 0.459375 0.315625 0.459375 0.314063
0 0.425000 0.312500 0.423438 0.314063 0.385937 0.314063 0.384375 0.315625 0.382812 0.314063 0.376563 0.314063 0.376563 0.315625 0.382812 0.315625 0.387500 0.320312 0.387500 0.321875 0.385937 0.323437 0.384375 0.323437 0.384375 0.325000 0.387500 0.325000 0.387500 0.320312 0.389062 0.318750 0.393750 0.318750 0.395313 0.317188 0.396875 0.318750 0.398438 0.318750 0.400000 0.320312 0.400000 0.323437 0.398438 0.325000 0.398438 0.326562 0.401562 0.326562 0.403125 0.328125 0.404687 0.328125 0.404687 0.321875 0.407813 0.318750 0.410938 0.318750 0.414062 0.321875 0.414062 0.325000 0.410938 0.328125 0.407813 0.328125 0.409375 0.329688 0.420312 0.329688 0.425000 0.325000 0.425000 0.323437 0.426563 0.321875 0.428125 0.323437 0.428125 0.326562 0.429688 0.328125 0.432812 0.328125 0.434375 0.326562 0.435937 0.326562 0.437500 0.325000 0.440625 0.325000 0.442188 0.323437 0.445312 0.326562 0.450000 0.326562 0.451562 0.325000 0.451562 0.318750 0.453125 0.317188 0.453125 0.314063 0.451562 0.314063 0.450000 0.312500
0 0.501563 0.309375 0.498437 0.312500 0.495312 0.312500 0.493750 0.310937 0.492188 0.310937 0.490625 0.312500 0.487500 0.312500 0.485938 0.310937 0.482812 0.314063 0.479687 0.314063 0.478125 0.315625 0.475000 0.312500 0.470313 0.312500 0.468750 0.314063 0.464062 0.314063 0.464062 0.315625 0.465625 0.315625 0.467187 0.317188 0.465625 0.318750 0.465625 0.321875 0.468750 0.325000 0.471875 0.325000 0.473438 0.323437 0.475000 0.325000 0.479687 0.325000 0.479687 0.323437 0.481250 0.321875 0.482812 0.323437 0.482812 0.325000 0.484375 0.326562 0.490625 0.326562 0.492188 0.328125 0.500000 0.328125 0.501563 0.329688 0.506250 0.329688 0.507812 0.328125 0.509375 0.328125 0.510938 0.329688 0.515625 0.329688 0.517188 0.331250 0.518750 0.329688 0.521875 0.329688 0.523438 0.331250 0.523438 0.332813 0.521875 0.334375 0.507812 0.334375 0.506250 0.335938 0.504687 0.335938 0.503125 0.334375 0.500000 0.334375 0.498437 0.335938 0.481250 0.335938 0.479687 0.337500 0.451562 0.337500 0.450000 0.335938 0.448437 0.335938 0.446875 0.337500 0.437500 0.337500 0.435937 0.335938 0.432812 0.335938 0.431250 0.337500 0.417187 0.337500 0.415625 0.339062 0.412500 0.339062 0.410938 0.340625 0.409375 0.340625 0.407813 0.339062 0.396875 0.339062 0.395313 0.340625 0.393750 0.340625 0.392188 0.339062 0.390625 0.339062 0.389062 0.340625 0.387500 0.340625 0.385937 0.339062 0.367188 0.339062 0.365625 0.340625 0.351562 0.340625 0.350000 0.342187 0.345313 0.342187 0.343750 0.340625 0.342187 0.342187 0.340625 0.340625 0.335938 0.340625 0.334375 0.342187 0.331250 0.342187 0.329688 0.340625 0.328125 0.340625 0.325000 0.337500 0.323437 0.339062 0.321875 0.339062 0.318750 0.342187 0.315625 0.342187 0.314063 0.340625 0.304688 0.340625 0.303125 0.342187 0.292187 0.342187 0.290625 0.340625 0.289062 0.342187 0.276562 0.342187 0.275000 0.340625 0.273438 0.340625 0.271875 0.342187 0.270313 0.342187 0.267188 0.339062 0.267188 0.340625 0.265625 0.342187 0.264062 0.342187 0.262500 0.343750 0.260937 0.343750 0.259375 0.342187 0.257812 0.342187 0.256250 0.343750 0.251563 0.343750 0.250000 0.342187 0.248438 0.342187 0.246875 0.340625 0.250000 0.337500 0.254688 0.337500 0.251563 0.337500 0.250000 0.335938 0.248438 0.335938 0.246875 0.334375 0.245312 0.335938 0.245312 0.339062 0.240625 0.343750 0.235937 0.343750 0.234375 0.342187 0.231250 0.342187 0.229687 0.340625 0.228125 0.340625 0.226562 0.342187 0.225000 0.342187 0.223438 0.343750 0.221875 0.342187 0.209375 0.342187 0.207813 0.343750 0.203125 0.343750 0.201563 0.342187 0.198437 0.342187 0.196875 0.340625 0.193750 0.343750 0.189062 0.343750 0.187500 0.342187 0.184375 0.342187 0.182812 0.340625 0.181250 0.340625 0.179688 0.342187 0.178125 0.342187 0.176563 0.343750 0.175000 0.342187 0.173437 0.342187 0.168750 0.337500 0.165625 0.340625 0.164062 0.340625 0.160938 0.343750 0.157812 0.343750 0.156250 0.345313 0.154688 0.345313 0.156250 0.346875 0.156250 0.373437 0.157812 0.375000 0.157812 0.378125 0.159375 0.379688 0.157812 0.381250 0.157812 0.392188 0.159375 0.393750 0.160938 0.393750 0.162500 0.395313 0.162500 0.396875 0.159375 0.400000 0.159375 0.403125 0.160938 0.404687 0.160938 0.406250 0.162500 0.407813 0.162500 0.409375 0.164062 0.410938 0.164062 0.412500 0.162500 0.414062 0.162500 0.418750 0.164062 0.418750 0.165625 0.420312 0.187500 0.420312 0.189062 0.418750 0.193750 0.418750 0.195312 0.420312 0.204687 0.420312 0.206250 0.421875 0.207813 0.421875 0.209375 0.420312 0.225000 0.420312 0.226562 0.421875 0.295312 0.421875 0.296875 0.420312 0.303125 0.420312 0.304688 0.421875 0.318750 0.421875 0.320312 0.420312 0.321875 0.420312 0.323437 0.421875 0.337500 0.421875 0.339062 0.423438 0.340625 0.423438 0.342187 0.425000 0.345313 0.425000 0.346875 0.426563 0.348438 0.426563 0.351562 0.429688 0.351562 0.431250 0.353125 0.432812 0.353125 0.437500 0.354687 0.439063 0.354687 0.442188 0.356250 0.443750 0.359375 0.443750 0.364063 0.448437 0.364063 0.451562 0.360938 0.454688 0.362500 0.456250 0.364063 0.456250 0.365625 0.457813 0.365625 0.459375 0.364063 0.460938 0.364063 0.465625 0.359375 0.470313 0.357812 0.470313 0.360938 0.473438 0.360938 0.475000 0.359375 0.476562 0.359375 0.478125 0.353125 0.484375 0.353125 0.490625 0.351562 0.492188 0.351562 0.507812 0.350000 0.509375 0.350000 0.517188 0.348438 0.518750 0.348438 0.523438 0.346875 0.525000 0.346875 0.535937 0.345313 0.537500 0.345313 0.539062 0.343750 0.540625 0.343750 0.546875 0.342187 0.548438 0.342187 0.554688 0.340625 0.556250 0.340625 0.567187 0.339062 0.568750 0.339062 0.570312 0.337500 0.571875 0.337500 0.585938 0.335938 0.587500 0.335938 0.592187 0.332813 0.595313 0.332813 0.600000 0.331250 0.601562 0.331250 0.614062 0.329688 0.615625 0.329688 0.618750 0.328125 0.620313 0.328125 0.623437 0.329688 0.625000 0.329688 0.626563 0.331250 0.628125 0.332813 0.628125 0.334375 0.629687 0.332813 0.631250 0.329688 0.631250 0.328125 0.632812 0.326562 0.632812 0.326562 0.645312 0.325000 0.646875 0.325000 0.667188 0.323437 0.668750 0.323437 0.670312 0.321875 0.671875 0.321875 0.681250 0.320312 0.682813 0.320312 0.693750 0.318750 0.695312 0.318750 0.703125 0.317188 0.704688 0.317188 0.710938 0.315625 0.712500 0.315625 0.717187 0.314063 0.718750 0.314063 0.729688 0.312500 0.731250 0.314063 0.732812 0.314063 0.735938 0.315625 0.735938 0.317188 0.737500 0.320312 0.737500 0.321875 0.739062 0.331250 0.739062 0.332813 0.740625 0.332813 0.743750 0.328125 0.748437 0.326562 0.748437 0.325000 0.750000 0.309375 0.750000 0.307812 0.751563 0.300000 0.751563 0.298438 0.753125 0.293750 0.753125 0.292187 0.754687 0.285938 0.754687 0.284375 0.756250 0.281250 0.756250 0.279687 0.754687 0.248438 0.754687 0.246875 0.756250 0.242188 0.756250 0.240625 0.754687 0.239063 0.754687 0.237500 0.756250 0.235937 0.756250 0.234375 0.757812 0.218750 0.757812 0.217188 0.756250 0.210938 0.756250 0.209375 0.757812 0.196875 0.757812 0.195312 0.759375 0.190625 0.759375 0.189062 0.757812 0.187500 0.757812 0.185938 0.759375 0.173437 0.759375 0.171875 0.760938 0.160938 0.760938 0.159375 0.762500 0.126562 0.762500 0.125000 0.764062 0.114062 0.764062 0.112500 0.765625 0.106250 0.765625 0.104688 0.767188 0.096875 0.767188 0.095312 0.768750 0.081250 0.768750 0.079687 0.770312 0.068750 0.770312 0.067187 0.771875 0.062500 0.771875 0.060937 0.773438 0.059375 0.773438 0.057813 0.775000 0.056250 0.775000 0.054688 0.776563 0.054688 0.779687 0.056250 0.781250 0.056250 0.782813 0.054688 0.784375 0.054688 0.785937 0.053125 0.787500 0.053125 0.789062 0.051562 0.790625 0.046875 0.790625 0.045312 0.789062 0.035937 0.789062 0.034375 0.790625 0.031250 0.790625 0.029687 0.789062 0.028125 0.789062 0.026562 0.790625 0.018750 0.790625 0.017188 0.792188 0.014063 0.789062 0.012500 0.789062 0.010937 0.790625 0.009375 0.790625 0.007812 0.792188 0.004687 0.792188 0.003125 0.793750 0.006250 0.796875 0.009375 0.796875 0.012500 0.800000 0.012500 0.803125 0.006250 0.809375 0.006250 0.810937 0.007812 0.812500 0.009375 0.812500 0.012500 0.815625 0.015625 0.812500 0.015625 0.807813 0.014063 0.806250 0.014063 0.803125 0.012500 0.801562 0.012500 0.800000 0.017188 0.795312 0.025000 0.795312 0.026562 0.796875 0.029687 0.796875 0.031250 0.795312 0.045312 0.795312 0.046875 0.793750 0.048438 0.793750 0.051562 0.796875 0.051562 0.798438 0.050000 0.800000 0.050000 0.803125 0.048438 0.804688 0.046875 0.804688 0.046875 0.806250 0.045312 0.807813 0.045312 0.812500 0.042188 0.815625 0.042188 0.817187 0.040625 0.818750 0.039062 0.818750 0.035937 0.821875 0.032813 0.821875 0.031250 0.820312 0.028125 0.820312 0.026562 0.821875 0.025000 0.821875 0.023438 0.823438 0.006250 0.823438 0.004687 0.825000 0.003125 0.825000 0.003125 0.828125 0.004687 0.829688 0.004687 0.834375 0.003125 0.835938 0.003125 0.842187 0.004687 0.843750 0.004687 0.854688 0.003125 0.856250 0.004687 0.857812 0.004687 0.868750 0.003125 0.870313 0.003125 0.871875 0.004687 0.873437 0.004687 0.875000 0.006250 0.875000 0.007812 0.876563 0.006250 0.878125 0.006250 0.881250 0.004687 0.882812 0.004687 0.889062 0.006250 0.890625 0.006250 0.893750 0.004687 0.895312 0.004687 0.901563 0.003125 0.903125 0.004687 0.904687 0.004687 0.910937 0.003125 0.912500 0.003125 0.956250 0.004687 0.957812 0.004687 0.959375 0.003125 0.960938 0.004687 0.962500 0.004687 0.975000 0.003125 0.976562 0.003125 0.996875 0.004687 0.998437 0.029687 0.998437 0.029687 0.993750 0.031250 0.992188 0.031250 0.989062 0.029687 0.987500 0.029687 0.982812 0.031250 0.981250 0.031250 0.968750 0.032813 0.967187 0.034375 0.968750 0.035937 0.968750 0.042188 0.975000 0.042188 0.987500 0.037500 0.992188 0.037500 0.998437 0.998437 0.998437 0.998437 0.681250 0.996875 0.681250 0.992188 0.676562 0.992188 0.673438 0.993750 0.671875 0.993750 0.670312 0.995313 0.668750 0.995313 0.665625 0.996875 0.664062 0.998437 0.664062 0.998437 0.600000 0.996875 0.598437 0.998437 0.596875 0.998437 0.518750 0.996875 0.518750 0.990625 0.512500 0.990625 0.509375 0.985938 0.504687 0.984375 0.504687 0.984375 0.506250 0.982812 0.507812 0.978125 0.507812 0.973437 0.503125 0.971875 0.503125 0.968750 0.500000 0.967187 0.500000 0.965625 0.498437 0.964063 0.498437 0.962500 0.496875 0.960938 0.498437 0.953125 0.498437 0.951562 0.496875 0.950000 0.496875 0.948438 0.498437 0.946875 0.498437 0.946875 0.501563 0.945312 0.503125 0.945312 0.506250 0.943750 0.507812 0.943750 0.510938 0.945312 0.512500 0.943750 0.514062 0.943750 0.515625 0.942187 0.517188 0.942187 0.529687 0.939063 0.532813 0.939063 0.545312 0.937500 0.546875 0.937500 0.560937 0.935937 0.562500 0.935937 0.565625 0.937500 0.567187 0.937500 0.570312 0.939063 0.571875 0.935937 0.575000 0.934375 0.575000 0.932813 0.576562 0.931250 0.576562 0.931250 0.585938 0.932813 0.587500 0.932813 0.589063 0.934375 0.590625 0.932813 0.592187 0.931250 0.592187 0.928125 0.595313 0.928125 0.600000 0.929688 0.601562 0.929688 0.606250 0.925000 0.610938 0.925000 0.618750 0.926562 0.620313 0.926562 0.621875 0.923438 0.625000 0.923438 0.628125 0.921875 0.629687 0.921875 0.642188 0.920312 0.643750 0.920312 0.645312 0.918750 0.646875 0.915625 0.646875 0.914062 0.648438 0.904687 0.648438 0.903125 0.646875 0.901563 0.646875 0.895312 0.640625 0.893750 0.640625 0.892188 0.639062 0.892188 0.635938 0.890625 0.634375 0.890625 0.623437 0.892188 0.621875 0.890625 0.620313 0.890625 0.618750 0.892188 0.617188 0.892188 0.615625 0.893750 0.614062 0.892188 0.612500 0.892188 0.610938 0.890625 0.609375 0.892188 0.607812 0.892188 0.604688 0.895312 0.601562 0.895312 0.596875 0.896875 0.595313 0.896875 0.582812 0.898438 0.581250 0.898438 0.576562 0.900000 0.575000 0.900000 0.570312 0.901563 0.568750 0.901563 0.565625 0.903125 0.564063 0.903125 0.553125 0.904687 0.551562 0.904687 0.539062 0.907813 0.535937 0.907813 0.534375 0.906250 0.532813 0.907813 0.531250 0.907813 0.525000 0.909375 0.523438 0.909375 0.521875 0.910937 0.520312 0.910937 0.512500 0.912500 0.510938 0.912500 0.500000 0.914062 0.498437 0.914062 0.493750 0.915625 0.492188 0.915625 0.485938 0.918750 0.482812 0.918750 0.470313 0.917188 0.470313 0.915625 0.468750 0.914062 0.468750 0.912500 0.467187 0.909375 0.467187 0.907813 0.465625 0.909375 0.464062 0.910937 0.464062 0.910937 0.462500 0.914062 0.459375 0.914062 0.454688 0.912500 0.454688 0.910937 0.453125 0.909375 0.453125 0.907813 0.454688 0.904687 0.454688 0.903125 0.453125 0.901563 0.453125 0.898438 0.450000 0.895312 0.450000 0.893750 0.448437 0.876563 0.448437 0.875000 0.446875 0.875000 0.439063 0.868750 0.439063 0.867188 0.437500 0.853125 0.437500 0.851562 0.435937 0.843750 0.435937 0.842187 0.434375 0.843750 0.432812 0.848437 0.432812 0.848437 0.431250 0.843750 0.431250 0.842187 0.429688 0.839063 0.429688 0.835938 0.426563 0.832812 0.426563 0.829688 0.423438 0.815625 0.423438 0.814063 0.421875 0.810937 0.421875 0.809375 0.420312 0.807813 0.420312 0.806250 0.421875 0.804688 0.420312 0.798438 0.420312 0.796875 0.418750 0.798438 0.417187 0.798438 0.415625 0.795312 0.415625 0.793750 0.414062 0.789062 0.414062 0.785937 0.410938 0.781250 0.410938 0.779687 0.409375 0.778125 0.409375 0.776563 0.407813 0.773438 0.407813 0.771875 0.406250 0.759375 0.406250 0.757812 0.404687 0.750000 0.404687 0.748437 0.403125 0.748437 0.400000 0.735938 0.400000 0.734375 0.398438 0.734375 0.396875 0.732812 0.395313 0.731250 0.395313 0.729688 0.393750 0.728125 0.393750 0.726562 0.392188 0.714063 0.392188 0.712500 0.390625 0.679688 0.390625 0.678125 0.389062 0.675000 0.389062 0.673438 0.390625 0.671875 0.390625 0.670312 0.389062 0.656250 0.389062 0.654687 0.387500 0.654687 0.385937 0.656250 0.384375 0.656250 0.379688 0.657813 0.378125 0.659375 0.379688 0.662500 0.379688 0.664062 0.381250 0.667188 0.381250 0.668750 0.382812 0.668750 0.384375 0.671875 0.381250 0.675000 0.381250 0.676562 0.382812 0.678125 0.381250 0.678125 0.379688 0.671875 0.379688 0.668750 0.376563 0.657813 0.376563 0.656250 0.375000 0.640625 0.375000 0.639062 0.373437 0.631250 0.373437 0.629687 0.371875 0.629687 0.370312 0.626563 0.373437 0.625000 0.371875 0.625000 0.365625 0.623437 0.364063 0.620313 0.364063 0.617188 0.360938 0.612500 0.360938 0.610938 0.359375 0.603125 0.359375 0.600000 0.356250 0.595313 0.356250 0.592187 0.353125 0.581250 0.353125 0.578125 0.356250 0.578125 0.360938 0.581250 0.364063 0.581250 0.368750 0.582812 0.370312 0.582812 0.371875 0.579688 0.375000 0.578125 0.375000 0.576562 0.376563 0.576562 0.378125 0.578125 0.379688 0.578125 0.387500 0.576562 0.389062 0.576562 0.390625 0.575000 0.392188 0.576562 0.393750 0.576562 0.403125 0.575000 0.404687 0.575000 0.420312 0.573438 0.421875 0.573438 0.423438 0.575000 0.425000 0.575000 0.426563 0.576562 0.428125 0.576562 0.429688 0.579688 0.432812 0.579688 0.435937 0.578125 0.437500 0.573438 0.437500 0.571875 0.439063 0.573438 0.439063 0.575000 0.440625 0.576562 0.440625 0.578125 0.439063 0.579688 0.439063 0.587500 0.446875 0.587500 0.448437 0.585938 0.450000 0.585938 0.451562 0.584375 0.453125 0.579688 0.453125 0.578125 0.454688 0.578125 0.459375 0.576562 0.460938 0.575000 0.460938 0.573438 0.462500 0.573438 0.465625 0.576562 0.468750 0.578125 0.468750 0.579688 0.470313 0.578125 0.471875 0.578125 0.473438 0.576562 0.475000 0.575000 0.475000 0.573438 0.476562 0.571875 0.476562 0.571875 0.479687 0.570312 0.481250 0.570312 0.498437 0.573438 0.501563 0.570312 0.504687 0.568750 0.504687 0.567187 0.506250 0.565625 0.506250 0.564063 0.507812 0.560937 0.507812 0.559375 0.506250 0.556250 0.506250 0.553125 0.503125 0.551562 0.503125 0.546875 0.498437 0.546875 0.492188 0.545312 0.490625 0.545312 0.484375 0.543750 0.482812 0.543750 0.479687 0.542188 0.478125 0.542188 0.476562 0.543750 0.475000 0.543750 0.470313 0.545312 0.468750 0.545312 0.467187 0.546875 0.465625 0.545312 0.464062 0.545312 0.462500 0.543750 0.460938 0.542188 0.460938 0.540625 0.459375 0.535937 0.459375 0.534375 0.457813 0.535937 0.456250 0.537500 0.456250 0.540625 0.453125 0.542188 0.454688 0.543750 0.454688 0.543750 0.446875 0.548438 0.442188 0.548438 0.428125 0.550000 0.426563 0.550000 0.421875 0.548438 0.420312 0.548438 0.412500 0.550000 0.410938 0.550000 0.392188 0.551562 0.390625 0.551562 0.375000 0.546875 0.370312 0.546875 0.368750 0.548438 0.367188 0.548438 0.365625 0.551562 0.362500 0.551562 0.345313 0.553125 0.343750 0.553125 0.337500 0.551562 0.335938 0.551562 0.310937 0.550000 0.309375 0.514062 0.309375 0.512500 0.310937 0.510938 0.309375 0.506250 0.309375 0.504687 0.310937 0.503125 0.309375
0 0.951562 0.301563 0.951562 0.304688 0.953125 0.306250 0.951562 0.307812 0.951562 0.309375 0.950000 0.310937 0.946875 0.310937 0.946875 0.315625 0.948438 0.315625 0.953125 0.320312 0.953125 0.326562 0.954688 0.328125 0.954688 0.329688 0.956250 0.331250 0.956250 0.335938 0.957812 0.337500 0.957812 0.342187 0.960938 0.342187 0.964063 0.345313 0.965625 0.345313 0.965625 0.340625 0.967187 0.339062 0.967187 0.335938 0.968750 0.334375 0.968750 0.331250 0.970313 0.329688 0.970313 0.328125 0.968750 0.326562 0.968750 0.320312 0.971875 0.317188 0.971875 0.315625 0.973437 0.314063 0.973437 0.312500 0.970313 0.312500 0.967187 0.309375 0.967187 0.301563
0 0.835938 0.300000 0.834375 0.301563 0.782813 0.301563 0.781250 0.303125 0.734375 0.303125 0.732812 0.304688 0.685937 0.304688 0.684375 0.306250 0.654687 0.306250 0.653125 0.307812 0.646875 0.307812 0.645312 0.306250 0.643750 0.307812 0.610938 0.307812 0.609375 0.309375 0.601562 0.309375 0.600000 0.307812 0.598437 0.307812 0.596875 0.309375 0.584375 0.309375 0.584375 0.310937 0.585938 0.310937 0.589063 0.314063 0.589063 0.315625 0.590625 0.317188 0.593750 0.317188 0.601562 0.325000 0.610938 0.325000 0.612500 0.326562 0.615625 0.326562 0.617188 0.328125 0.618750 0.328125 0.620313 0.329688 0.635938 0.329688 0.637500 0.331250 0.646875 0.331250 0.651563 0.335938 0.654687 0.335938 0.656250 0.337500 0.659375 0.337500 0.660937 0.339062 0.662500 0.339062 0.664062 0.340625 0.670312 0.340625 0.671875 0.342187 0.676562 0.342187 0.678125 0.343750 0.681250 0.343750 0.682813 0.345313 0.687500 0.345313 0.689063 0.346875 0.690625 0.346875 0.692187 0.348438 0.700000 0.348438 0.701562 0.350000 0.704688 0.350000 0.706250 0.351562 0.707812 0.351562 0.709375 0.353125 0.710938 0.353125 0.712500 0.354687 0.712500 0.356250 0.712500 0.353125 0.714063 0.351562 0.715625 0.351562 0.718750 0.354687 0.720313 0.354687 0.721875 0.356250 0.723437 0.356250 0.728125 0.360938 0.731250 0.360938 0.732812 0.362500 0.734375 0.362500 0.735938 0.364063 0.748437 0.364063 0.750000 0.365625 0.754687 0.365625 0.756250 0.367188 0.757812 0.367188 0.759375 0.368750 0.764062 0.368750 0.765625 0.367188 0.771875 0.367188 0.773438 0.368750 0.773438 0.370312 0.775000 0.371875 0.776563 0.371875 0.778125 0.370312 0.781250 0.373437 0.781250 0.376563 0.785937 0.376563 0.787500 0.378125 0.789062 0.378125 0.790625 0.379688 0.804688 0.379688 0.806250 0.381250 0.810937 0.381250 0.812500 0.382812 0.818750 0.382812 0.823438 0.387500 0.826562 0.387500 0.828125 0.385937 0.829688 0.385937 0.831250 0.387500 0.832812 0.387500 0.835938 0.390625 0.837500 0.390625 0.839063 0.392188 0.842187 0.392188 0.843750 0.393750 0.848437 0.393750 0.850000 0.395313 0.857812 0.395313 0.859375 0.396875 0.865625 0.396875 0.867188 0.398438 0.871875 0.398438 0.873437 0.400000 0.879687 0.400000 0.884375 0.404687 0.887500 0.404687 0.892188 0.409375 0.896875 0.409375 0.898438 0.410938 0.914062 0.410938 0.915625 0.412500 0.918750 0.412500 0.920312 0.410938 0.921875 0.410938 0.923438 0.409375 0.926562 0.409375 0.928125 0.407813 0.928125 0.406250 0.926562 0.404687 0.925000 0.404687 0.923438 0.403125 0.925000 0.401562 0.926562 0.401562 0.926562 0.400000 0.931250 0.395313 0.931250 0.367188 0.929688 0.365625 0.929688 0.360938 0.928125 0.359375 0.928125 0.354687 0.926562 0.353125 0.926562 0.348438 0.925000 0.346875 0.925000 0.345313 0.923438 0.343750 0.923438 0.342187 0.921875 0.340625 0.921875 0.337500 0.918750 0.334375 0.918750 0.329688 0.915625 0.326562 0.915625 0.325000 0.909375 0.318750 0.909375 0.317188 0.907813 0.315625 0.907813 0.314063 0.906250 0.314063 0.900000 0.307812 0.900000 0.306250 0.898438 0.306250 0.893750 0.301563 0.890625 0.301563 0.889062 0.300000