0 0.673438 0.995313 0.673438 0.996875 0.671875 0.998437 0.673438 0.998437
0 0.642188 0.990625 0.640625 0.992188 0.640625 0.995313 0.642188 0.996875 0.642188 0.998437 0.643750 0.998437 0.643750 0.996875 0.645312 0.995313 0.648438 0.995313 0.650000 0.993750 0.648438 0.992188 0.645312 0.992188 0.643750 0.990625
0 0.164062 0.989062 0.164062 0.990625 0.162500 0.992188 0.164062 0.993750 0.168750 0.993750 0.168750 0.989062
0 0.101562 0.987500 0.101562 0.990625 0.103125 0.990625 0.103125 0.987500
0 0.087500 0.987500 0.085938 0.989062 0.085938 0.990625 0.089063 0.990625 0.089063 0.989062
0 0.070312 0.987500 0.070312 0.990625 0.071875 0.992188 0.073438 0.990625 0.073438 0.987500
0 0.006250 0.987500 0.004687 0.989062 0.006250 0.990625 0.006250 0.992188 0.010937 0.992188 0.012500 0.990625 0.014063 0.990625 0.015625 0.989062 0.017188 0.989062 0.014063 0.989062 0.012500 0.987500
0 0.834375 0.984375 0.832812 0.985938 0.831250 0.985938 0.834375 0.985938 0.835938 0.987500 0.840625 0.987500 0.842187 0.985938 0.856250 0.985938 0.842187 0.985938 0.840625 0.984375
0 0.739062 0.984375 0.740625 0.985938 0.746875 0.985938 0.748437 0.987500 0.753125 0.987500 0.754687 0.989062 0.754687 0.990625 0.753125 0.992188 0.751563 0.992188 0.753125 0.993750 0.756250 0.993750 0.757812 0.992188 0.759375 0.992188 0.757812 0.992188 0.756250 0.990625 0.759375 0.987500 0.760938 0.987500 0.762500 0.985938 0.765625 0.985938 0.767188 0.987500 0.776563 0.987500 0.778125 0.985938 0.776563 0.985938 0.775000 0.984375 0.764062 0.984375 0.762500 0.985938 0.760938 0.984375
0 0.140625 0.984375 0.139063 0.985938 0.137500 0.985938 0.145313 0.993750 0.145313 0.995313 0.153125 0.995313 0.154688 0.993750 0.154688 0.992188 0.156250 0.990625 0.157812 0.990625 0.159375 0.989062 0.156250 0.989062 0.154688 0.990625 0.150000 0.990625 0.146875 0.987500 0.146875 0.985938 0.145313 0.984375
0 0.126562 0.982812 0.126562 0.984375 0.125000 0.985938 0.125000 0.989062 0.126562 0.990625 0.129688 0.987500 0.131250 0.987500 0.132812 0.989062 0.134375 0.989062 0.132812 0.987500 0.132812 0.985938 0.131250 0.984375 0.128125 0.984375
0 0.056250 0.982812 0.056250 0.984375 0.054688 0.985938 0.051562 0.985938 0.050000 0.987500 0.048438 0.987500 0.046875 0.985938 0.040625 0.985938 0.039062 0.987500 0.037500 0.987500 0.035937 0.989062 0.032813 0.989062 0.031250 0.987500 0.029687 0.987500 0.028125 0.985938 0.026562 0.987500 0.025000 0.987500 0.023438 0.989062 0.023438 0.992188 0.025000 0.993750 0.025000 0.995313 0.026562 0.993750 0.028125 0.993750 0.032813 0.989062 0.035937 0.989062 0.039062 0.992188 0.039062 0.993750 0.040625 0.995313 0.042188 0.995313 0.046875 0.990625 0.050000 0.990625 0.053125 0.993750 0.054688 0.993750 0.056250 0.995313 0.057813 0.993750 0.059375 0.993750 0.059375 0.992188 0.060937 0.990625 0.062500 0.990625 0.064062 0.989062 0.060937 0.985938 0.057813 0.985938 0.056250 0.984375
0 0.671875 0.975000 0.668750 0.978125 0.665625 0.978125 0.668750 0.978125 0.670312 0.979688 0.671875 0.979688 0.673438 0.981250 0.675000 0.981250 0.676562 0.982812 0.678125 0.982812 0.681250 0.985938 0.681250 0.984375 0.682813 0.982812 0.684375 0.982812 0.685937 0.984375 0.685937 0.992188 0.687500 0.993750 0.687500 0.995313 0.704688 0.995313 0.706250 0.993750 0.712500 0.993750 0.712500 0.989062 0.714063 0.987500 0.714063 0.985938 0.715625 0.984375 0.715625 0.981250 0.717187 0.979688 0.720313 0.979688 0.721875 0.978125 0.725000 0.978125 0.726562 0.976562 0.728125 0.976562 0.729688 0.978125 0.735938 0.978125 0.737500 0.979688 0.740625 0.979688 0.742188 0.978125 0.740625 0.976562 0.714063 0.976562 0.712500 0.975000 0.707812 0.975000 0.706250 0.976562 0.704688 0.976562 0.704688 0.979688 0.706250 0.981250 0.706250 0.982812 0.704688 0.984375 0.703125 0.984375 0.701562 0.985938 0.700000 0.985938 0.698438 0.984375 0.696875 0.984375 0.695312 0.982812 0.689063 0.982812 0.687500 0.981250 0.690625 0.978125 0.684375 0.978125 0.682813 0.976562 0.678125 0.976562 0.676562 0.975000
0 0.710938 0.960938 0.709375 0.962500 0.703125 0.962500 0.707812 0.962500 0.709375 0.964063 0.709375 0.965625 0.706250 0.968750 0.704688 0.968750 0.703125 0.970313 0.704688 0.970313 0.706250 0.971875 0.710938 0.971875 0.712500 0.970313 0.712500 0.960938
0 0.739062 0.951562 0.737500 0.953125 0.737500 0.954688 0.739062 0.954688 0.740625 0.956250 0.743750 0.956250 0.745313 0.954688 0.743750 0.953125 0.742188 0.953125 0.740625 0.951562
0 0.707812 0.951562 0.707812 0.954688 0.709375 0.956250 0.712500 0.956250 0.714063 0.954688 0.714063 0.953125 0.709375 0.953125
0 0.737500 0.945312 0.735938 0.946875 0.734375 0.946875 0.735938 0.946875 0.737500 0.948438 0.739062 0.948438 0.740625 0.946875 0.742188 0.946875 0.740625 0.945312
0 0.718750 0.945312 0.717187 0.946875 0.717187 0.948438 0.718750 0.950000 0.721875 0.950000 0.723437 0.951562 0.723437 0.953125 0.725000 0.954688 0.728125 0.954688 0.726562 0.953125 0.725000 0.953125 0.723437 0.951562 0.723437 0.950000 0.726562 0.946875 0.725000 0.945312
0 0.754687 0.937500 0.753125 0.939063 0.756250 0.939063
0 0.735938 0.931250 0.737500 0.931250 0.739062 0.932813 0.739062 0.935937 0.737500 0.937500 0.737500 0.939063 0.739062 0.940625 0.740625 0.940625 0.742188 0.939063 0.739062 0.935937 0.739062 0.931250
0 0.192188 0.931250 0.195312 0.934375 0.196875 0.934375 0.195312 0.934375 0.193750 0.932813 0.193750 0.931250
0 0.739062 0.920312 0.737500 0.921875 0.737500 0.923438 0.740625 0.923438 0.740625 0.921875
0 0.723437 0.906250 0.723437 0.912500 0.720313 0.915625 0.720313 0.917188 0.721875 0.918750 0.720313 0.920312 0.720313 0.923438 0.723437 0.926562 0.720313 0.929688 0.718750 0.929688 0.718750 0.935937 0.721875 0.939063 0.725000 0.939063 0.725000 0.932813 0.726562 0.931250 0.728125 0.931250 0.723437 0.926562 0.726562 0.923438 0.726562 0.921875 0.725000 0.920312 0.725000 0.912500 0.723437 0.910937 0.725000 0.909375 0.725000 0.907813
0 0.723437 0.870313 0.721875 0.871875 0.721875 0.873437 0.720313 0.875000 0.721875 0.876563 0.721875 0.878125 0.723437 0.879687 0.723437 0.885938 0.721875 0.887500 0.723437 0.889062 0.723437 0.881250 0.725000 0.879687 0.725000 0.873437 0.723437 0.871875
0 0.707812 0.870313 0.706250 0.871875 0.709375 0.871875 0.712500 0.875000 0.712500 0.876563 0.712500 0.873437 0.710938 0.871875 0.710938 0.870313
0 0.692187 0.854688 0.690625 0.856250 0.684375 0.856250 0.689063 0.856250 0.690625 0.857812 0.693750 0.857812 0.693750 0.856250
0 0.687500 0.839063 0.685937 0.840625 0.684375 0.840625 0.685937 0.840625 0.689063 0.843750 0.692187 0.843750 0.693750 0.842187 0.695312 0.842187 0.696875 0.840625 0.701562 0.840625 0.693750 0.840625 0.692187 0.839063
0 0.110937 0.825000 0.110937 0.826562 0.112500 0.825000
0 0.723437 0.823438 0.721875 0.825000 0.723437 0.826562 0.725000 0.825000
0 0.660937 0.823438 0.659375 0.825000 0.660937 0.826562 0.662500 0.826562 0.664062 0.825000 0.664062 0.823438
0 0.676562 0.820312 0.675000 0.821875 0.671875 0.821875 0.671875 0.823438 0.670312 0.825000 0.671875 0.826562 0.671875 0.834375 0.670312 0.835938 0.670312 0.837500 0.668750 0.839063 0.667188 0.837500 0.665625 0.837500 0.664062 0.835938 0.662500 0.835938 0.657813 0.840625 0.660937 0.843750 0.662500 0.842187 0.664062 0.842187 0.665625 0.840625 0.667188 0.840625 0.668750 0.842187 0.670312 0.842187 0.673438 0.845313 0.673438 0.848437 0.671875 0.850000 0.670312 0.850000 0.668750 0.851562 0.665625 0.851562 0.662500 0.848437 0.660937 0.848437 0.656250 0.853125 0.656250 0.856250 0.659375 0.859375 0.662500 0.859375 0.664062 0.857812 0.675000 0.857812 0.676562 0.859375 0.679688 0.856250 0.679688 0.853125 0.678125 0.851562 0.678125 0.850000 0.676562 0.848437 0.676562 0.846875 0.675000 0.846875 0.673438 0.845313 0.678125 0.840625 0.679688 0.840625 0.681250 0.839063 0.681250 0.837500 0.678125 0.840625 0.676562 0.840625 0.675000 0.839063 0.675000 0.835938 0.676562 0.834375 0.676562 0.828125 0.681250 0.823438 0.682813 0.823438 0.684375 0.821875 0.685937 0.821875 0.684375 0.821875 0.682813 0.820312
0 0.676562 0.792188 0.675000 0.793750 0.676562 0.795312 0.678125 0.793750
0 0.176563 0.776563 0.175000 0.778125 0.176563 0.779687 0.178125 0.778125 0.178125 0.776563
0 0.692187 0.745313 0.690625 0.746875 0.692187 0.748437 0.693750 0.746875
0 0.989062 0.739062 0.989062 0.742188 0.990625 0.743750 0.989062 0.745313 0.987500 0.745313 0.985938 0.746875 0.989062 0.750000 0.989062 0.751563 0.985938 0.754687 0.985938 0.759375 0.984375 0.760938 0.984375 0.762500 0.992188 0.762500 0.993750 0.760938 0.993750 0.757812 0.990625 0.754687 0.990625 0.753125 0.989062 0.751563 0.989062 0.750000 0.993750 0.745313 0.993750 0.743750
0 0.989062 0.715625 0.989062 0.717187 0.990625 0.715625
0 0.754687 0.698438 0.753125 0.700000 0.754687 0.700000
0 0.893750 0.696875 0.895312 0.698438 0.895312 0.696875
0 0.054688 0.695312 0.054688 0.700000 0.057813 0.700000 0.057813 0.698438 0.056250 0.696875 0.056250 0.695312
0 0.056250 0.679688 0.054688 0.681250 0.054688 0.684375 0.056250 0.685937
0 0.035937 0.665625 0.032813 0.668750 0.034375 0.670312 0.034375 0.675000 0.035937 0.676562 0.035937 0.678125 0.035937 0.676562 0.037500 0.675000 0.037500 0.673438 0.042188 0.668750 0.042188 0.667188 0.040625 0.665625
0 0.023438 0.664062 0.021875 0.665625 0.020313 0.665625 0.018750 0.667188 0.017188 0.667188 0.015625 0.668750 0.017188 0.670312 0.018750 0.668750 0.020313 0.668750 0.021875 0.670312 0.026562 0.670312 0.028125 0.668750 0.028125 0.667188 0.029687 0.665625 0.028125 0.665625 0.026562 0.664062
0 0.054688 0.662500 0.048438 0.668750 0.046875 0.668750 0.048438 0.670312 0.057813 0.670312 0.060937 0.667188 0.060937 0.664062 0.059375 0.662500
0 0.054688 0.646875 0.051562 0.650000 0.051562 0.653125 0.053125 0.654687 0.057813 0.654687 0.059375 0.653125 0.064062 0.653125 0.062500 0.653125 0.060937 0.651563 0.060937 0.650000 0.059375 0.648438 0.059375 0.646875
0 0.070312 0.645312 0.067187 0.648438 0.067187 0.651563 0.070312 0.654687 0.075000 0.654687 0.076563 0.653125 0.076563 0.648438 0.075000 0.646875 0.073438 0.646875 0.071875 0.645312
0 0.017188 0.645312 0.018750 0.646875 0.018750 0.650000 0.017188 0.651563 0.014063 0.648438 0.012500 0.648438 0.010937 0.650000 0.010937 0.651563 0.009375 0.653125 0.028125 0.653125 0.028125 0.646875 0.026562 0.646875 0.025000 0.645312 0.023438 0.646875 0.018750 0.646875
0 0.070312 0.632812 0.068750 0.634375 0.067187 0.634375 0.070312 0.637500 0.070312 0.639062 0.071875 0.639062 0.071875 0.637500 0.075000 0.634375 0.071875 0.634375
0 0.009375 0.631250 0.006250 0.634375 0.007812 0.635938 0.007812 0.639062 0.009375 0.640625 0.015625 0.640625 0.017188 0.639062 0.018750 0.640625 0.021875 0.640625 0.023438 0.639062 0.025000 0.639062 0.026562 0.637500 0.026562 0.635938 0.028125 0.634375 0.028125 0.632812 0.026562 0.632812 0.025000 0.631250 0.023438 0.631250 0.021875 0.632812 0.020313 0.632812 0.017188 0.635938 0.015625 0.635938 0.014063 0.634375 0.014063 0.631250
0 0.009375 0.618750 0.009375 0.621875 0.012500 0.621875 0.012500 0.618750
0 0.020313 0.604688 0.018750 0.606250 0.017188 0.606250 0.017188 0.607812 0.020313 0.607812 0.021875 0.606250
0 0.051562 0.554688 0.050000 0.556250 0.050000 0.560937 0.053125 0.560937 0.053125 0.554688
0 0.035937 0.535937 0.035937 0.539062 0.034375 0.540625 0.034375 0.543750 0.039062 0.543750 0.040625 0.545312 0.042188 0.543750 0.048438 0.543750 0.050000 0.545312 0.056250 0.545312 0.057813 0.543750 0.057813 0.542188 0.059375 0.540625 0.057813 0.539062 0.054688 0.539062 0.053125 0.540625 0.051562 0.540625 0.048438 0.543750 0.046875 0.542188 0.045312 0.542188 0.043750 0.540625 0.042188 0.540625 0.039062 0.537500 0.039062 0.535937
0 0.056250 0.523438 0.056250 0.525000 0.053125 0.528125 0.053125 0.529687 0.057813 0.529687 0.059375 0.528125 0.059375 0.525000 0.057813 0.523438
0 0.082812 0.492188 0.082812 0.495312 0.084375 0.496875 0.087500 0.496875 0.087500 0.492188
0 0.406250 0.032813 0.406250 0.039062 0.407813 0.040625 0.409375 0.040625 0.412500 0.037500 0.412500 0.035937 0.415625 0.032813
0 0.651563 0.009375 0.653125 0.010937 0.653125 0.009375
0 0.520312 0.003125 0.518750 0.004687 0.517188 0.004687 0.515625 0.006250 0.506250 0.006250 0.504687 0.007812 0.487500 0.007812 0.485938 0.009375 0.470313 0.009375 0.470313 0.010937 0.468750 0.012500 0.467187 0.012500 0.465625 0.014063 0.460938 0.014063 0.459375 0.012500 0.457813 0.012500 0.456250 0.014063 0.454688 0.014063 0.453125 0.015625 0.450000 0.015625 0.448437 0.017188 0.445312 0.017188 0.445312 0.018750 0.443750 0.020313 0.442188 0.020313 0.439063 0.023438 0.437500 0.023438 0.435937 0.025000 0.435937 0.026562 0.431250 0.031250 0.423438 0.031250 0.421875 0.032813 0.421875 0.037500 0.425000 0.040625 0.425000 0.042188 0.423438 0.043750 0.423438 0.045312 0.421875 0.046875 0.421875 0.048438 0.418750 0.051562 0.414062 0.051562 0.414062 0.053125 0.417187 0.056250 0.417187 0.059375 0.415625 0.060937 0.414062 0.060937 0.412500 0.062500 0.410938 0.062500 0.409375 0.064062 0.407813 0.064062 0.407813 0.065625 0.406250 0.067187 0.406250 0.068750 0.404687 0.070312 0.404687 0.075000 0.400000 0.079687 0.398438 0.079687 0.396875 0.081250 0.395313 0.081250 0.395313 0.087500 0.393750 0.089063 0.392188 0.089063 0.390625 0.090625 0.389062 0.090625 0.387500 0.092188 0.385937 0.092188 0.381250 0.096875 0.379688 0.096875 0.378125 0.098437 0.376563 0.098437 0.375000 0.100000 0.373437 0.100000 0.371875 0.101562 0.368750 0.101562 0.367188 0.103125 0.365625 0.103125 0.362500 0.106250 0.360938 0.106250 0.357812 0.109375 0.356250 0.109375 0.354687 0.110937 0.353125 0.110937 0.346875 0.117188 0.345313 0.117188 0.343750 0.118750 0.343750 0.131250 0.345313 0.132812 0.345313 0.143750 0.343750 0.145313 0.343750 0.146875 0.342187 0.148438 0.342187 0.150000 0.340625 0.151562 0.340625 0.153125 0.339062 0.154688 0.337500 0.154688 0.335938 0.156250 0.335938 0.157812 0.334375 0.159375 0.334375 0.160938 0.329688 0.165625 0.329688 0.167187 0.328125 0.168750 0.328125 0.170313 0.325000 0.173437 0.325000 0.175000 0.320312 0.179688 0.320312 0.181250 0.314063 0.187500 0.310937 0.187500 0.309375 0.189062 0.306250 0.189062 0.303125 0.192188 0.301563 0.192188 0.298438 0.195312 0.295312 0.195312 0.293750 0.196875 0.290625 0.196875 0.290625 0.198437 0.289062 0.200000 0.287500 0.200000 0.290625 0.203125 0.285938 0.207813 0.284375 0.207813 0.282813 0.206250 0.279687 0.206250 0.278125 0.204687 0.276562 0.206250 0.275000 0.206250 0.270313 0.210938 0.268750 0.210938 0.267188 0.212500 0.264062 0.212500 0.260937 0.215625 0.259375 0.215625 0.259375 0.217188 0.260937 0.217188 0.262500 0.218750 0.262500 0.221875 0.264062 0.223438 0.262500 0.225000 0.259375 0.225000 0.254688 0.229687 0.254688 0.231250 0.251563 0.234375 0.251563 0.239063 0.256250 0.239063 0.259375 0.242188 0.259375 0.246875 0.257812 0.248438 0.257812 0.251563 0.256250 0.253125 0.256250 0.254688 0.251563 0.259375 0.251563 0.260937 0.250000 0.262500 0.250000 0.267188 0.248438 0.268750 0.248438 0.270313 0.246875 0.271875 0.245312 0.271875 0.240625 0.276562 0.240625 0.278125 0.234375 0.284375 0.234375 0.285938 0.229687 0.290625 0.228125 0.290625 0.228125 0.292187 0.226562 0.293750 0.226562 0.295312 0.218750 0.303125 0.218750 0.304688 0.217188 0.306250 0.217188 0.309375 0.215625 0.310937 0.214062 0.310937 0.209375 0.315625 0.209375 0.317188 0.206250 0.320312 0.204687 0.320312 0.204687 0.321875 0.203125 0.323437 0.203125 0.325000 0.201563 0.326562 0.201563 0.328125 0.200000 0.329688 0.200000 0.331250 0.196875 0.334375 0.195312 0.334375 0.193750 0.335938 0.193750 0.337500 0.192188 0.339062 0.192188 0.340625 0.190625 0.342187 0.189062 0.342187 0.185938 0.345313 0.185938 0.346875 0.181250 0.351562 0.179688 0.351562 0.178125 0.353125 0.178125 0.354687 0.173437 0.359375 0.171875 0.359375 0.171875 0.362500 0.170313 0.364063 0.170313 0.365625 0.168750 0.367188 0.165625 0.367188 0.164062 0.368750 0.164062 0.371875 0.157812 0.378125 0.157812 0.379688 0.156250 0.381250 0.156250 0.382812 0.154688 0.384375 0.154688 0.387500 0.151562 0.390625 0.150000 0.390625 0.146875 0.393750 0.146875 0.395313 0.143750 0.398438 0.142187 0.398438 0.142187 0.400000 0.140625 0.401562 0.140625 0.403125 0.134375 0.409375 0.134375 0.410938 0.132812 0.412500 0.132812 0.414062 0.131250 0.415625 0.131250 0.418750 0.128125 0.421875 0.126562 0.421875 0.126562 0.423438 0.121875 0.428125 0.120313 0.428125 0.117188 0.431250 0.117188 0.434375 0.115625 0.435937 0.115625 0.437500 0.114062 0.439063 0.112500 0.439063 0.110937 0.440625 0.110937 0.445312 0.109375 0.446875 0.106250 0.446875 0.106250 0.448437 0.104688 0.450000 0.103125 0.450000 0.103125 0.454688 0.095312 0.462500 0.095312 0.464062 0.093750 0.465625 0.093750 0.467187 0.096875 0.470313 0.093750 0.473438 0.093750 0.475000 0.096875 0.478125 0.095312 0.479687 0.093750 0.479687 0.092188 0.478125 0.090625 0.478125 0.089063 0.479687 0.085938 0.479687 0.084375 0.481250 0.085938 0.482812 0.087500 0.482812 0.089063 0.481250 0.092188 0.481250 0.095312 0.484375 0.104688 0.484375 0.106250 0.482812 0.109375 0.485938 0.109375 0.489063 0.106250 0.492188 0.103125 0.489063 0.098437 0.489063 0.096875 0.487500 0.095312 0.487500 0.093750 0.489063 0.093750 0.490625 0.095312 0.492188 0.095312 0.493750 0.093750 0.495312 0.093750 0.498437 0.095312 0.498437 0.096875 0.500000 0.100000 0.500000 0.101562 0.498437 0.104688 0.498437 0.106250 0.496875 0.109375 0.500000 0.109375 0.506250 0.110937 0.507812 0.110937 0.509375 0.109375 0.510938 0.109375 0.515625 0.106250 0.518750 0.104688 0.517188 0.103125 0.517188 0.101562 0.515625 0.101562 0.514062 0.100000 0.512500 0.100000 0.510938 0.098437 0.510938 0.095312 0.514062 0.095312 0.518750 0.092188 0.521875 0.087500 0.521875 0.085938 0.523438 0.084375 0.523438 0.084375 0.525000 0.082812 0.526563 0.082812 0.529687 0.081250 0.531250 0.081250 0.532813 0.082812 0.532813 0.085938 0.529687 0.087500 0.529687 0.089063 0.528125 0.092188 0.528125 0.095312 0.531250 0.095312 0.537500 0.098437 0.537500 0.100000 0.539062 0.100000 0.545312 0.098437 0.546875 0.096875 0.546875 0.095312 0.545312 0.090625 0.545312 0.089063 0.543750 0.081250 0.543750 0.081250 0.550000 0.079687 0.551562 0.082812 0.554688 0.082812 0.556250 0.079687 0.559375 0.079687 0.564063 0.078125 0.565625 0.076563 0.565625 0.075000 0.567187 0.070312 0.567187 0.067187 0.564063 0.067187 0.562500 0.068750 0.560937 0.068750 0.559375 0.067187 0.557813 0.067187 0.554688 0.067187 0.557813 0.065625 0.559375 0.065625 0.560937 0.067187 0.562500 0.067187 0.564063 0.064062 0.567187 0.064062 0.568750 0.065625 0.570312 0.065625 0.571875 0.064062 0.573438 0.062500 0.573438 0.060937 0.571875 0.051562 0.571875 0.051562 0.573438 0.050000 0.575000 0.060937 0.575000 0.065625 0.579688 0.064062 0.581250 0.064062 0.584375 0.065625 0.585938 0.065625 0.587500 0.062500 0.590625 0.062500 0.592187 0.065625 0.595313 0.064062 0.596875 0.064062 0.600000 0.064062 0.596875 0.067187 0.593750 0.071875 0.593750 0.073438 0.592187 0.075000 0.592187 0.078125 0.595313 0.078125 0.598437 0.076563 0.600000 0.075000 0.600000 0.073438 0.601562 0.068750 0.601562 0.064062 0.606250 0.064062 0.607812 0.067187 0.610938 0.067187 0.614062 0.065625 0.615625 0.065625 0.617188 0.064062 0.618750 0.062500 0.617188 0.053125 0.617188 0.051562 0.615625 0.050000 0.617188 0.050000 0.618750 0.048438 0.620313 0.046875 0.618750 0.046875 0.617188 0.045312 0.615625 0.045312 0.614062 0.043750 0.612500 0.042188 0.614062 0.040625 0.614062 0.037500 0.610938 0.039062 0.609375 0.043750 0.609375 0.045312 0.607812 0.045312 0.593750 0.042188 0.593750 0.040625 0.592187 0.035937 0.592187 0.034375 0.590625 0.031250 0.590625 0.028125 0.587500 0.026562 0.587500 0.025000 0.585938 0.023438 0.587500 0.021875 0.587500 0.021875 0.590625 0.020313 0.592187 0.018750 0.590625 0.017188 0.590625 0.017188 0.592187 0.015625 0.593750 0.015625 0.595313 0.017188 0.596875 0.020313 0.596875 0.020313 0.593750 0.021875 0.592187 0.025000 0.592187 0.026562 0.590625 0.031250 0.590625 0.032813 0.592187 0.032813 0.598437 0.031250 0.600000 0.031250 0.607812 0.032813 0.609375 0.034375 0.609375 0.035937 0.610938 0.032813 0.614062 0.032813 0.615625 0.034375 0.617188 0.034375 0.618750 0.031250 0.621875 0.032813 0.623437 0.056250 0.623437 0.057813 0.621875 0.059375 0.621875 0.060937 0.623437 0.064062 0.623437 0.065625 0.625000 0.068750 0.625000 0.070312 0.623437 0.089063 0.623437 0.090625 0.621875 0.092188 0.621875 0.093750 0.623437 0.098437 0.623437 0.101562 0.626563 0.101562 0.629687 0.100000 0.631250 0.098437 0.631250 0.095312 0.634375 0.090625 0.634375 0.089063 0.632812 0.084375 0.632812 0.082812 0.634375 0.082812 0.635938 0.084375 0.635938 0.085938 0.637500 0.092188 0.637500 0.095312 0.640625 0.103125 0.640625 0.104688 0.639062 0.109375 0.639062 0.110937 0.640625 0.110937 0.646875 0.112500 0.648438 0.112500 0.650000 0.110937 0.651563 0.109375 0.651563 0.109375 0.653125 0.106250 0.656250 0.104688 0.654687 0.104688 0.651563 0.106250 0.650000 0.104688 0.650000 0.103125 0.648438 0.096875 0.648438 0.095312 0.646875 0.095312 0.660937 0.096875 0.659375 0.098437 0.659375 0.100000 0.660937 0.096875 0.664062 0.096875 0.665625 0.095312 0.667188 0.095312 0.678125 0.096875 0.679688 0.096875 0.681250 0.095312 0.682813 0.095312 0.687500 0.096875 0.689063 0.095312 0.690625 0.095312 0.693750 0.096875 0.695312 0.096875 0.696875 0.095312 0.698438 0.095312 0.701562 0.098437 0.701562 0.100000 0.703125 0.101562 0.703125 0.103125 0.704688 0.101562 0.706250 0.101562 0.710938 0.103125 0.712500 0.101562 0.714063 0.101562 0.715625 0.103125 0.715625 0.104688 0.714063 0.104688 0.712500 0.107813 0.709375 0.109375 0.709375 0.112500 0.712500 0.110937 0.714063 0.109375 0.714063 0.109375 0.715625 0.110937 0.717187 0.118750 0.717187 0.120313 0.715625 0.123438 0.715625 0.123438 0.710938 0.125000 0.709375 0.128125 0.709375 0.131250 0.712500 0.131250 0.714063 0.128125 0.717187 0.128125 0.721875 0.129688 0.723437 0.129688 0.726562 0.126562 0.729688 0.126562 0.732812 0.131250 0.732812 0.132812 0.731250 0.134375 0.731250 0.131250 0.728125 0.131250 0.725000 0.129688 0.723437 0.129688 0.720313 0.134375 0.715625 0.135937 0.715625 0.137500 0.714063 0.140625 0.717187 0.140625 0.718750 0.142187 0.720313 0.142187 0.721875 0.140625 0.723437 0.142187 0.725000 0.142187 0.728125 0.140625 0.729688 0.140625 0.731250 0.142187 0.732812 0.150000 0.732812 0.151562 0.731250 0.154688 0.731250 0.156250 0.732812 0.157812 0.732812 0.159375 0.731250 0.171875 0.731250 0.173437 0.732812 0.173437 0.735938 0.173437 0.731250 0.170313 0.731250 0.167187 0.728125 0.165625 0.728125 0.164062 0.726562 0.162500 0.726562 0.159375 0.723437 0.159375 0.721875 0.157812 0.720313 0.154688 0.723437 0.151562 0.723437 0.148438 0.720313 0.154688 0.714063 0.154688 0.709375 0.156250 0.707812 0.156250 0.706250 0.154688 0.704688 0.153125 0.704688 0.151562 0.703125 0.145313 0.703125 0.142187 0.700000 0.140625 0.700000 0.140625 0.706250 0.139063 0.707812 0.139063 0.709375 0.137500 0.710938 0.135937 0.709375 0.135937 0.707812 0.134375 0.707812 0.132812 0.706250 0.125000 0.706250 0.123438 0.707812 0.121875 0.706250 0.118750 0.706250 0.117188 0.704688 0.120313 0.701562 0.120313 0.700000 0.121875 0.698438 0.123438 0.698438 0.125000 0.700000 0.126562 0.700000 0.126562 0.696875 0.120313 0.690625 0.120313 0.687500 0.121875 0.685937 0.135937 0.685937 0.135937 0.684375 0.137500 0.682813 0.139063 0.684375 0.139063 0.685937 0.140625 0.687500 0.142187 0.687500 0.148438 0.681250 0.151562 0.681250 0.153125 0.682813 0.154688 0.682813 0.156250 0.684375 0.156250 0.685937 0.157812 0.687500 0.157812 0.698438 0.156250 0.700000 0.156250 0.701562 0.157812 0.703125 0.162500 0.703125 0.168750 0.696875 0.171875 0.700000 0.171875 0.707812 0.167187 0.712500 0.165625 0.712500 0.165625 0.714063 0.168750 0.714063 0.171875 0.717187 0.173437 0.717187 0.173437 0.715625 0.175000 0.714063 0.175000 0.710938 0.179688 0.706250 0.184375 0.706250 0.187500 0.709375 0.187500 0.720313 0.185938 0.721875 0.185938 0.723437 0.182812 0.726562 0.182812 0.728125 0.179688 0.731250 0.181250 0.731250 0.182812 0.732812 0.185938 0.732812 0.187500 0.734375 0.187500 0.740625 0.185938 0.742188 0.185938 0.748437 0.189062 0.751563 0.189062 0.760938 0.187500 0.762500 0.189062 0.764062 0.189062 0.768750 0.187500 0.770312 0.189062 0.771875 0.189062 0.775000 0.187500 0.776563 0.187500 0.778125 0.189062 0.779687 0.195312 0.779687 0.196875 0.778125 0.200000 0.778125 0.204687 0.782813 0.203125 0.784375 0.203125 0.787500 0.200000 0.790625 0.198437 0.790625 0.196875 0.789062 0.193750 0.789062 0.192188 0.787500 0.190625 0.789062 0.189062 0.789062 0.187500 0.790625 0.181250 0.790625 0.179688 0.789062 0.178125 0.789062 0.176563 0.787500 0.173437 0.787500 0.173437 0.789062 0.171875 0.790625 0.173437 0.792188 0.173437 0.798438 0.171875 0.800000 0.171875 0.803125 0.175000 0.806250 0.173437 0.807813 0.173437 0.809375 0.171875 0.810937 0.171875 0.812500 0.170313 0.814063 0.164062 0.814063 0.162500 0.812500 0.157812 0.812500 0.154688 0.809375 0.154688 0.804688 0.150000 0.800000 0.148438 0.800000 0.148438 0.801562 0.146875 0.803125 0.143750 0.803125 0.142187 0.801562 0.142187 0.798438 0.143750 0.796875 0.150000 0.796875 0.153125 0.793750 0.153125 0.790625 0.151562 0.789062 0.146875 0.789062 0.142187 0.793750 0.139063 0.793750 0.137500 0.792188 0.137500 0.787500 0.134375 0.787500 0.128125 0.793750 0.126562 0.793750 0.126562 0.803125 0.128125 0.804688 0.128125 0.806250 0.126562 0.807813 0.126562 0.810937 0.128125 0.812500 0.135937 0.812500 0.137500 0.810937 0.139063 0.812500 0.140625 0.812500 0.142187 0.814063 0.145313 0.814063 0.146875 0.812500 0.150000 0.812500 0.151562 0.810937 0.154688 0.810937 0.156250 0.812500 0.156250 0.815625 0.153125 0.818750 0.142187 0.818750 0.140625 0.817187 0.132812 0.817187 0.131250 0.815625 0.129688 0.815625 0.126562 0.818750 0.126562 0.823438 0.125000 0.825000 0.125000 0.826562 0.126562 0.828125 0.126562 0.831250 0.125000 0.832812 0.125000 0.834375 0.123438 0.835938 0.121875 0.835938 0.118750 0.832812 0.117188 0.832812 0.115625 0.834375 0.114062 0.834375 0.114062 0.837500 0.112500 0.839063 0.112500 0.840625 0.115625 0.843750 0.118750 0.843750 0.120313 0.842187 0.120313 0.840625 0.121875 0.839063 0.125000 0.842187 0.125000 0.848437 0.123438 0.850000 0.120313 0.850000 0.118750 0.848437 0.117188 0.848437 0.114062 0.851562 0.112500 0.851562 0.112500 0.853125 0.110937 0.854688 0.110937 0.856250 0.115625 0.856250 0.117188 0.857812 0.118750 0.857812 0.120313 0.856250 0.121875 0.856250 0.123438 0.857812 0.125000 0.857812 0.126562 0.859375 0.131250 0.859375 0.132812 0.857812 0.139063 0.857812 0.142187 0.860938 0.142187 0.865625 0.140625 0.867188 0.140625 0.873437 0.142187 0.875000 0.146875 0.875000 0.148438 0.873437 0.154688 0.873437 0.157812 0.876563 0.156250 0.878125 0.156250 0.881250 0.154688 0.882812 0.146875 0.882812 0.145313 0.881250 0.143750 0.881250 0.142187 0.882812 0.142187 0.885938 0.140625 0.887500 0.142187 0.889062 0.148438 0.889062 0.150000 0.887500 0.151562 0.887500 0.153125 0.889062 0.182812 0.889062 0.184375 0.887500 0.185938 0.887500 0.187500 0.889062 0.198437 0.889062 0.200000 0.887500 0.203125 0.890625 0.203125 0.895312 0.200000 0.898438 0.198437 0.898438 0.196875 0.900000 0.195312 0.898438 0.190625 0.898438 0.189062 0.900000 0.189062 0.904687 0.190625 0.906250 0.192188 0.906250 0.193750 0.904687 0.201563 0.904687 0.203125 0.906250 0.203125 0.914062 0.201563 0.915625 0.201563 0.917188 0.203125 0.918750 0.203125 0.921875 0.204687 0.923438 0.203125 0.925000 0.203125 0.929688 0.201563 0.931250 0.201563 0.934375 0.203125 0.935937 0.203125 0.937500 0.204687 0.939063 0.203125 0.940625 0.203125 0.945312 0.201563 0.946875 0.201563 0.948438 0.203125 0.950000 0.203125 0.953125 0.204687 0.953125 0.206250 0.954688 0.204687 0.956250 0.203125 0.956250 0.201563 0.957812 0.196875 0.957812 0.195312 0.956250 0.193750 0.956250 0.192188 0.954688 0.192188 0.953125 0.195312 0.950000 0.196875 0.950000 0.193750 0.950000 0.192188 0.951562 0.192188 0.954688 0.189062 0.957812 0.179688 0.957812 0.178125 0.959375 0.176563 0.959375 0.176563 0.962500 0.173437 0.965625 0.171875 0.965625 0.168750 0.962500 0.168750 0.964063 0.167187 0.965625 0.165625 0.965625 0.185938 0.965625 0.189062 0.968750 0.190625 0.968750 0.192188 0.970313 0.193750 0.968750 0.195312 0.968750 0.196875 0.967187 0.200000 0.967187 0.203125 0.970313 0.200000 0.973437 0.195312 0.973437 0.193750 0.975000 0.192188 0.975000 0.190625 0.973437 0.189062 0.973437 0.189062 0.979688 0.187500 0.981250 0.187500 0.982812 0.189062 0.984375 0.189062 0.985938 0.187500 0.987500 0.187500 0.989062 0.190625 0.989062 0.192188 0.987500 0.193750 0.989062 0.193750 0.990625 0.195312 0.992188 0.195312 0.993750 0.196875 0.995313 0.196875 0.998437 0.204687 0.998437 0.207813 0.995313 0.210938 0.998437 0.301563 0.998437 0.301563 0.996875 0.304688 0.993750 0.306250 0.993750 0.309375 0.996875 0.309375 0.998437 0.504687 0.998437 0.507812 0.995313 0.510938 0.995313 0.514062 0.998437 0.539062 0.998437 0.542188 0.995313 0.545312 0.995313 0.546875 0.996875 0.548438 0.996875 0.550000 0.995313 0.554688 0.995313 0.556250 0.993750 0.559375 0.993750 0.560937 0.992188 0.562500 0.992188 0.564063 0.990625 0.565625 0.992188 0.567187 0.992188 0.570312 0.989062 0.570312 0.985938 0.571875 0.984375 0.579688 0.984375 0.581250 0.985938 0.582812 0.985938 0.585938 0.982812 0.589063 0.982812 0.590625 0.981250 0.592187 0.982812 0.598437 0.982812 0.600000 0.981250 0.601562 0.981250 0.601562 0.979688 0.603125 0.978125 0.606250 0.978125 0.607812 0.976562 0.609375 0.976562 0.610938 0.975000 0.612500 0.975000 0.618750 0.968750 0.625000 0.968750 0.626563 0.970313 0.628125 0.968750 0.631250 0.968750 0.632812 0.967187 0.635938 0.967187 0.637500 0.965625 0.639062 0.965625 0.640625 0.967187 0.642188 0.967187 0.643750 0.965625 0.645312 0.965625 0.646875 0.964063 0.648438 0.964063 0.648438 0.954688 0.651563 0.951562 0.653125 0.951562 0.654687 0.950000 0.660937 0.950000 0.662500 0.951562 0.664062 0.951562 0.665625 0.953125 0.667188 0.951562 0.668750 0.951562 0.675000 0.957812 0.673438 0.959375 0.671875 0.959375 0.670312 0.960938 0.664062 0.960938 0.660937 0.964063 0.660937 0.965625 0.670312 0.965625 0.671875 0.967187 0.671875 0.968750 0.673438 0.970313 0.673438 0.971875 0.676562 0.968750 0.678125 0.968750 0.679688 0.967187 0.681250 0.967187 0.682813 0.965625 0.689063 0.965625 0.690625 0.967187 0.693750 0.967187 0.693750 0.965625 0.696875 0.962500 0.693750 0.959375 0.693750 0.957812 0.696875 0.954688 0.693750 0.951562 0.693750 0.950000 0.696875 0.946875 0.692187 0.942187 0.693750 0.940625 0.693750 0.939063 0.696875 0.935937 0.704688 0.935937 0.707812 0.939063 0.710938 0.939063 0.709375 0.937500 0.709375 0.921875 0.707812 0.921875 0.706250 0.923438 0.706250 0.926562 0.703125 0.929688 0.700000 0.929688 0.698438 0.928125 0.696875 0.928125 0.695312 0.926562 0.696875 0.925000 0.696875 0.910937 0.700000 0.907813 0.704688 0.907813 0.707812 0.910937 0.709375 0.909375 0.709375 0.906250 0.698438 0.906250 0.696875 0.904687 0.695312 0.904687 0.693750 0.903125 0.693750 0.893750 0.692187 0.892188 0.693750 0.890625 0.693750 0.885938 0.695312 0.884375 0.693750 0.885938 0.690625 0.885938 0.690625 0.898438 0.689063 0.900000 0.689063 0.901563 0.687500 0.903125 0.684375 0.903125 0.681250 0.900000 0.681250 0.896875 0.679688 0.895312 0.681250 0.893750 0.681250 0.892188 0.684375 0.889062 0.685937 0.889062 0.685937 0.885938 0.684375 0.884375 0.684375 0.882812 0.679688 0.882812 0.678125 0.881250 0.678125 0.876563 0.681250 0.873437 0.693750 0.873437 0.693750 0.870313 0.690625 0.870313 0.689063 0.871875 0.685937 0.871875 0.684375 0.870313 0.682813 0.870313 0.681250 0.868750 0.679688 0.868750 0.678125 0.867188 0.678125 0.865625 0.676562 0.864062 0.676562 0.862500 0.673438 0.865625 0.671875 0.865625 0.668750 0.868750 0.667188 0.867188 0.664062 0.867188 0.662500 0.865625 0.662500 0.864062 0.660937 0.864062 0.657813 0.867188 0.657813 0.875000 0.659375 0.876563 0.659375 0.879687 0.654687 0.884375 0.653125 0.884375 0.654687 0.885938 0.654687 0.887500 0.656250 0.887500 0.659375 0.890625 0.670312 0.890625 0.671875 0.892188 0.668750 0.895312 0.667188 0.895312 0.665625 0.896875 0.664062 0.895312 0.660937 0.895312 0.657813 0.898438 0.657813 0.901563 0.659375 0.903125 0.659375 0.904687 0.662500 0.907813 0.660937 0.909375 0.660937 0.912500 0.659375 0.914062 0.659375 0.920312 0.662500 0.923438 0.664062 0.921875 0.668750 0.921875 0.671875 0.925000 0.673438 0.925000 0.675000 0.926562 0.673438 0.928125 0.667188 0.928125 0.665625 0.929688 0.660937 0.929688 0.660937 0.935937 0.667188 0.935937 0.668750 0.937500 0.670312 0.937500 0.671875 0.939063 0.665625 0.945312 0.664062 0.945312 0.659375 0.950000 0.657813 0.950000 0.654687 0.946875 0.654687 0.945312 0.653125 0.945312 0.650000 0.942187 0.650000 0.940625 0.648438 0.939063 0.650000 0.937500 0.650000 0.931250 0.648438 0.929688 0.648438 0.928125 0.646875 0.926562 0.646875 0.921875 0.650000 0.918750 0.650000 0.917188 0.648438 0.915625 0.648438 0.914062 0.645312 0.910937 0.645312 0.906250 0.646875 0.904687 0.646875 0.898438 0.645312 0.896875 0.645312 0.893750 0.643750 0.892188 0.646875 0.889062 0.646875 0.887500 0.648438 0.885938 0.648438 0.884375 0.645312 0.881250 0.645312 0.873437 0.643750 0.871875 0.643750 0.865625 0.642188 0.864062 0.642188 0.862500 0.640625 0.862500 0.640625 0.864062 0.639062 0.865625 0.635938 0.865625 0.634375 0.864062 0.634375 0.862500 0.632812 0.860938 0.634375 0.859375 0.635938 0.859375 0.637500 0.857812 0.639062 0.857812 0.640625 0.859375 0.642188 0.859375 0.643750 0.857812 0.643750 0.846875 0.642188 0.845313 0.645312 0.842187 0.645312 0.804688 0.646875 0.803125 0.646875 0.785937 0.648438 0.784375 0.648438 0.781250 0.651563 0.778125 0.651563 0.776563 0.653125 0.775000 0.653125 0.773438 0.654687 0.771875 0.657813 0.771875 0.657813 0.767188 0.662500 0.762500 0.662500 0.756250 0.664062 0.754687 0.662500 0.753125 0.662500 0.750000 0.660937 0.748437 0.657813 0.748437 0.654687 0.745313 0.654687 0.743750 0.656250 0.742188 0.657813 0.742188 0.660937 0.745313 0.664062 0.745313 0.665625 0.746875 0.668750 0.746875 0.670312 0.745313 0.670312 0.742188 0.671875 0.740625 0.675000 0.740625 0.676562 0.739062 0.676562 0.735938 0.678125 0.734375 0.678125 0.729688 0.679688 0.728125 0.679688 0.726562 0.681250 0.725000 0.682813 0.725000 0.682813 0.723437 0.684375 0.721875 0.684375 0.720313 0.685937 0.718750 0.689063 0.718750 0.693750 0.714063 0.693750 0.712500 0.698438 0.707812 0.696875 0.706250 0.696875 0.704688 0.698438 0.703125 0.700000 0.703125 0.701562 0.701562 0.707812 0.701562 0.709375 0.700000 0.707812 0.698438 0.707812 0.696875 0.712500 0.692187 0.710938 0.690625 0.710938 0.689063 0.712500 0.687500 0.714063 0.687500 0.715625 0.685937 0.718750 0.689063 0.718750 0.692187 0.721875 0.692187 0.723437 0.690625 0.723437 0.689063 0.728125 0.684375 0.729688 0.684375 0.731250 0.682813 0.732812 0.682813 0.734375 0.684375 0.737500 0.684375 0.734375 0.681250 0.740625 0.675000 0.740625 0.673438 0.742188 0.671875 0.743750 0.671875 0.745313 0.670312 0.748437 0.670312 0.753125 0.675000 0.756250 0.675000 0.756250 0.671875 0.757812 0.670312 0.759375 0.670312 0.760938 0.668750 0.770312 0.668750 0.773438 0.665625 0.775000 0.665625 0.776563 0.664062 0.784375 0.664062 0.785937 0.665625 0.789062 0.662500 0.792188 0.662500 0.793750 0.660937 0.795312 0.662500 0.801562 0.662500 0.803125 0.660937 0.806250 0.660937 0.809375 0.657813 0.814063 0.657813 0.815625 0.659375 0.818750 0.659375 0.821875 0.656250 0.829688 0.656250 0.831250 0.657813 0.834375 0.657813 0.835938 0.656250 0.846875 0.656250 0.848437 0.657813 0.850000 0.656250 0.860938 0.656250 0.862500 0.657813 0.862500 0.659375 0.871875 0.659375 0.873437 0.660937 0.876563 0.660937 0.878125 0.662500 0.892188 0.662500 0.893750 0.664062 0.903125 0.664062 0.904687 0.665625 0.906250 0.665625 0.907813 0.667188 0.909375 0.667188 0.910937 0.668750 0.920312 0.668750 0.921875 0.670312 0.932813 0.670312 0.934375 0.671875 0.940625 0.671875 0.942187 0.673438 0.943750 0.673438 0.946875 0.676562 0.951562 0.676562 0.953125 0.678125 0.954688 0.678125 0.956250 0.679688 0.957812 0.679688 0.959375 0.681250 0.962500 0.681250 0.964063 0.682813 0.967187 0.682813 0.967187 0.681250 0.968750 0.679688 0.968750 0.676562 0.970313 0.675000 0.970313 0.673438 0.971875 0.671875 0.973437 0.671875 0.975000 0.670312 0.982812 0.670312 0.984375 0.671875 0.984375 0.685937 0.987500 0.689063 0.987500 0.690625 0.985938 0.692187 0.989062 0.692187 0.990625 0.693750 0.993750 0.693750 0.993750 0.689063 0.995313 0.687500 0.996875 0.687500 0.998437 0.685937 0.998437 0.679688 0.996875 0.679688 0.993750 0.676562 0.993750 0.673438 0.998437 0.668750 0.998437 0.665625 0.993750 0.660937 0.993750 0.659375 0.992188 0.657813 0.993750 0.656250 0.993750 0.654687 0.996875 0.651563 0.998437 0.651563 0.998437 0.175000 0.996875 0.175000 0.995313 0.173437 0.993750 0.173437 0.992188 0.171875 0.989062 0.171875 0.987500 0.170313 0.984375 0.170313 0.982812 0.168750 0.981250 0.168750 0.979688 0.167187 0.976562 0.167187 0.975000 0.165625 0.973437 0.165625 0.971875 0.164062 0.968750 0.164062 0.967187 0.162500 0.964063 0.162500 0.962500 0.160938 0.959375 0.160938 0.957812 0.159375 0.956250 0.159375 0.954688 0.157812 0.953125 0.157812 0.951562 0.156250 0.950000 0.156250 0.948438 0.154688 0.946875 0.154688 0.945312 0.153125 0.943750 0.153125 0.942187 0.151562 0.940625 0.151562 0.937500 0.148438 0.935937 0.148438 0.934375 0.146875 0.932813 0.146875 0.931250 0.145313 0.929688 0.145313 0.928125 0.143750 0.926562 0.143750 0.925000 0.142187 0.923438 0.142187 0.921875 0.140625 0.918750 0.140625 0.917188 0.139063 0.914062 0.139063 0.912500 0.137500 0.907813 0.137500 0.906250 0.135937 0.904687 0.135937 0.903125 0.134375 0.896875 0.134375 0.895312 0.132812 0.890625 0.132812 0.889062 0.131250 0.885938 0.131250 0.884375 0.129688 0.882812 0.129688 0.881250 0.128125 0.878125 0.128125 0.876563 0.126562 0.875000 0.126562 0.871875 0.123438 0.870313 0.123438 0.867188 0.120313 0.865625 0.120313 0.864062 0.118750 0.862500 0.118750 0.857812 0.114062 0.856250 0.114062 0.854688 0.112500 0.853125 0.112500 0.848437 0.107813 0.846875 0.107813 0.843750 0.104688 0.843750 0.103125 0.835938 0.095312 0.834375 0.095312 0.831250 0.092188 0.829688 0.092188 0.828125 0.090625 0.826562 0.090625 0.825000 0.089063 0.823438 0.089063 0.821875 0.087500 0.820312 0.087500 0.818750 0.085938 0.815625 0.085938 0.814063 0.084375 0.810937 0.084375 0.809375 0.082812 0.806250 0.082812 0.804688 0.081250 0.803125 0.081250 0.801562 0.079687 0.800000 0.079687 0.798438 0.078125 0.796875 0.078125 0.795312 0.076563 0.792188 0.076563 0.790625 0.075000 0.789062 0.075000 0.787500 0.073438 0.782813 0.073438 0.781250 0.071875 0.778125 0.071875 0.776563 0.070312 0.773438 0.070312 0.771875 0.068750 0.770312 0.068750 0.768750 0.067187 0.767188 0.067187 0.765625 0.065625 0.764062 0.065625 0.762500 0.064062 0.760938 0.064062 0.757812 0.060937 0.754687 0.060937 0.753125 0.059375 0.751563 0.059375 0.750000 0.057813 0.750000 0.056250 0.748437 0.054688 0.748437 0.053125 0.746875 0.051562 0.745313 0.051562 0.743750 0.050000 0.742188 0.050000 0.740625 0.048438 0.737500 0.048438 0.735938 0.046875 0.729688 0.046875 0.728125 0.045312 0.721875 0.045312 0.715625 0.039062 0.714063 0.039062 0.707812 0.032813 0.704688 0.032813 0.703125 0.031250 0.696875 0.031250 0.695312 0.029687 0.689063 0.029687 0.687500 0.028125 0.687500 0.025000 0.685937 0.023438 0.685937 0.021875 0.684375 0.020313 0.681250 0.020313 0.678125 0.017188 0.676562 0.017188 0.675000 0.015625 0.657813 0.015625 0.656250 0.014063 0.648438 0.014063 0.646875 0.012500 0.646875 0.009375 0.645312 0.009375 0.645312 0.012500 0.643750 0.014063 0.640625 0.014063 0.639062 0.015625 0.632812 0.015625 0.631250 0.014063 0.626563 0.014063 0.625000 0.015625 0.620313 0.015625 0.618750 0.017188 0.617188 0.017188 0.615625 0.015625 0.592187 0.015625 0.590625 0.014063 0.578125 0.014063 0.576562 0.012500 0.579688 0.009375 0.582812 0.009375 0.578125 0.009375 0.576562 0.007812 0.571875 0.007812 0.570312 0.006250 0.568750 0.006250 0.567187 0.004687 0.565625 0.004687 0.564063 0.006250 0.557813 0.006250 0.556250 0.007812 0.554688 0.006250 0.550000 0.006250 0.548438 0.007812 0.545312 0.004687 0.523438 0.004687 0.521875 0.003125