0 0.579688 0.979688 0.578125 0.981250 0.579688 0.981250
0 0.595313 0.964063 0.595313 0.965625 0.598437 0.965625 0.596875 0.964063
0 0.626563 0.962500 0.626563 0.965625 0.631250 0.965625 0.629687 0.964063 0.629687 0.962500
0 0.612500 0.962500 0.610938 0.964063 0.610938 0.965625 0.617188 0.965625 0.615625 0.965625 0.614062 0.964063 0.614062 0.962500
0 0.192188 0.962500 0.192188 0.965625 0.193750 0.965625 0.193750 0.964063
0 0.254688 0.960938 0.253125 0.962500 0.253125 0.965625 0.254688 0.965625
0 0.642188 0.948438 0.642188 0.950000 0.645312 0.950000 0.645312 0.948438
0 0.626563 0.948438 0.626563 0.950000 0.631250 0.950000 0.629687 0.948438
0 0.598437 0.948438 0.596875 0.950000 0.598437 0.951562 0.600000 0.950000
0 0.675000 0.945312 0.673438 0.946875 0.673438 0.950000 0.681250 0.950000 0.676562 0.945312
0 0.215625 0.945312 0.214062 0.946875 0.220312 0.946875 0.221875 0.948438 0.223438 0.948438 0.225000 0.946875 0.226562 0.946875 0.226562 0.945312
0 0.206250 0.945312 0.204687 0.946875 0.204687 0.950000 0.206250 0.948438 0.207813 0.948438 0.209375 0.946875 0.209375 0.945312
0 0.239063 0.943750 0.237500 0.945312 0.229687 0.945312 0.229687 0.946875 0.234375 0.946875 0.235937 0.948438 0.237500 0.946875 0.240625 0.946875 0.240625 0.945312
0 0.673438 0.931250 0.673438 0.934375 0.678125 0.934375 0.676562 0.932813 0.675000 0.932813
0 0.676562 0.917188 0.675000 0.918750 0.678125 0.918750
0 0.626563 0.917188 0.628125 0.918750 0.631250 0.918750 0.629687 0.917188
0 0.659375 0.901563 0.659375 0.903125 0.660937 0.904687 0.665625 0.904687 0.665625 0.901563
0 0.645312 0.901563 0.645312 0.903125 0.646875 0.903125
0 0.209375 0.890625 0.207813 0.892188 0.209375 0.893750 0.209375 0.896875 0.207813 0.898438 0.207813 0.901563 0.209375 0.903125 0.209375 0.907813 0.209375 0.901563 0.210938 0.900000 0.209375 0.898438
0 0.645312 0.887500 0.645312 0.889062 0.646875 0.889062 0.646875 0.887500
0 0.629687 0.887500 0.629687 0.889062 0.631250 0.887500
0 0.660937 0.885938 0.659375 0.887500 0.659375 0.889062 0.660937 0.890625 0.665625 0.890625 0.665625 0.885938
0 0.579688 0.885938 0.579688 0.887500 0.582812 0.887500 0.582812 0.885938
0 0.223438 0.804688 0.221875 0.806250 0.223438 0.807813 0.223438 0.809375 0.221875 0.810937 0.221875 0.817187 0.220312 0.818750 0.220312 0.820312 0.218750 0.821875 0.220312 0.823438 0.220312 0.831250 0.221875 0.832812 0.217188 0.837500 0.217188 0.839063 0.218750 0.840625 0.217188 0.842187 0.217188 0.854688 0.218750 0.856250 0.218750 0.860938 0.220312 0.862500 0.220312 0.864062 0.215625 0.868750 0.215625 0.870313 0.217188 0.871875 0.217188 0.873437 0.215625 0.875000 0.215625 0.876563 0.217188 0.876563 0.218750 0.875000 0.223438 0.875000 0.226562 0.871875 0.226562 0.867188 0.225000 0.865625 0.225000 0.860938 0.228125 0.857812 0.229687 0.857812 0.231250 0.856250 0.234375 0.856250 0.235937 0.857812 0.239063 0.857812 0.240625 0.856250 0.228125 0.856250 0.225000 0.853125 0.226562 0.851562 0.226562 0.850000 0.228125 0.848437 0.229687 0.848437 0.231250 0.846875 0.232813 0.846875 0.234375 0.845313 0.239063 0.845313 0.239063 0.842187 0.237500 0.843750 0.235937 0.843750 0.232813 0.840625 0.234375 0.839063 0.239063 0.839063 0.239063 0.837500 0.237500 0.835938 0.234375 0.835938 0.232813 0.834375 0.232813 0.828125 0.235937 0.825000 0.237500 0.826562 0.239063 0.826562 0.240625 0.825000 0.240625 0.823438 0.239063 0.821875 0.235937 0.821875 0.231250 0.817187 0.234375 0.814063 0.234375 0.812500 0.231250 0.809375 0.232813 0.807813 0.232813 0.806250 0.231250 0.804688 0.229687 0.806250 0.229687 0.807813 0.228125 0.809375 0.226562 0.807813 0.226562 0.806250 0.225000 0.804688
0 0.279687 0.773438 0.278125 0.775000 0.281250 0.778125 0.287500 0.778125 0.289062 0.779687 0.290625 0.779687 0.292187 0.778125 0.290625 0.776563 0.289062 0.776563 0.285938 0.773438
0 0.239063 0.757812 0.237500 0.759375 0.239063 0.760938 0.240625 0.760938 0.240625 0.757812
0 0.246875 0.756250 0.245312 0.757812 0.245312 0.759375 0.246875 0.760938 0.248438 0.760938 0.248438 0.757812
0 0.218750 0.742188 0.217188 0.743750 0.218750 0.745313 0.218750 0.746875 0.223438 0.746875 0.226562 0.743750 0.225000 0.742188
0 0.220312 0.726562 0.218750 0.728125 0.218750 0.729688 0.220312 0.731250 0.226562 0.731250 0.226562 0.728125 0.225000 0.726562
0 0.223438 0.710938 0.221875 0.712500 0.221875 0.715625 0.223438 0.717187 0.225000 0.717187 0.226562 0.715625 0.228125 0.715625 0.228125 0.712500 0.226562 0.712500 0.225000 0.710938
0 0.267188 0.709375 0.265625 0.710938 0.265625 0.712500 0.267188 0.714063 0.268750 0.712500 0.268750 0.709375
0 0.296875 0.707812 0.295312 0.709375 0.293750 0.709375 0.292187 0.710938 0.289062 0.710938 0.287500 0.709375 0.282813 0.709375 0.281250 0.710938 0.279687 0.710938 0.279687 0.712500 0.281250 0.714063 0.281250 0.715625 0.282813 0.717187 0.282813 0.721875 0.284375 0.721875 0.285938 0.723437 0.284375 0.725000 0.281250 0.725000 0.279687 0.726562 0.278125 0.726562 0.278125 0.748437 0.281250 0.748437 0.282813 0.750000 0.284375 0.750000 0.285938 0.751563 0.285938 0.754687 0.284375 0.756250 0.279687 0.756250 0.276562 0.759375 0.276562 0.762500 0.278125 0.764062 0.292187 0.764062 0.293750 0.762500 0.293750 0.760938 0.295312 0.759375 0.295312 0.757812 0.293750 0.756250 0.292187 0.756250 0.290625 0.754687 0.289062 0.754687 0.287500 0.753125 0.287500 0.751563 0.289062 0.750000 0.290625 0.750000 0.293750 0.753125 0.295312 0.751563 0.295312 0.746875 0.298438 0.743750 0.298438 0.740625 0.296875 0.739062 0.296875 0.735938 0.298438 0.734375 0.298438 0.731250 0.301563 0.728125 0.301563 0.726562 0.298438 0.723437 0.298438 0.720313 0.296875 0.720313 0.296875 0.723437 0.295312 0.725000 0.287500 0.725000 0.285938 0.723437 0.285938 0.720313 0.289062 0.717187 0.292187 0.717187 0.293750 0.715625 0.295312 0.715625 0.296875 0.714063 0.298438 0.714063 0.300000 0.712500 0.300000 0.710938
0 0.225000 0.696875 0.223438 0.698438 0.223438 0.701562 0.226562 0.701562 0.228125 0.700000 0.228125 0.698438 0.229687 0.696875
0 0.235937 0.664062 0.234375 0.665625 0.235937 0.667188 0.235937 0.673438 0.235937 0.671875 0.237500 0.670312 0.242188 0.670312 0.243750 0.668750 0.243750 0.665625 0.242188 0.664062
0 0.395313 0.235937 0.393750 0.237500 0.392188 0.237500 0.390625 0.239063 0.373437 0.239063 0.371875 0.237500 0.370312 0.239063 0.360938 0.239063 0.359375 0.240625 0.359375 0.243750 0.357812 0.245312 0.357812 0.250000 0.356250 0.251563 0.356250 0.262500 0.354687 0.264062 0.354687 0.265625 0.353125 0.267188 0.353125 0.275000 0.351562 0.276562 0.351562 0.290625 0.350000 0.292187 0.350000 0.298438 0.348438 0.300000 0.348438 0.307812 0.346875 0.309375 0.346875 0.310937 0.342187 0.315625 0.339062 0.315625 0.337500 0.317188 0.335938 0.317188 0.334375 0.315625 0.329688 0.315625 0.328125 0.317188 0.326562 0.317188 0.326562 0.318750 0.325000 0.320312 0.325000 0.323437 0.323437 0.325000 0.323437 0.329688 0.321875 0.331250 0.321875 0.337500 0.320312 0.339062 0.320312 0.345313 0.318750 0.346875 0.318750 0.348438 0.317188 0.350000 0.317188 0.351562 0.315625 0.353125 0.315625 0.356250 0.314063 0.357812 0.314063 0.364063 0.312500 0.365625 0.312500 0.367188 0.310937 0.368750 0.312500 0.370312 0.312500 0.371875 0.310937 0.373437 0.310937 0.376563 0.309375 0.378125 0.309375 0.381250 0.307812 0.382812 0.307812 0.393750 0.306250 0.395313 0.306250 0.398438 0.304688 0.400000 0.304688 0.404687 0.303125 0.406250 0.303125 0.407813 0.301563 0.409375 0.301563 0.414062 0.300000 0.415625 0.300000 0.420312 0.298438 0.421875 0.298438 0.428125 0.296875 0.429688 0.296875 0.434375 0.295312 0.435937 0.295312 0.437500 0.293750 0.439063 0.293750 0.443750 0.292187 0.445312 0.292187 0.454688 0.290625 0.456250 0.290625 0.459375 0.287500 0.462500 0.287500 0.468750 0.292187 0.468750 0.293750 0.470313 0.290625 0.473438 0.289062 0.473438 0.287500 0.471875 0.285938 0.473438 0.285938 0.475000 0.284375 0.476562 0.284375 0.479687 0.282813 0.481250 0.282813 0.485938 0.284375 0.487500 0.285938 0.487500 0.287500 0.489063 0.285938 0.490625 0.282813 0.490625 0.282813 0.492188 0.281250 0.493750 0.281250 0.498437 0.279687 0.500000 0.279687 0.504687 0.276562 0.507812 0.276562 0.514062 0.275000 0.515625 0.275000 0.520312 0.273438 0.521875 0.273438 0.523438 0.271875 0.525000 0.271875 0.528125 0.270313 0.529687 0.270313 0.535937 0.265625 0.540625 0.265625 0.548438 0.267188 0.550000 0.267188 0.551562 0.264062 0.554688 0.264062 0.560937 0.265625 0.562500 0.265625 0.567187 0.260937 0.571875 0.259375 0.571875 0.259375 0.584375 0.257812 0.585938 0.256250 0.585938 0.254688 0.587500 0.254688 0.598437 0.250000 0.603125 0.250000 0.614062 0.245312 0.618750 0.245312 0.621875 0.246875 0.623437 0.246875 0.625000 0.248438 0.626563 0.248438 0.629687 0.245312 0.632812 0.243750 0.632812 0.243750 0.634375 0.242188 0.635938 0.242188 0.637500 0.243750 0.639062 0.245312 0.639062 0.246875 0.637500 0.250000 0.640625 0.250000 0.645312 0.246875 0.648438 0.239063 0.648438 0.239063 0.654687 0.240625 0.654687 0.242188 0.656250 0.243750 0.656250 0.246875 0.653125 0.250000 0.656250 0.250000 0.659375 0.251563 0.660937 0.250000 0.662500 0.250000 0.664062 0.248438 0.665625 0.248438 0.667188 0.250000 0.668750 0.250000 0.670312 0.251563 0.671875 0.251563 0.675000 0.251563 0.673438 0.254688 0.670312 0.262500 0.670312 0.264062 0.671875 0.264062 0.673438 0.265625 0.675000 0.265625 0.676562 0.262500 0.679688 0.254688 0.679688 0.253125 0.678125 0.251563 0.678125 0.250000 0.679688 0.248438 0.679688 0.246875 0.681250 0.245312 0.679688 0.240625 0.679688 0.239063 0.678125 0.234375 0.678125 0.232813 0.679688 0.231250 0.679688 0.229687 0.681250 0.229687 0.682813 0.228125 0.684375 0.229687 0.684375 0.231250 0.682813 0.232813 0.684375 0.232813 0.685937 0.234375 0.687500 0.234375 0.689063 0.235937 0.690625 0.239063 0.690625 0.245312 0.684375 0.245312 0.682813 0.246875 0.681250 0.251563 0.685937 0.251563 0.687500 0.254688 0.690625 0.256250 0.689063 0.256250 0.687500 0.257812 0.685937 0.259375 0.685937 0.262500 0.682813 0.265625 0.685937 0.265625 0.687500 0.267188 0.689063 0.267188 0.692187 0.262500 0.696875 0.260937 0.696875 0.259375 0.695312 0.256250 0.695312 0.254688 0.693750 0.253125 0.693750 0.251563 0.695312 0.250000 0.695312 0.248438 0.696875 0.243750 0.696875 0.242188 0.695312 0.240625 0.695312 0.239063 0.693750 0.234375 0.693750 0.232813 0.695312 0.232813 0.698438 0.234375 0.700000 0.234375 0.703125 0.235937 0.704688 0.235937 0.707812 0.234375 0.709375 0.234375 0.710938 0.232813 0.712500 0.234375 0.714063 0.234375 0.721875 0.235937 0.723437 0.234375 0.725000 0.234375 0.726562 0.232813 0.728125 0.234375 0.729688 0.234375 0.737500 0.235937 0.739062 0.234375 0.740625 0.234375 0.742188 0.232813 0.743750 0.235937 0.746875 0.240625 0.746875 0.240625 0.745313 0.242188 0.743750 0.240625 0.742188 0.239063 0.742188 0.235937 0.739062 0.242188 0.732812 0.246875 0.732812 0.250000 0.729688 0.253125 0.729688 0.254688 0.728125 0.256250 0.728125 0.256250 0.726562 0.254688 0.725000 0.253125 0.725000 0.251563 0.726562 0.245312 0.726562 0.243750 0.728125 0.242188 0.726562 0.240625 0.726562 0.237500 0.723437 0.237500 0.721875 0.239063 0.720313 0.239063 0.717187 0.240625 0.715625 0.240625 0.710938 0.237500 0.707812 0.237500 0.706250 0.240625 0.703125 0.240625 0.701562 0.245312 0.696875 0.246875 0.696875 0.250000 0.700000 0.250000 0.701562 0.251563 0.703125 0.251563 0.704688 0.254688 0.707812 0.253125 0.709375 0.251563 0.709375 0.250000 0.710938 0.248438 0.710938 0.246875 0.712500 0.246875 0.714063 0.248438 0.714063 0.251563 0.717187 0.251563 0.720313 0.253125 0.720313 0.257812 0.715625 0.257812 0.710938 0.254688 0.707812 0.254688 0.703125 0.256250 0.701562 0.257812 0.701562 0.262500 0.696875 0.265625 0.700000 0.265625 0.701562 0.267188 0.703125 0.268750 0.703125 0.270313 0.701562 0.271875 0.701562 0.271875 0.698438 0.273438 0.696875 0.271875 0.695312 0.271875 0.687500 0.273438 0.685937 0.276562 0.685937 0.278125 0.687500 0.289062 0.687500 0.290625 0.685937 0.292187 0.687500 0.293750 0.687500 0.295312 0.689063 0.295312 0.693750 0.293750 0.695312 0.292187 0.695312 0.290625 0.696875 0.289062 0.695312 0.287500 0.695312 0.285938 0.693750 0.284375 0.695312 0.278125 0.695312 0.278125 0.696875 0.279687 0.698438 0.282813 0.698438 0.284375 0.700000 0.284375 0.701562 0.298438 0.701562 0.298438 0.700000 0.301563 0.696875 0.301563 0.692187 0.303125 0.690625 0.303125 0.687500 0.306250 0.684375 0.309375 0.687500 0.309375 0.715625 0.307812 0.717187 0.307812 0.739062 0.306250 0.740625 0.306250 0.753125 0.304688 0.754687 0.304688 0.765625 0.303125 0.767188 0.303125 0.771875 0.301563 0.773438 0.301563 0.779687 0.300000 0.781250 0.300000 0.787500 0.296875 0.790625 0.295312 0.789062 0.293750 0.789062 0.293750 0.790625 0.287500 0.796875 0.281250 0.796875 0.279687 0.798438 0.279687 0.800000 0.281250 0.801562 0.278125 0.804688 0.278125 0.806250 0.276562 0.807813 0.273438 0.807813 0.270313 0.804688 0.267188 0.804688 0.265625 0.806250 0.265625 0.807813 0.267188 0.809375 0.267188 0.812500 0.268750 0.810937 0.276562 0.810937 0.278125 0.812500 0.278125 0.814063 0.279687 0.815625 0.279687 0.817187 0.273438 0.823438 0.271875 0.823438 0.270313 0.821875 0.267188 0.821875 0.264062 0.818750 0.262500 0.820312 0.262500 0.826562 0.264062 0.826562 0.264062 0.825000 0.267188 0.821875 0.270313 0.821875 0.271875 0.823438 0.271875 0.826562 0.273438 0.826562 0.276562 0.829688 0.275000 0.831250 0.275000 0.832812 0.273438 0.834375 0.271875 0.834375 0.270313 0.835938 0.265625 0.835938 0.264062 0.834375 0.264062 0.832812 0.262500 0.832812 0.260937 0.834375 0.260937 0.835938 0.257812 0.839063 0.257812 0.840625 0.256250 0.842187 0.256250 0.843750 0.254688 0.845313 0.251563 0.842187 0.251563 0.839063 0.253125 0.837500 0.251563 0.835938 0.250000 0.837500 0.251563 0.839063 0.251563 0.845313 0.254688 0.845313 0.256250 0.846875 0.256250 0.850000 0.254688 0.851562 0.253125 0.851562 0.248438 0.856250 0.250000 0.857812 0.250000 0.859375 0.251563 0.860938 0.251563 0.870313 0.253125 0.871875 0.253125 0.885938 0.251563 0.887500 0.251563 0.890625 0.253125 0.892188 0.250000 0.895312 0.248438 0.893750 0.246875 0.893750 0.245312 0.895312 0.240625 0.895312 0.239063 0.893750 0.237500 0.895312 0.229687 0.895312 0.228125 0.896875 0.223438 0.892188 0.223438 0.881250 0.221875 0.882812 0.218750 0.882812 0.217188 0.881250 0.215625 0.881250 0.214062 0.882812 0.214062 0.884375 0.210938 0.887500 0.214062 0.890625 0.214062 0.910937 0.210938 0.914062 0.207813 0.914062 0.206250 0.915625 0.204687 0.915625 0.204687 0.923438 0.206250 0.923438 0.207813 0.925000 0.209375 0.925000 0.210938 0.923438 0.212500 0.925000 0.212500 0.926562 0.210938 0.928125 0.207813 0.928125 0.206250 0.929688 0.201563 0.929688 0.201563 0.932813 0.203125 0.934375 0.204687 0.934375 0.207813 0.937500 0.207813 0.939063 0.207813 0.937500 0.210938 0.934375 0.210938 0.929688 0.212500 0.928125 0.214062 0.929688 0.217188 0.929688 0.217188 0.923438 0.220312 0.920312 0.225000 0.920312 0.226562 0.918750 0.229687 0.918750 0.231250 0.917188 0.232813 0.918750 0.235937 0.918750 0.237500 0.917188 0.237500 0.914062 0.234375 0.910937 0.229687 0.910937 0.228125 0.912500 0.226562 0.910937 0.225000 0.910937 0.223438 0.909375 0.223438 0.907813 0.226562 0.904687 0.239063 0.904687 0.242188 0.901563 0.243750 0.901563 0.245312 0.903125 0.246875 0.903125 0.248438 0.904687 0.248438 0.906250 0.250000 0.907813 0.250000 0.912500 0.246875 0.915625 0.246875 0.934375 0.251563 0.934375 0.253125 0.935937 0.253125 0.942187 0.251563 0.943750 0.250000 0.943750 0.248438 0.945312 0.246875 0.945312 0.243750 0.948438 0.243750 0.950000 0.245312 0.951562 0.253125 0.951562 0.254688 0.953125 0.256250 0.951562 0.262500 0.951562 0.264062 0.950000 0.268750 0.950000 0.268750 0.946875 0.267188 0.945312 0.265625 0.945312 0.264062 0.943750 0.264062 0.939063 0.267188 0.935937 0.271875 0.935937 0.273438 0.934375 0.279687 0.934375 0.281250 0.935937 0.281250 0.937500 0.282813 0.939063 0.282813 0.934375 0.284375 0.932813 0.284375 0.929688 0.282813 0.928125 0.281250 0.928125 0.279687 0.929688 0.279687 0.932813 0.278125 0.934375 0.276562 0.932813 0.275000 0.932813 0.273438 0.931250 0.273438 0.929688 0.271875 0.928125 0.271875 0.923438 0.275000 0.920312 0.278125 0.920312 0.281250 0.923438 0.281250 0.925000 0.282813 0.925000 0.282813 0.921875 0.284375 0.920312 0.284375 0.918750 0.285938 0.917188 0.285938 0.912500 0.284375 0.910937 0.287500 0.907813 0.287500 0.906250 0.285938 0.904687 0.285938 0.903125 0.287500 0.901563 0.287500 0.896875 0.285938 0.895312 0.285938 0.893750 0.287500 0.892188 0.285938 0.890625 0.285938 0.889062 0.284375 0.887500 0.285938 0.885938 0.285938 0.881250 0.284375 0.879687 0.285938 0.878125 0.285938 0.864062 0.289062 0.860938 0.289062 0.859375 0.287500 0.857812 0.287500 0.853125 0.285938 0.851562 0.284375 0.851562 0.281250 0.848437 0.287500 0.842187 0.290625 0.842187 0.293750 0.845313 0.293750 0.846875 0.295312 0.848437 0.293750 0.850000 0.293750 0.853125 0.292187 0.854688 0.292187 0.860938 0.293750 0.862500 0.293750 0.864062 0.295312 0.865625 0.295312 0.871875 0.293750 0.873437 0.293750 0.887500 0.292187 0.889062 0.292187 0.925000 0.290625 0.926562 0.290625 0.931250 0.289062 0.932813 0.289062 0.935937 0.290625 0.937500 0.290625 0.940625 0.289062 0.942187 0.289062 0.943750 0.285938 0.946875 0.282813 0.943750 0.281250 0.945312 0.281250 0.948438 0.284375 0.948438 0.285938 0.946875 0.287500 0.948438 0.287500 0.954688 0.289062 0.956250 0.289062 0.957812 0.287500 0.959375 0.287500 0.960938 0.285938 0.962500 0.287500 0.964063 0.287500 0.973437 0.284375 0.976562 0.284375 0.978125 0.282813 0.979688 0.282813 0.981250 0.284375 0.982812 0.284375 0.984375 0.285938 0.985938 0.284375 0.987500 0.284375 0.990625 0.282813 0.992188 0.282813 0.998437 0.506250 0.998437 0.506250 0.990625 0.504687 0.989062 0.504687 0.978125 0.503125 0.976562 0.503125 0.975000 0.501563 0.973437 0.501563 0.962500 0.500000 0.960938 0.500000 0.951562 0.498437 0.950000 0.498437 0.945312 0.496875 0.943750 0.496875 0.939063 0.495312 0.937500 0.495312 0.931250 0.493750 0.929688 0.493750 0.923438 0.492188 0.921875 0.492188 0.909375 0.490625 0.907813 0.490625 0.898438 0.489063 0.896875 0.489063 0.890625 0.487500 0.889062 0.487500 0.882812 0.485938 0.881250 0.485938 0.870313 0.484375 0.868750 0.484375 0.865625 0.487500 0.862500 0.490625 0.862500 0.492188 0.860938 0.493750 0.860938 0.495312 0.859375 0.512500 0.859375 0.514062 0.857812 0.526563 0.857812 0.528125 0.856250 0.540625 0.856250 0.542188 0.854688 0.556250 0.854688 0.557813 0.853125 0.562500 0.853125 0.564063 0.854688 0.565625 0.853125 0.573438 0.853125 0.575000 0.851562 0.576562 0.851562 0.578125 0.853125 0.579688 0.851562 0.598437 0.851562 0.600000 0.850000 0.609375 0.850000 0.610938 0.848437 0.621875 0.848437 0.623437 0.846875 0.643750 0.846875 0.645312 0.845313 0.654687 0.845313 0.656250 0.843750 0.676562 0.843750 0.678125 0.842187 0.682813 0.842187 0.684375 0.843750 0.685937 0.843750 0.687500 0.845313 0.687500 0.846875 0.690625 0.850000 0.690625 0.851562 0.693750 0.854688 0.693750 0.857812 0.695312 0.859375 0.695312 0.860938 0.696875 0.862500 0.696875 0.864062 0.701562 0.868750 0.701562 0.871875 0.703125 0.873437 0.703125 0.875000 0.706250 0.878125 0.706250 0.881250 0.707812 0.882812 0.707812 0.884375 0.709375 0.885938 0.709375 0.887500 0.710938 0.889062 0.710938 0.890625 0.714063 0.893750 0.714063 0.895312 0.717187 0.898438 0.717187 0.903125 0.718750 0.904687 0.718750 0.906250 0.721875 0.909375 0.721875 0.912500 0.723437 0.914062 0.723437 0.915625 0.726562 0.918750 0.726562 0.921875 0.728125 0.923438 0.728125 0.926562 0.731250 0.929688 0.731250 0.934375 0.732812 0.935937 0.732812 0.937500 0.735938 0.940625 0.735938 0.942187 0.737500 0.943750 0.737500 0.946875 0.739062 0.948438 0.739062 0.950000 0.740625 0.951562 0.740625 0.953125 0.742188 0.954688 0.742188 0.956250 0.743750 0.957812 0.743750 0.959375 0.746875 0.962500 0.746875 0.967187 0.750000 0.970313 0.750000 0.971875 0.751563 0.973437 0.751563 0.975000 0.753125 0.976562 0.753125 0.979688 0.754687 0.981250 0.754687 0.982812 0.756250 0.984375 0.756250 0.985938 0.757812 0.987500 0.757812 0.989062 0.759375 0.990625 0.759375 0.993750 0.762500 0.996875 0.762500 0.998437 0.940625 0.998437 0.942187 0.996875 0.943750 0.998437 0.954688 0.998437 0.954688 0.996875 0.956250 0.995313 0.959375 0.995313 0.960938 0.996875 0.960938 0.998437 0.971875 0.998437 0.973437 0.996875 0.975000 0.998437 0.998437 0.998437 0.998437 0.945312 0.995313 0.942187 0.996875 0.940625 0.998437 0.940625 0.998437 0.928125 0.996875 0.926562 0.998437 0.925000 0.998437 0.898438 0.996875 0.898438 0.993750 0.895312 0.996875 0.892188 0.998437 0.892188 0.998437 0.848437 0.995313 0.845313 0.995313 0.843750 0.996875 0.842187 0.998437 0.842187 0.998437 0.542188 0.993750 0.537500 0.992188 0.537500 0.989062 0.534375 0.987500 0.534375 0.981250 0.528125 0.979688 0.528125 0.976562 0.525000 0.975000 0.525000 0.973437 0.523438 0.971875 0.523438 0.970313 0.521875 0.964063 0.521875 0.962500 0.520312 0.960938 0.520312 0.959375 0.518750 0.957812 0.518750 0.956250 0.517188 0.954688 0.517188 0.953125 0.515625 0.951562 0.515625 0.948438 0.512500 0.946875 0.512500 0.942187 0.507812 0.940625 0.507812 0.939063 0.506250 0.935937 0.506250 0.934375 0.504687 0.932813 0.504687 0.923438 0.495312 0.920312 0.495312 0.918750 0.493750 0.917188 0.493750 0.914062 0.490625 0.912500 0.490625 0.910937 0.489063 0.909375 0.489063 0.907813 0.487500 0.904687 0.487500 0.898438 0.481250 0.896875 0.481250 0.895312 0.479687 0.893750 0.479687 0.892188 0.478125 0.889062 0.478125 0.887500 0.476562 0.885938 0.476562 0.884375 0.475000 0.882812 0.475000 0.879687 0.471875 0.878125 0.471875 0.876563 0.470313 0.875000 0.470313 0.873437 0.468750 0.871875 0.468750 0.865625 0.462500 0.864062 0.462500 0.862500 0.460938 0.859375 0.460938 0.857812 0.459375 0.854688 0.459375 0.851562 0.456250 0.850000 0.456250 0.848437 0.454688 0.846875 0.454688 0.845313 0.453125 0.843750 0.453125 0.842187 0.451562 0.840625 0.451562 0.839063 0.450000 0.837500 0.450000 0.832812 0.445312 0.828125 0.445312 0.826562 0.443750 0.823438 0.443750 0.820312 0.440625 0.818750 0.440625 0.815625 0.437500 0.814063 0.437500 0.810937 0.434375 0.809375 0.434375 0.804688 0.429688 0.803125 0.429688 0.801562 0.428125 0.800000 0.428125 0.798438 0.426563 0.793750 0.426563 0.792188 0.425000 0.790625 0.425000 0.785937 0.420312 0.784375 0.420312 0.781250 0.417187 0.779687 0.417187 0.778125 0.415625 0.776563 0.415625 0.773438 0.412500 0.771875 0.412500 0.770312 0.410938 0.768750 0.410938 0.767188 0.409375 0.762500 0.409375 0.757812 0.404687 0.756250 0.404687 0.754687 0.403125 0.753125 0.403125 0.750000 0.400000 0.748437 0.400000 0.746875 0.398438 0.745313 0.398438 0.743750 0.396875 0.742188 0.396875 0.739062 0.393750 0.737500 0.393750 0.735938 0.392188 0.734375 0.392188 0.731250 0.389062 0.729688 0.389062 0.723437 0.382812 0.720313 0.382812 0.718750 0.381250 0.715625 0.381250 0.712500 0.378125 0.710938 0.378125 0.707812 0.375000 0.704688 0.375000 0.700000 0.370312 0.698438 0.370312 0.695312 0.367188 0.693750 0.367188 0.692187 0.365625 0.690625 0.365625 0.689063 0.364063 0.684375 0.364063 0.679688 0.359375 0.678125 0.359375 0.676562 0.357812 0.673438 0.357812 0.670312 0.354687 0.668750 0.354687 0.660937 0.346875 0.657813 0.346875 0.656250 0.345313 0.654687 0.345313 0.651563 0.342187 0.650000 0.342187 0.646875 0.339062 0.646875 0.337500 0.645312 0.335938 0.643750 0.335938 0.642188 0.334375 0.640625 0.334375 0.639062 0.332813 0.637500 0.332813 0.632812 0.328125 0.631250 0.328125 0.629687 0.326562 0.621875 0.326562 0.620313 0.325000 0.615625 0.325000 0.614062 0.326562 0.501563 0.326562 0.500000 0.325000 0.485938 0.325000 0.484375 0.323437 0.484375 0.321875 0.479687 0.317188 0.478125 0.317188 0.476562 0.315625 0.476562 0.314063 0.475000 0.312500 0.473438 0.312500 0.471875 0.310937 0.470313 0.310937 0.468750 0.309375 0.468750 0.306250 0.459375 0.296875 0.459375 0.295312 0.457813 0.293750 0.457813 0.292187 0.456250 0.290625 0.456250 0.289062 0.454688 0.287500 0.454688 0.281250 0.457813 0.278125 0.456250 0.276562 0.456250 0.273438 0.457813 0.271875 0.457813 0.268750 0.454688 0.265625 0.454688 0.264062 0.453125 0.262500 0.453125 0.259375 0.450000 0.256250 0.450000 0.254688 0.448437 0.254688 0.443750 0.250000 0.439063 0.250000 0.437500 0.248438 0.435937 0.248438 0.434375 0.246875 0.434375 0.243750 0.431250 0.246875 0.428125 0.243750 0.421875 0.243750 0.420312 0.242188 0.414062 0.242188 0.412500 0.240625 0.410938 0.240625 0.409375 0.239063 0.407813 0.239063 0.404687 0.235937