0 0.931250 0.989062 0.931250 0.992188 0.929688 0.993750 0.931250 0.995313
0 0.942187 0.985938 0.942187 0.990625 0.940625 0.992188 0.940625 0.993750 0.942187 0.995313 0.943750 0.995313 0.945312 0.993750 0.945312 0.985938
0 0.962500 0.984375 0.962500 0.995313 0.964063 0.996875 0.964063 0.998437 0.970313 0.998437 0.970313 0.995313 0.968750 0.993750 0.970313 0.992188 0.970313 0.989062 0.965625 0.984375
0 0.850000 0.984375 0.848437 0.985938 0.850000 0.985938
0 0.921875 0.982812 0.920312 0.984375 0.917188 0.984375 0.915625 0.985938 0.917188 0.987500 0.917188 0.989062 0.920312 0.992188 0.920312 0.993750 0.921875 0.995313 0.921875 0.998437 0.923438 0.998437 0.923438 0.996875 0.925000 0.995313 0.925000 0.992188 0.923438 0.990625 0.923438 0.984375
0 0.873437 0.982812 0.870313 0.985938 0.871875 0.987500 0.873437 0.987500 0.876563 0.990625 0.876563 0.993750 0.876563 0.982812
0 0.781250 0.976562 0.779687 0.978125 0.778125 0.978125 0.779687 0.979688 0.781250 0.978125 0.782813 0.978125 0.782813 0.976562
0 0.873437 0.968750 0.871875 0.970313 0.873437 0.971875 0.873437 0.973437 0.875000 0.975000 0.875000 0.978125 0.876563 0.978125 0.876563 0.976562 0.875000 0.975000 0.876563 0.973437 0.876563 0.968750
0 0.828125 0.968750 0.826562 0.970313 0.826562 0.971875 0.828125 0.973437 0.825000 0.976562 0.825000 0.978125 0.826562 0.978125 0.828125 0.979688 0.829688 0.979688 0.829688 0.971875 0.831250 0.970313 0.829688 0.968750
0 0.804688 0.968750 0.804688 0.970313 0.806250 0.971875 0.806250 0.968750
0 0.782813 0.968750 0.782813 0.971875 0.785937 0.971875 0.785937 0.968750
0 0.762500 0.965625 0.760938 0.967187 0.759375 0.967187 0.756250 0.970313 0.757812 0.971875 0.757812 0.975000 0.762500 0.975000 0.764062 0.973437 0.764062 0.971875 0.765625 0.970313 0.764062 0.968750 0.764062 0.967187
0 0.785937 0.953125 0.784375 0.954688 0.785937 0.956250 0.785937 0.960938 0.785937 0.957812 0.787500 0.956250 0.787500 0.953125
0 0.740625 0.953125 0.739062 0.954688 0.739062 0.960938 0.737500 0.962500 0.739062 0.964063 0.739062 0.970313 0.740625 0.970313 0.740625 0.965625 0.742188 0.964063 0.742188 0.957812 0.743750 0.956250 0.743750 0.953125
0 0.718750 0.953125 0.718750 0.954688 0.717187 0.956250 0.717187 0.959375 0.715625 0.960938 0.715625 0.964063 0.717187 0.965625 0.718750 0.965625 0.720313 0.964063 0.720313 0.962500 0.721875 0.960938 0.721875 0.957812 0.723437 0.956250 0.723437 0.953125
0 0.762500 0.951562 0.762500 0.959375 0.767188 0.954688 0.764062 0.951562
0 0.676562 0.951562 0.676562 0.953125 0.675000 0.954688 0.675000 0.959375 0.673438 0.960938 0.673438 0.962500 0.676562 0.962500 0.676562 0.959375 0.678125 0.957812 0.678125 0.951562
0 0.657813 0.943750 0.656250 0.945312 0.656250 0.948438 0.657813 0.948438 0.659375 0.946875 0.659375 0.945312
0 0.376563 0.940625 0.376563 0.942187 0.381250 0.942187 0.382812 0.943750 0.387500 0.943750 0.389062 0.942187 0.378125 0.942187
0 0.723437 0.939063 0.723437 0.943750 0.721875 0.945312 0.721875 0.946875 0.723437 0.946875 0.723437 0.943750 0.725000 0.942187 0.725000 0.939063
0 0.617188 0.937500 0.615625 0.939063 0.615625 0.940625 0.614062 0.942187 0.614062 0.945312 0.612500 0.946875 0.614062 0.948438 0.615625 0.946875 0.615625 0.942187 0.618750 0.939063 0.618750 0.937500
0 0.595313 0.937500 0.593750 0.939063 0.593750 0.943750 0.590625 0.946875 0.590625 0.948438 0.589063 0.950000 0.590625 0.951562 0.592187 0.951562 0.592187 0.948438 0.595313 0.945312 0.595313 0.942187 0.596875 0.940625 0.596875 0.939063
0 0.551562 0.937500 0.551562 0.940625 0.553125 0.939063 0.553125 0.937500
0 0.531250 0.937500 0.531250 0.940625 0.532813 0.940625 0.532813 0.937500
0 0.703125 0.935937 0.701562 0.937500 0.701562 0.939063 0.703125 0.940625 0.704688 0.940625 0.704688 0.937500
0 0.660937 0.935937 0.657813 0.939063 0.657813 0.940625 0.660937 0.940625 0.662500 0.939063 0.662500 0.937500
0 0.401562 0.931250 0.401562 0.932813 0.403125 0.934375 0.403125 0.935937 0.401562 0.937500 0.403125 0.939063 0.403125 0.934375 0.404687 0.932813 0.404687 0.931250
0 0.642188 0.929688 0.640625 0.931250 0.642188 0.931250
0 0.535937 0.929688 0.534375 0.931250 0.535937 0.932813 0.537500 0.931250 0.537500 0.929688
0 0.493750 0.929688 0.492188 0.931250 0.493750 0.931250
0 0.473438 0.928125 0.470313 0.931250 0.470313 0.934375 0.471875 0.932813 0.473438 0.932813 0.475000 0.931250 0.475000 0.928125
0 0.478125 0.921875 0.476562 0.923438 0.476562 0.925000 0.478125 0.923438
0 0.456250 0.921875 0.453125 0.925000 0.453125 0.929688 0.454688 0.929688 0.454688 0.928125 0.459375 0.923438 0.457813 0.921875
0 0.415625 0.921875 0.414062 0.923438 0.415625 0.923438
0 0.376563 0.921875 0.375000 0.923438 0.375000 0.931250 0.376563 0.932813 0.378125 0.931250 0.378125 0.926562 0.379688 0.925000 0.381250 0.925000 0.384375 0.928125 0.384375 0.929688 0.387500 0.926562 0.389062 0.926562 0.390625 0.925000 0.392188 0.925000 0.393750 0.926562 0.393750 0.928125 0.395313 0.929688 0.395313 0.931250 0.396875 0.931250 0.396875 0.921875 0.392188 0.921875 0.390625 0.923438 0.385937 0.923438 0.384375 0.921875 0.382812 0.923438 0.378125 0.923438
0 0.501563 0.915625 0.501563 0.918750 0.501563 0.917188 0.503125 0.915625
0 0.360938 0.914062 0.359375 0.915625 0.360938 0.915625
0 0.525000 0.910937 0.525000 0.912500 0.520312 0.917188 0.520312 0.920312 0.517188 0.923438 0.517188 0.925000 0.515625 0.926562 0.515625 0.929688 0.514062 0.931250 0.512500 0.931250 0.512500 0.935937 0.514062 0.934375 0.514062 0.931250 0.520312 0.925000 0.520312 0.923438 0.521875 0.921875 0.521875 0.917188 0.525000 0.914062
0 0.407813 0.906250 0.406250 0.907813 0.407813 0.907813
0 0.003125 0.901563 0.001563 0.903125 0.000000 0.903125 0.000000 0.998437 0.720313 0.998437 0.718750 0.996875 0.717187 0.996875 0.714063 0.993750 0.701562 0.993750 0.700000 0.992188 0.684375 0.992188 0.682813 0.990625 0.670312 0.990625 0.668750 0.989062 0.665625 0.989062 0.664062 0.987500 0.650000 0.987500 0.648438 0.985938 0.643750 0.985938 0.642188 0.984375 0.634375 0.984375 0.632812 0.982812 0.626563 0.982812 0.625000 0.981250 0.620313 0.981250 0.618750 0.979688 0.604688 0.979688 0.603125 0.978125 0.595313 0.978125 0.593750 0.976562 0.579688 0.976562 0.578125 0.975000 0.567187 0.975000 0.565625 0.973437 0.559375 0.973437 0.557813 0.971875 0.545312 0.971875 0.543750 0.970313 0.539062 0.970313 0.537500 0.968750 0.526563 0.968750 0.525000 0.967187 0.512500 0.967187 0.510938 0.965625 0.506250 0.965625 0.504687 0.964063 0.493750 0.964063 0.492188 0.962500 0.484375 0.962500 0.482812 0.960938 0.471875 0.960938 0.470313 0.959375 0.456250 0.959375 0.454688 0.957812 0.446875 0.957812 0.445312 0.956250 0.431250 0.956250 0.429688 0.954688 0.421875 0.954688 0.420312 0.953125 0.412500 0.953125 0.410938 0.951562 0.400000 0.951562 0.398438 0.950000 0.395313 0.950000 0.393750 0.948438 0.373437 0.948438 0.371875 0.946875 0.367188 0.946875 0.365625 0.945312 0.353125 0.945312 0.351562 0.943750 0.334375 0.943750 0.332813 0.942187 0.323437 0.942187 0.321875 0.940625 0.304688 0.940625 0.303125 0.939063 0.292187 0.939063 0.290625 0.937500 0.284375 0.937500 0.282813 0.935937 0.273438 0.935937 0.271875 0.934375 0.270313 0.934375 0.268750 0.935937 0.265625 0.935937 0.262500 0.932813 0.262500 0.928125 0.264062 0.926562 0.264062 0.920312 0.262500 0.918750 0.257812 0.923438 0.256250 0.923438 0.254688 0.925000 0.250000 0.925000 0.248438 0.926562 0.246875 0.926562 0.245312 0.928125 0.242188 0.928125 0.240625 0.929688 0.225000 0.929688 0.223438 0.928125 0.203125 0.928125 0.201563 0.926562 0.195312 0.926562 0.193750 0.925000 0.179688 0.925000 0.178125 0.923438 0.170313 0.923438 0.168750 0.921875 0.160938 0.921875 0.159375 0.920312 0.150000 0.920312 0.148438 0.918750 0.142187 0.918750 0.140625 0.917188 0.123438 0.917188 0.121875 0.915625 0.115625 0.915625 0.114062 0.914062 0.101562 0.914062 0.100000 0.912500 0.084375 0.912500 0.082812 0.910937 0.076563 0.910937 0.075000 0.909375 0.064062 0.909375 0.062500 0.907813 0.056250 0.907813 0.054688 0.906250 0.037500 0.906250 0.035937 0.904687 0.025000 0.904687 0.023438 0.903125 0.017188 0.903125 0.015625 0.901563
0 0.048438 0.890625 0.046875 0.892188 0.048438 0.892188
0 0.301563 0.885938 0.300000 0.887500 0.301563 0.887500
0 0.282813 0.882812 0.282813 0.884375 0.284375 0.884375
0 0.015625 0.504687 0.014063 0.506250 0.000000 0.506250 0.000000 0.796875 0.001563 0.798438 0.000000 0.800000 0.000000 0.829688 0.001563 0.829688 0.004687 0.832812 0.015625 0.832812 0.017188 0.834375 0.032813 0.834375 0.034375 0.835938 0.043750 0.835938 0.045312 0.837500 0.053125 0.837500 0.054688 0.839063 0.067187 0.839063 0.068750 0.840625 0.075000 0.840625 0.076563 0.842187 0.098437 0.842187 0.100000 0.843750 0.118750 0.843750 0.120313 0.845313 0.128125 0.845313 0.129688 0.846875 0.143750 0.846875 0.145313 0.848437 0.153125 0.848437 0.154688 0.850000 0.179688 0.850000 0.181250 0.851562 0.192188 0.851562 0.193750 0.853125 0.198437 0.853125 0.200000 0.854688 0.218750 0.854688 0.220312 0.856250 0.228125 0.856250 0.229687 0.857812 0.242188 0.857812 0.243750 0.859375 0.260937 0.859375 0.262500 0.860938 0.271875 0.860938 0.273438 0.862500 0.287500 0.862500 0.289062 0.864062 0.295312 0.864062 0.296875 0.865625 0.309375 0.865625 0.310937 0.867188 0.328125 0.867188 0.329688 0.868750 0.335938 0.868750 0.337500 0.870313 0.350000 0.870313 0.351562 0.871875 0.359375 0.871875 0.360938 0.873437 0.367188 0.873437 0.368750 0.875000 0.392188 0.875000 0.393750 0.876563 0.401562 0.876563 0.403125 0.878125 0.420312 0.878125 0.421875 0.879687 0.423438 0.879687 0.425000 0.881250 0.440625 0.881250 0.442188 0.882812 0.457813 0.882812 0.459375 0.884375 0.471875 0.884375 0.473438 0.885938 0.481250 0.885938 0.482812 0.887500 0.490625 0.887500 0.492188 0.889062 0.503125 0.889062 0.504687 0.890625 0.523438 0.890625 0.525000 0.892188 0.534375 0.892188 0.535937 0.893750 0.550000 0.893750 0.551562 0.895312 0.556250 0.895312 0.557813 0.896875 0.568750 0.896875 0.570312 0.898438 0.584375 0.898438 0.585938 0.900000 0.595313 0.900000 0.596875 0.901563 0.612500 0.901563 0.614062 0.903125 0.615625 0.903125 0.617188 0.904687 0.629687 0.904687 0.631250 0.906250 0.650000 0.906250 0.651563 0.907813 0.660937 0.907813 0.662500 0.909375 0.670312 0.909375 0.671875 0.910937 0.679688 0.910937 0.681250 0.912500 0.682813 0.910937 0.685937 0.910937 0.687500 0.912500 0.695312 0.912500 0.696875 0.914062 0.707812 0.914062 0.709375 0.915625 0.718750 0.915625 0.720313 0.917188 0.731250 0.917188 0.732812 0.918750 0.740625 0.918750 0.742188 0.920312 0.748437 0.920312 0.750000 0.921875 0.756250 0.921875 0.757812 0.923438 0.767188 0.923438 0.768750 0.925000 0.785937 0.925000 0.787500 0.926562 0.798438 0.926562 0.800000 0.928125 0.810937 0.928125 0.812500 0.929688 0.829688 0.929688 0.831250 0.931250 0.839063 0.931250 0.840625 0.932813 0.854688 0.932813 0.856250 0.934375 0.865625 0.934375 0.867188 0.935937 0.873437 0.935937 0.875000 0.937500 0.884375 0.937500 0.885938 0.939063 0.896875 0.939063 0.898438 0.940625 0.912500 0.940625 0.914062 0.942187 0.925000 0.942187 0.926562 0.943750 0.942187 0.943750 0.943750 0.945312 0.959375 0.945312 0.960938 0.946875 0.968750 0.946875 0.970313 0.948438 0.982812 0.948438 0.984375 0.950000 0.998437 0.950000 0.998437 0.546875 0.957812 0.546875 0.956250 0.545312 0.909375 0.545312 0.907813 0.543750 0.878125 0.543750 0.876563 0.542188 0.837500 0.542188 0.835938 0.540625 0.810937 0.540625 0.809375 0.539062 0.776563 0.539062 0.775000 0.537500 0.745313 0.537500 0.743750 0.535937 0.717187 0.535937 0.715625 0.534375 0.685937 0.534375 0.684375 0.532813 0.682813 0.534375 0.681250 0.534375 0.679688 0.532813 0.665625 0.532813 0.664062 0.531250 0.648438 0.531250 0.646875 0.532813 0.643750 0.532813 0.642188 0.534375 0.626563 0.534375 0.623437 0.531250 0.621875 0.531250 0.620313 0.529687 0.589063 0.529687 0.587500 0.528125 0.550000 0.528125 0.548438 0.526563 0.520312 0.526563 0.518750 0.525000 0.484375 0.525000 0.482812 0.523438 0.448437 0.523438 0.446875 0.521875 0.403125 0.521875 0.401562 0.520312 0.370312 0.520312 0.368750 0.518750 0.326562 0.518750 0.325000 0.517188 0.306250 0.517188 0.304688 0.515625 0.287500 0.515625 0.285938 0.514062 0.248438 0.514062 0.246875 0.512500 0.214062 0.512500 0.212500 0.510938 0.137500 0.510938 0.135937 0.509375 0.118750 0.509375 0.117188 0.507812 0.062500 0.507812 0.060937 0.506250 0.026562 0.506250 0.025000 0.504687