0 0.950000 0.917188 0.948438 0.918750 0.946875 0.918750 0.946875 0.920312 0.948438 0.918750 0.950000 0.918750
0 0.931250 0.914062 0.929688 0.915625 0.929688 0.918750 0.931250 0.920312 0.931250 0.921875 0.932813 0.920312 0.934375 0.920312 0.934375 0.915625 0.932813 0.914062
0 0.992188 0.903125 0.993750 0.904687 0.993750 0.903125
0 0.960938 0.903125 0.962500 0.904687 0.962500 0.903125
0 0.948438 0.900000 0.946875 0.901563 0.946875 0.904687 0.948438 0.903125 0.950000 0.903125 0.950000 0.900000
0 0.931250 0.896875 0.929688 0.898438 0.929688 0.903125 0.931250 0.904687 0.934375 0.904687 0.935937 0.903125 0.935937 0.900000 0.934375 0.898438 0.932813 0.898438
0 0.929688 0.884375 0.929688 0.887500 0.931250 0.889062 0.932813 0.887500 0.934375 0.887500 0.934375 0.884375
0 0.914062 0.879687 0.912500 0.881250 0.912500 0.882812 0.914062 0.884375 0.914062 0.889062 0.917188 0.889062 0.918750 0.887500 0.920312 0.887500 0.920312 0.882812 0.918750 0.882812 0.915625 0.879687
0 0.885938 0.853125 0.884375 0.854688 0.884375 0.857812 0.887500 0.854688 0.887500 0.853125
0 0.626563 0.535937 0.629687 0.535937 0.631250 0.537500 0.635938 0.537500 0.637500 0.535937 0.639062 0.535937 0.640625 0.537500 0.648438 0.537500 0.650000 0.535937 0.651563 0.535937
0 0.262500 0.473438 0.260937 0.475000 0.259375 0.475000 0.257812 0.476562 0.253125 0.476562 0.251563 0.475000 0.250000 0.475000 0.248438 0.476562 0.240625 0.476562 0.239063 0.475000 0.237500 0.476562 0.234375 0.476562 0.232813 0.475000 0.225000 0.475000 0.223438 0.476562 0.171875 0.476562 0.170313 0.475000 0.162500 0.475000 0.160938 0.476562 0.154688 0.476562 0.153125 0.475000 0.148438 0.475000 0.146875 0.476562 0.139063 0.476562 0.137500 0.475000 0.135937 0.475000 0.134375 0.476562 0.123438 0.476562 0.121875 0.475000 0.115625 0.475000 0.114062 0.476562 0.109375 0.476562 0.107813 0.475000 0.096875 0.475000 0.095312 0.476562 0.093750 0.475000 0.081250 0.475000 0.079687 0.476562 0.078125 0.476562 0.076563 0.475000 0.068750 0.475000 0.067187 0.476562 0.060937 0.476562 0.059375 0.475000 0.057813 0.475000 0.056250 0.476562 0.010937 0.476562 0.009375 0.478125 0.007812 0.476562 0.003125 0.476562 0.001563 0.478125 0.000000 0.478125 0.000000 0.929688 0.001563 0.929688 0.003125 0.931250 0.012500 0.931250 0.014063 0.929688 0.034375 0.929688 0.035937 0.931250 0.034375 0.932813 0.025000 0.932813 0.021875 0.935937 0.015625 0.935937 0.014063 0.937500 0.003125 0.937500 0.003125 0.939063 0.001563 0.940625 0.001563 0.948438 0.000000 0.950000 0.000000 0.951562 0.001563 0.953125 0.001563 0.962500 0.000000 0.964063 0.000000 0.965625 0.001563 0.967187 0.001563 0.979688 0.000000 0.981250 0.001563 0.982812 0.001563 0.995313 0.003125 0.996875 0.003125 0.998437 0.456250 0.998437 0.457813 0.996875 0.459375 0.996875 0.460938 0.998437 0.462500 0.998437 0.462500 0.992188 0.464062 0.990625 0.468750 0.990625 0.473438 0.995313 0.475000 0.995313 0.476562 0.996875 0.476562 0.998437 0.675000 0.998437 0.676562 0.996875 0.678125 0.996875 0.679688 0.998437 0.689063 0.998437 0.692187 0.995313 0.695312 0.998437 0.704688 0.998437 0.707812 0.995313 0.710938 0.998437 0.718750 0.998437 0.721875 0.995313 0.725000 0.995313 0.728125 0.998437 0.734375 0.998437 0.737500 0.995313 0.740625 0.995313 0.742188 0.996875 0.742188 0.998437 0.751563 0.998437 0.754687 0.995313 0.756250 0.995313 0.759375 0.998437 0.767188 0.998437 0.770312 0.995313 0.773438 0.998437 0.784375 0.998437 0.785937 0.996875 0.787500 0.998437 0.800000 0.998437 0.801562 0.996875 0.803125 0.998437 0.893750 0.998437 0.895312 0.996875 0.896875 0.998437 0.906250 0.998437 0.909375 0.995313 0.912500 0.995313 0.914062 0.996875 0.914062 0.998437 0.921875 0.998437 0.921875 0.996875 0.923438 0.995313 0.928125 0.995313 0.931250 0.998437 0.935937 0.998437 0.935937 0.996875 0.939063 0.993750 0.943750 0.993750 0.946875 0.996875 0.946875 0.998437 0.951562 0.998437 0.951562 0.996875 0.954688 0.993750 0.959375 0.993750 0.962500 0.996875 0.962500 0.998437 0.965625 0.998437 0.970313 0.993750 0.973437 0.993750 0.975000 0.995313 0.976562 0.995313 0.978125 0.996875 0.978125 0.998437 0.979688 0.998437 0.981250 0.996875 0.982812 0.998437 0.985938 0.998437 0.989062 0.995313 0.992188 0.998437 0.995313 0.998437 0.998437 0.995313 0.998437 0.976562 0.995313 0.973437 0.995313 0.968750 0.996875 0.967187 0.998437 0.967187 0.998437 0.962500 0.995313 0.959375 0.995313 0.953125 0.998437 0.950000 0.998437 0.948438 0.995313 0.945312 0.995313 0.943750 0.993750 0.942187 0.993750 0.939063 0.995313 0.937500 0.995313 0.935937 0.996875 0.934375 0.998437 0.934375 0.995313 0.931250 0.995313 0.929688 0.993750 0.928125 0.993750 0.921875 0.995313 0.920312 0.995313 0.917188 0.990625 0.912500 0.989062 0.912500 0.985938 0.909375 0.985938 0.910937 0.981250 0.915625 0.978125 0.915625 0.978125 0.917188 0.976562 0.918750 0.978125 0.920312 0.979688 0.920312 0.981250 0.918750 0.985938 0.923438 0.985938 0.928125 0.981250 0.932813 0.978125 0.932813 0.978125 0.937500 0.981250 0.934375 0.985938 0.939063 0.985938 0.942187 0.984375 0.943750 0.984375 0.945312 0.981250 0.948438 0.979688 0.946875 0.978125 0.946875 0.976562 0.948438 0.976562 0.953125 0.978125 0.954688 0.978125 0.957812 0.975000 0.960938 0.971875 0.960938 0.970313 0.962500 0.968750 0.960938 0.967187 0.960938 0.964063 0.957812 0.964063 0.956250 0.962500 0.954688 0.965625 0.951562 0.967187 0.951562 0.968750 0.950000 0.967187 0.948438 0.967187 0.946875 0.965625 0.945312 0.964063 0.945312 0.962500 0.943750 0.962500 0.937500 0.965625 0.934375 0.965625 0.932813 0.962500 0.932813 0.962500 0.942187 0.959375 0.945312 0.959375 0.948438 0.960938 0.950000 0.960938 0.954688 0.957812 0.957812 0.957812 0.959375 0.959375 0.960938 0.959375 0.962500 0.960938 0.964063 0.960938 0.971875 0.957812 0.975000 0.957812 0.976562 0.960938 0.979688 0.960938 0.984375 0.956250 0.989062 0.956250 0.990625 0.954688 0.992188 0.951562 0.989062 0.951562 0.976562 0.950000 0.975000 0.950000 0.973437 0.948438 0.971875 0.948438 0.970313 0.951562 0.967187 0.951562 0.959375 0.948438 0.956250 0.948438 0.954688 0.950000 0.953125 0.951562 0.953125 0.954688 0.950000 0.953125 0.948438 0.953125 0.946875 0.951562 0.945312 0.950000 0.945312 0.946875 0.942187 0.946875 0.937500 0.948438 0.935937 0.950000 0.935937 0.951562 0.934375 0.951562 0.932813 0.950000 0.931250 0.946875 0.931250 0.946875 0.932813 0.945312 0.934375 0.946875 0.935937 0.946875 0.940625 0.945312 0.942187 0.945312 0.943750 0.943750 0.945312 0.945312 0.946875 0.945312 0.956250 0.943750 0.957812 0.943750 0.960938 0.945312 0.962500 0.945312 0.971875 0.942187 0.975000 0.942187 0.976562 0.943750 0.978125 0.943750 0.979688 0.945312 0.981250 0.945312 0.984375 0.939063 0.990625 0.937500 0.989062 0.937500 0.987500 0.935937 0.985938 0.935937 0.984375 0.937500 0.982812 0.937500 0.979688 0.935937 0.978125 0.935937 0.975000 0.934375 0.973437 0.934375 0.968750 0.935937 0.967187 0.935937 0.959375 0.932813 0.956250 0.932813 0.954688 0.935937 0.951562 0.935937 0.945312 0.932813 0.942187 0.932813 0.940625 0.931250 0.939063 0.934375 0.935937 0.935937 0.935937 0.935937 0.931250 0.931250 0.926562 0.931250 0.925000 0.928125 0.928125 0.928125 0.929688 0.929688 0.931250 0.929688 0.940625 0.928125 0.942187 0.928125 0.948438 0.929688 0.950000 0.929688 0.956250 0.928125 0.957812 0.926562 0.957812 0.926562 0.960938 0.928125 0.962500 0.928125 0.964063 0.929688 0.965625 0.929688 0.970313 0.926562 0.973437 0.926562 0.978125 0.929688 0.981250 0.928125 0.982812 0.928125 0.985938 0.926562 0.987500 0.925000 0.985938 0.923438 0.985938 0.921875 0.984375 0.921875 0.976562 0.920312 0.975000 0.920312 0.967187 0.921875 0.965625 0.921875 0.960938 0.920312 0.959375 0.920312 0.956250 0.918750 0.954688 0.920312 0.953125 0.920312 0.951562 0.921875 0.950000 0.920312 0.948438 0.920312 0.943750 0.918750 0.942187 0.918750 0.939063 0.920312 0.937500 0.920312 0.935937 0.921875 0.934375 0.920312 0.932813 0.920312 0.929688 0.917188 0.926562 0.917188 0.923438 0.920312 0.920312 0.920312 0.915625 0.918750 0.914062 0.918750 0.912500 0.917188 0.912500 0.915625 0.910937 0.915625 0.906250 0.917188 0.904687 0.918750 0.904687 0.920312 0.903125 0.920312 0.900000 0.915625 0.895312 0.914062 0.895312 0.912500 0.896875 0.914062 0.898438 0.914062 0.904687 0.915625 0.906250 0.915625 0.909375 0.914062 0.910937 0.912500 0.910937 0.912500 0.914062 0.914062 0.915625 0.914062 0.925000 0.910937 0.928125 0.910937 0.931250 0.912500 0.932813 0.912500 0.934375 0.914062 0.935937 0.914062 0.939063 0.910937 0.942187 0.909375 0.942187 0.909375 0.946875 0.907813 0.948438 0.906250 0.946875 0.906250 0.929688 0.904687 0.928125 0.904687 0.912500 0.903125 0.910937 0.903125 0.906250 0.906250 0.903125 0.904687 0.901563 0.904687 0.896875 0.903125 0.896875 0.900000 0.893750 0.892188 0.893750 0.890625 0.892188 0.890625 0.879687 0.889062 0.878125 0.889062 0.875000 0.892188 0.871875 0.890625 0.870313 0.890625 0.868750 0.892188 0.867188 0.893750 0.867188 0.896875 0.870313 0.896875 0.871875 0.898438 0.873437 0.898438 0.878125 0.896875 0.879687 0.895312 0.879687 0.895312 0.882812 0.896875 0.884375 0.896875 0.889062 0.898438 0.890625 0.901563 0.890625 0.903125 0.889062 0.904687 0.889062 0.906250 0.887500 0.904687 0.885938 0.904687 0.881250 0.903125 0.881250 0.901563 0.879687 0.901563 0.878125 0.900000 0.876563 0.903125 0.873437 0.909375 0.873437 0.910937 0.871875 0.914062 0.871875 0.915625 0.873437 0.917188 0.871875 0.918750 0.871875 0.918750 0.868750 0.912500 0.868750 0.910937 0.867188 0.909375 0.867188 0.907813 0.868750 0.906250 0.868750 0.904687 0.867188 0.903125 0.867188 0.901563 0.868750 0.900000 0.868750 0.896875 0.865625 0.896875 0.864062 0.895312 0.862500 0.895312 0.860938 0.893750 0.860938 0.892188 0.859375 0.890625 0.860938 0.890625 0.862500 0.887500 0.865625 0.884375 0.862500 0.879687 0.867188 0.879687 0.868750 0.881250 0.870313 0.881250 0.871875 0.882812 0.873437 0.882812 0.876563 0.879687 0.879687 0.878125 0.879687 0.878125 0.881250 0.876563 0.882812 0.875000 0.881250 0.875000 0.879687 0.873437 0.878125 0.873437 0.873437 0.875000 0.871875 0.875000 0.868750 0.871875 0.865625 0.870313 0.865625 0.868750 0.864062 0.868750 0.859375 0.871875 0.856250 0.871875 0.854688 0.873437 0.853125 0.871875 0.853125 0.870313 0.851562 0.867188 0.851562 0.865625 0.853125 0.859375 0.853125 0.857812 0.851562 0.851562 0.851562 0.850000 0.853125 0.843750 0.853125 0.842187 0.851562 0.835938 0.851562 0.834375 0.853125 0.831250 0.853125 0.829688 0.854688 0.828125 0.853125 0.823438 0.853125 0.821875 0.851562 0.818750 0.854688 0.815625 0.854688 0.814063 0.856250 0.812500 0.854688 0.800000 0.854688 0.798438 0.856250 0.792188 0.856250 0.790625 0.854688 0.785937 0.859375 0.776563 0.859375 0.775000 0.857812 0.773438 0.859375 0.731250 0.859375 0.729688 0.857812 0.731250 0.856250 0.737500 0.856250 0.739062 0.854688 0.760938 0.854688 0.762500 0.853125 0.775000 0.853125 0.776563 0.851562 0.804688 0.851562 0.806250 0.850000 0.807813 0.850000 0.809375 0.848437 0.810937 0.848437 0.812500 0.850000 0.817187 0.850000 0.818750 0.848437 0.821875 0.848437 0.823438 0.846875 0.839063 0.846875 0.840625 0.845313 0.842187 0.845313 0.843750 0.846875 0.845313 0.846875 0.846875 0.845313 0.853125 0.845313 0.854688 0.843750 0.871875 0.843750 0.873437 0.842187 0.876563 0.842187 0.878125 0.840625 0.884375 0.840625 0.885938 0.839063 0.898438 0.839063 0.900000 0.837500 0.906250 0.837500 0.907813 0.835938 0.921875 0.835938 0.923438 0.834375 0.942187 0.834375 0.943750 0.832812 0.948438 0.832812 0.950000 0.831250 0.954688 0.831250 0.956250 0.829688 0.954688 0.828125 0.951562 0.828125 0.950000 0.826562 0.948438 0.826562 0.946875 0.825000 0.945312 0.825000 0.943750 0.823438 0.943750 0.821875 0.942187 0.821875 0.940625 0.820312 0.937500 0.820312 0.935937 0.818750 0.934375 0.818750 0.932813 0.817187 0.931250 0.817187 0.929688 0.815625 0.928125 0.815625 0.926562 0.814063 0.925000 0.814063 0.923438 0.812500 0.921875 0.812500 0.920312 0.810937 0.917188 0.810937 0.912500 0.806250 0.909375 0.806250 0.907813 0.804688 0.904687 0.804688 0.903125 0.803125 0.900000 0.803125 0.896875 0.800000 0.895312 0.800000 0.893750 0.798438 0.892188 0.798438 0.889062 0.795312 0.887500 0.795312 0.881250 0.789062 0.878125 0.789062 0.876563 0.787500 0.871875 0.787500 0.870313 0.785937 0.868750 0.785937 0.865625 0.782813 0.864062 0.782813 0.860938 0.779687 0.857812 0.779687 0.854688 0.776563 0.853125 0.776563 0.848437 0.771875 0.845313 0.771875 0.843750 0.770312 0.842187 0.770312 0.840625 0.768750 0.839063 0.768750 0.832812 0.762500 0.831250 0.762500 0.829688 0.760938 0.828125 0.760938 0.825000 0.757812 0.821875 0.757812 0.820312 0.756250 0.818750 0.756250 0.815625 0.753125 0.812500 0.753125 0.809375 0.750000 0.807813 0.750000 0.801562 0.743750 0.800000 0.743750 0.798438 0.742188 0.795312 0.742188 0.793750 0.740625 0.792188 0.740625 0.790625 0.739062 0.789062 0.739062 0.787500 0.737500 0.784375 0.737500 0.781250 0.734375 0.779687 0.734375 0.776563 0.731250 0.775000 0.731250 0.770312 0.726562 0.768750 0.726562 0.767188 0.725000 0.762500 0.725000 0.759375 0.721875 0.757812 0.721875 0.754687 0.718750 0.753125 0.718750 0.751563 0.717187 0.750000 0.717187 0.748437 0.715625 0.746875 0.715625 0.740625 0.709375 0.737500 0.709375 0.735938 0.707812 0.734375 0.707812 0.732812 0.706250 0.729688 0.706250 0.725000 0.701562 0.721875 0.701562 0.718750 0.698438 0.717187 0.698438 0.715625 0.696875 0.714063 0.696875 0.710938 0.693750 0.709375 0.693750 0.707812 0.692187 0.706250 0.692187 0.704688 0.690625 0.701562 0.690625 0.698438 0.687500 0.696875 0.687500 0.693750 0.684375 0.692187 0.684375 0.690625 0.682813 0.689063 0.682813 0.685937 0.679688 0.682813 0.679688 0.679688 0.676562 0.678125 0.676562 0.676562 0.675000 0.675000 0.675000 0.671875 0.671875 0.670312 0.671875 0.667188 0.668750 0.665625 0.668750 0.660937 0.664062 0.653125 0.664062 0.651563 0.662500 0.650000 0.662500 0.648438 0.660937 0.646875 0.660937 0.640625 0.654687 0.639062 0.654687 0.635938 0.651563 0.634375 0.651563 0.631250 0.648438 0.628125 0.648438 0.626563 0.646875 0.623437 0.646875 0.621875 0.645312 0.620313 0.645312 0.617188 0.642188 0.615625 0.642188 0.612500 0.639062 0.610938 0.639062 0.607812 0.635938 0.606250 0.635938 0.601562 0.631250 0.598437 0.631250 0.595313 0.628125 0.592187 0.628125 0.589063 0.625000 0.589063 0.623437 0.587500 0.621875 0.585938 0.621875 0.581250 0.617188 0.578125 0.617188 0.576562 0.615625 0.573438 0.615625 0.570312 0.612500 0.567187 0.612500 0.565625 0.610938 0.564063 0.610938 0.562500 0.609375 0.560937 0.609375 0.559375 0.607812 0.557813 0.607812 0.553125 0.603125 0.551562 0.603125 0.550000 0.601562 0.546875 0.601562 0.545312 0.600000 0.542188 0.600000 0.540625 0.598437 0.539062 0.598437 0.537500 0.596875 0.535937 0.596875 0.532813 0.593750 0.531250 0.593750 0.529687 0.592187 0.528125 0.592187 0.525000 0.589063 0.523438 0.589063 0.520312 0.585938 0.517188 0.585938 0.515625 0.584375 0.512500 0.584375 0.509375 0.581250 0.507812 0.581250 0.503125 0.576562 0.501563 0.576562 0.495312 0.570312 0.493750 0.570312 0.490625 0.567187 0.489063 0.567187 0.487500 0.565625 0.485938 0.565625 0.484375 0.564063 0.482812 0.564063 0.479687 0.560937 0.478125 0.560937 0.476562 0.559375 0.475000 0.559375 0.471875 0.556250 0.470313 0.556250 0.468750 0.554688 0.467187 0.554688 0.465625 0.553125 0.464062 0.553125 0.462500 0.551562 0.460938 0.551562 0.459375 0.550000 0.457813 0.550000 0.456250 0.548438 0.454688 0.548438 0.453125 0.546875 0.450000 0.546875 0.445312 0.542188 0.443750 0.542188 0.440625 0.539062 0.439063 0.539062 0.437500 0.537500 0.434375 0.537500 0.432812 0.535937 0.431250 0.535937 0.425000 0.529687 0.421875 0.529687 0.420312 0.528125 0.418750 0.528125 0.417187 0.526563 0.415625 0.526563 0.414062 0.525000 0.414062 0.523438 0.412500 0.523438 0.410938 0.521875 0.407813 0.521875 0.406250 0.520312 0.403125 0.520312 0.401562 0.518750 0.400000 0.518750 0.392188 0.510938 0.390625 0.510938 0.389062 0.512500 0.387500 0.512500 0.382812 0.507812 0.382812 0.506250 0.381250 0.504687 0.373437 0.504687 0.371875 0.503125 0.370312 0.503125 0.364063 0.496875 0.364063 0.495312 0.362500 0.493750 0.357812 0.493750 0.354687 0.490625 0.353125 0.490625 0.351562 0.489063 0.350000 0.489063 0.348438 0.487500 0.346875 0.487500 0.345313 0.485938 0.340625 0.485938 0.334375 0.479687 0.332813 0.479687 0.331250 0.478125 0.323437 0.478125 0.321875 0.476562 0.318750 0.476562 0.317188 0.475000 0.264062 0.475000
0 0.228125 0.468750 0.226562 0.470313 0.228125 0.471875
0 0.164062 0.468750 0.162500 0.470313 0.156250 0.470313 0.167187 0.470313 0.165625 0.468750
0 0.064062 0.426563 0.062500 0.428125 0.031250 0.428125 0.029687 0.429688 0.020313 0.429688 0.018750 0.431250 0.014063 0.431250 0.012500 0.432812 0.000000 0.432812 0.000000 0.453125 0.001563 0.453125 0.003125 0.454688 0.003125 0.460938 0.004687 0.462500 0.004687 0.464062 0.250000 0.464062 0.253125 0.467187 0.276562 0.467187 0.278125 0.465625 0.279687 0.465625 0.281250 0.467187 0.289062 0.467187 0.290625 0.465625 0.292187 0.465625 0.289062 0.462500 0.285938 0.462500 0.284375 0.460938 0.279687 0.460938 0.278125 0.459375 0.276562 0.459375 0.275000 0.457813 0.271875 0.457813 0.270313 0.456250 0.265625 0.456250 0.264062 0.454688 0.262500 0.454688 0.260937 0.453125 0.259375 0.453125 0.257812 0.451562 0.256250 0.451562 0.254688 0.450000 0.248438 0.450000 0.246875 0.448437 0.242188 0.448437 0.240625 0.446875 0.231250 0.446875 0.229687 0.445312 0.192188 0.445312 0.190625 0.446875 0.189062 0.446875 0.187500 0.445312 0.167187 0.445312 0.165625 0.443750 0.162500 0.443750 0.160938 0.445312 0.157812 0.445312 0.156250 0.443750 0.154688 0.443750 0.153125 0.442188 0.151562 0.442188 0.150000 0.440625 0.148438 0.440625 0.143750 0.435937 0.140625 0.435937 0.139063 0.434375 0.137500 0.434375 0.135937 0.432812 0.104688 0.432812 0.103125 0.431250 0.103125 0.429688 0.104688 0.428125 0.110937 0.428125 0.112500 0.426563 0.115625 0.426563 0.117188 0.428125 0.120313 0.428125 0.121875 0.426563 0.123438 0.428125 0.131250 0.428125 0.132812 0.429688 0.137500 0.429688 0.139063 0.428125 0.140625 0.428125 0.140625 0.426563