0 0.484375 0.990625 0.484375 0.998437 0.485938 0.998437 0.485938 0.995313 0.487500 0.993750 0.485938 0.992188 0.485938 0.990625
0 0.398438 0.989062 0.398438 0.992188 0.400000 0.993750 0.400000 0.989062
0 0.392188 0.985938 0.392188 0.987500 0.390625 0.989062 0.390625 0.990625 0.392188 0.992188 0.393750 0.990625 0.393750 0.989062 0.392188 0.987500
0 0.367188 0.898438 0.367188 0.900000 0.368750 0.900000
0 0.376563 0.896875 0.375000 0.898438 0.375000 0.901563 0.373437 0.903125 0.375000 0.904687 0.375000 0.917188 0.373437 0.918750 0.375000 0.920312 0.375000 0.921875 0.376563 0.923438 0.375000 0.925000 0.375000 0.934375 0.376563 0.935937 0.376563 0.934375 0.378125 0.932813 0.378125 0.929688 0.379688 0.928125 0.381250 0.928125 0.382812 0.929688 0.382812 0.934375 0.387500 0.934375 0.390625 0.937500 0.390625 0.946875 0.389062 0.948438 0.389062 0.950000 0.390625 0.951562 0.390625 0.965625 0.392188 0.967187 0.393750 0.965625 0.393750 0.964063 0.395313 0.962500 0.396875 0.964063 0.396875 0.965625 0.400000 0.968750 0.400000 0.971875 0.400000 0.968750 0.401562 0.967187 0.404687 0.967187 0.406250 0.968750 0.406250 0.973437 0.404687 0.975000 0.404687 0.978125 0.403125 0.979688 0.400000 0.976562 0.400000 0.975000 0.398438 0.976562 0.398438 0.979688 0.400000 0.981250 0.400000 0.984375 0.401562 0.982812 0.403125 0.982812 0.406250 0.985938 0.404687 0.987500 0.404687 0.992188 0.406250 0.993750 0.406250 0.995313 0.412500 0.995313 0.414062 0.996875 0.414062 0.998437 0.440625 0.998437 0.442188 0.996875 0.443750 0.998437 0.456250 0.998437 0.457813 0.996875 0.459375 0.998437 0.468750 0.998437 0.470313 0.996875 0.471875 0.996875 0.473438 0.995313 0.475000 0.995313 0.476562 0.996875 0.478125 0.996875 0.478125 0.992188 0.479687 0.990625 0.479687 0.989062 0.478125 0.987500 0.478125 0.985938 0.475000 0.982812 0.475000 0.981250 0.470313 0.976562 0.468750 0.976562 0.467187 0.975000 0.465625 0.975000 0.464062 0.973437 0.464062 0.971875 0.462500 0.970313 0.460938 0.970313 0.459375 0.968750 0.457813 0.968750 0.454688 0.965625 0.454688 0.964063 0.446875 0.956250 0.446875 0.954688 0.443750 0.954688 0.437500 0.948438 0.437500 0.946875 0.435937 0.945312 0.434375 0.945312 0.429688 0.940625 0.428125 0.940625 0.426563 0.939063 0.425000 0.939063 0.423438 0.937500 0.421875 0.937500 0.420312 0.935937 0.420312 0.934375 0.418750 0.932813 0.418750 0.931250 0.412500 0.925000 0.412500 0.923438 0.409375 0.920312 0.409375 0.917188 0.406250 0.914062 0.404687 0.915625 0.398438 0.909375 0.395313 0.909375 0.392188 0.906250 0.390625 0.906250 0.390625 0.907813 0.389062 0.909375 0.389062 0.910937 0.387500 0.912500 0.384375 0.909375 0.384375 0.904687 0.381250 0.901563 0.379688 0.901563 0.378125 0.900000 0.378125 0.898438
0 0.359375 0.881250 0.359375 0.889062 0.360938 0.890625 0.360938 0.895312 0.359375 0.896875 0.359375 0.903125 0.360938 0.904687 0.362500 0.903125 0.362500 0.895312 0.360938 0.893750 0.360938 0.890625 0.364063 0.887500 0.360938 0.884375 0.360938 0.881250
0 0.304688 0.868750 0.306250 0.870313 0.306250 0.873437 0.306250 0.868750
0 0.345313 0.865625 0.345313 0.868750 0.343750 0.870313 0.343750 0.885938 0.345313 0.887500 0.346875 0.885938 0.346875 0.882812 0.348438 0.881250 0.350000 0.881250 0.351562 0.882812 0.351562 0.884375 0.353125 0.884375 0.353125 0.882812 0.354687 0.881250 0.354687 0.879687 0.353125 0.878125 0.353125 0.871875 0.351562 0.870313 0.350000 0.871875 0.348438 0.871875 0.346875 0.870313 0.346875 0.868750 0.345313 0.867188
0 0.296875 0.865625 0.296875 0.870313 0.295312 0.871875 0.293750 0.871875 0.290625 0.868750 0.290625 0.867188 0.289062 0.867188 0.289062 0.871875 0.290625 0.873437 0.290625 0.875000 0.290625 0.873437 0.292187 0.871875 0.295312 0.871875 0.298438 0.875000 0.298438 0.884375 0.298438 0.870313 0.300000 0.868750 0.300000 0.867188 0.298438 0.865625
0 0.289062 0.851562 0.289062 0.853125 0.290625 0.854688 0.290625 0.856250 0.290625 0.851562
0 0.312500 0.834375 0.314063 0.835938 0.314063 0.837500 0.314063 0.834375
0 0.000000 0.537500 0.000000 0.998437 0.362500 0.998437 0.364063 0.996875 0.365625 0.998437 0.370312 0.998437 0.370312 0.995313 0.371875 0.993750 0.373437 0.995313 0.378125 0.995313 0.381250 0.992188 0.381250 0.990625 0.376563 0.985938 0.373437 0.985938 0.371875 0.987500 0.370312 0.985938 0.370312 0.984375 0.371875 0.982812 0.371875 0.981250 0.370312 0.981250 0.367188 0.978125 0.365625 0.978125 0.360938 0.973437 0.360938 0.971875 0.359375 0.971875 0.357812 0.973437 0.356250 0.973437 0.353125 0.970313 0.353125 0.968750 0.354687 0.967187 0.354687 0.965625 0.353125 0.964063 0.353125 0.962500 0.350000 0.962500 0.345313 0.957812 0.343750 0.957812 0.342187 0.959375 0.340625 0.959375 0.339062 0.957812 0.339062 0.950000 0.337500 0.948438 0.337500 0.946875 0.334375 0.946875 0.331250 0.943750 0.331250 0.942187 0.329688 0.940625 0.329688 0.937500 0.326562 0.934375 0.325000 0.934375 0.321875 0.931250 0.321875 0.929688 0.320312 0.929688 0.314063 0.923438 0.314063 0.917188 0.315625 0.915625 0.314063 0.914062 0.314063 0.912500 0.312500 0.914062 0.312500 0.920312 0.310937 0.921875 0.306250 0.921875 0.304688 0.920312 0.300000 0.920312 0.295312 0.915625 0.295312 0.914062 0.296875 0.912500 0.298438 0.912500 0.300000 0.910937 0.298438 0.909375 0.298438 0.906250 0.300000 0.904687 0.300000 0.901563 0.298438 0.900000 0.298438 0.898438 0.293750 0.898438 0.285938 0.890625 0.285938 0.887500 0.282813 0.884375 0.282813 0.881250 0.281250 0.881250 0.279687 0.882812 0.271875 0.875000 0.275000 0.871875 0.282813 0.871875 0.282813 0.864062 0.281250 0.864062 0.281250 0.868750 0.278125 0.871875 0.275000 0.868750 0.275000 0.862500 0.273438 0.864062 0.273438 0.868750 0.271875 0.870313 0.270313 0.870313 0.268750 0.868750 0.268750 0.864062 0.267188 0.862500 0.264062 0.865625 0.262500 0.865625 0.260937 0.864062 0.260937 0.862500 0.259375 0.860938 0.259375 0.859375 0.260937 0.857812 0.260937 0.854688 0.259375 0.854688 0.257812 0.853125 0.259375 0.851562 0.259375 0.850000 0.260937 0.848437 0.259375 0.846875 0.259375 0.845313 0.262500 0.842187 0.264062 0.842187 0.265625 0.843750 0.265625 0.846875 0.264062 0.848437 0.264062 0.850000 0.265625 0.851562 0.265625 0.854688 0.264062 0.856250 0.265625 0.857812 0.267188 0.857812 0.268750 0.856250 0.268750 0.854688 0.270313 0.853125 0.271875 0.854688 0.271875 0.856250 0.275000 0.859375 0.278125 0.856250 0.279687 0.856250 0.281250 0.857812 0.282813 0.857812 0.282813 0.856250 0.284375 0.854688 0.284375 0.848437 0.282813 0.846875 0.281250 0.846875 0.281250 0.853125 0.279687 0.854688 0.278125 0.854688 0.276562 0.853125 0.276562 0.850000 0.275000 0.848437 0.275000 0.843750 0.278125 0.840625 0.279687 0.842187 0.281250 0.842187 0.282813 0.843750 0.282813 0.842187 0.284375 0.840625 0.284375 0.832812 0.282813 0.831250 0.282813 0.828125 0.285938 0.825000 0.290625 0.829688 0.290625 0.831250 0.289062 0.832812 0.289062 0.840625 0.290625 0.842187 0.292187 0.840625 0.290625 0.839063 0.290625 0.828125 0.293750 0.825000 0.295312 0.825000 0.298438 0.828125 0.298438 0.829688 0.296875 0.831250 0.296875 0.840625 0.298438 0.842187 0.298438 0.840625 0.300000 0.839063 0.300000 0.835938 0.303125 0.832812 0.304688 0.834375 0.306250 0.834375 0.306250 0.832812 0.300000 0.832812 0.298438 0.831250 0.298438 0.828125 0.300000 0.826562 0.304688 0.826562 0.306250 0.825000 0.304688 0.823438 0.301563 0.823438 0.298438 0.820312 0.298438 0.818750 0.296875 0.818750 0.296875 0.823438 0.295312 0.825000 0.293750 0.825000 0.292187 0.823438 0.292187 0.817187 0.290625 0.815625 0.290625 0.807813 0.289062 0.807813 0.282813 0.801562 0.278125 0.801562 0.276562 0.800000 0.276562 0.798438 0.275000 0.796875 0.275000 0.793750 0.267188 0.785937 0.262500 0.785937 0.260937 0.784375 0.260937 0.782813 0.259375 0.781250 0.259375 0.778125 0.256250 0.775000 0.254688 0.775000 0.250000 0.770312 0.246875 0.770312 0.245312 0.768750 0.245312 0.767188 0.243750 0.765625 0.243750 0.764062 0.242188 0.762500 0.242188 0.760938 0.237500 0.756250 0.235937 0.756250 0.234375 0.754687 0.232813 0.754687 0.223438 0.745313 0.223438 0.743750 0.220312 0.740625 0.218750 0.740625 0.214062 0.735938 0.214062 0.731250 0.210938 0.728125 0.209375 0.728125 0.204687 0.723437 0.201563 0.723437 0.196875 0.718750 0.196875 0.717187 0.195312 0.715625 0.195312 0.714063 0.189062 0.707812 0.185938 0.707812 0.181250 0.703125 0.181250 0.701562 0.173437 0.693750 0.170313 0.693750 0.160938 0.684375 0.160938 0.682813 0.157812 0.679688 0.154688 0.679688 0.150000 0.675000 0.150000 0.673438 0.142187 0.665625 0.140625 0.665625 0.139063 0.664062 0.137500 0.664062 0.135937 0.662500 0.135937 0.660937 0.132812 0.657813 0.131250 0.657813 0.129688 0.656250 0.129688 0.654687 0.126562 0.651563 0.126562 0.650000 0.123438 0.650000 0.118750 0.645312 0.118750 0.643750 0.117188 0.642188 0.115625 0.642188 0.112500 0.639062 0.110937 0.639062 0.101562 0.629687 0.100000 0.629687 0.095312 0.625000 0.090625 0.625000 0.089063 0.623437 0.089063 0.621875 0.087500 0.620313 0.087500 0.617188 0.082812 0.612500 0.082812 0.610938 0.081250 0.610938 0.064062 0.593750 0.062500 0.593750 0.057813 0.589063 0.057813 0.587500 0.048438 0.578125 0.045312 0.578125 0.040625 0.573438 0.040625 0.571875 0.032813 0.564063 0.031250 0.564063 0.017188 0.550000 0.014063 0.550000 0.006250 0.542188 0.006250 0.540625 0.004687 0.539062 0.001563 0.539062