0 0.900000 0.834375 0.900000 0.840625 0.901563 0.839063 0.903125 0.839063 0.903125 0.835938 0.901563 0.835938
0 0.134375 0.787500 0.134375 0.789062 0.135937 0.789062 0.137500 0.790625 0.137500 0.787500
0 0.151562 0.785937 0.150000 0.787500 0.150000 0.789062 0.151562 0.790625 0.154688 0.790625 0.154688 0.787500 0.153125 0.785937
0 0.798438 0.784375 0.796875 0.785937 0.796875 0.787500 0.801562 0.787500 0.801562 0.785937 0.800000 0.784375
0 0.985938 0.776563 0.985938 0.778125 0.987500 0.778125
0 0.992188 0.773438 0.992188 0.775000 0.990625 0.776563 0.990625 0.778125 0.992188 0.779687 0.993750 0.779687 0.993750 0.775000
0 0.075000 0.767188 0.073438 0.768750 0.071875 0.768750 0.071875 0.771875 0.073438 0.771875 0.075000 0.773438
0 0.056250 0.767188 0.056250 0.771875 0.059375 0.775000 0.059375 0.767188
0 0.103125 0.764062 0.103125 0.767188 0.101562 0.768750 0.101562 0.771875 0.104688 0.775000 0.104688 0.776563 0.103125 0.778125 0.104688 0.778125 0.106250 0.776563 0.106250 0.773438 0.107813 0.771875 0.107813 0.768750 0.106250 0.767188 0.106250 0.765625 0.104688 0.765625
0 0.057813 0.754687 0.057813 0.756250 0.059375 0.757812 0.059375 0.759375 0.059375 0.754687
0 0.757812 0.753125 0.756250 0.754687 0.757812 0.756250 0.759375 0.756250 0.759375 0.753125
0 0.087500 0.750000 0.087500 0.751563 0.085938 0.753125 0.085938 0.756250 0.089063 0.759375 0.089063 0.760938 0.087500 0.762500 0.087500 0.767188 0.085938 0.768750 0.085938 0.770312 0.087500 0.771875 0.087500 0.773438 0.089063 0.775000 0.090625 0.775000 0.090625 0.773438 0.092188 0.771875 0.092188 0.767188 0.087500 0.762500 0.089063 0.760938 0.090625 0.760938 0.090625 0.759375 0.092188 0.757812 0.092188 0.751563 0.090625 0.750000
0 0.075000 0.750000 0.073438 0.751563 0.071875 0.751563 0.071875 0.756250 0.075000 0.759375 0.075000 0.756250 0.076563 0.754687 0.076563 0.751563
0 0.759375 0.745313 0.757812 0.746875 0.757812 0.748437 0.759375 0.748437 0.760938 0.746875
0 0.056250 0.735938 0.056250 0.740625 0.057813 0.742188 0.059375 0.742188 0.059375 0.739062 0.060937 0.737500 0.060937 0.735938
0 0.087500 0.734375 0.085938 0.735938 0.085938 0.742188 0.087500 0.743750 0.087500 0.745313 0.090625 0.745313 0.090625 0.743750 0.092188 0.742188 0.092188 0.740625 0.093750 0.739062 0.092188 0.737500 0.092188 0.734375
0 0.073438 0.734375 0.071875 0.735938 0.071875 0.742188 0.073438 0.743750 0.075000 0.743750 0.075000 0.742188 0.076563 0.740625 0.076563 0.735938 0.075000 0.734375
0 0.071875 0.723437 0.071875 0.726562 0.073438 0.728125 0.075000 0.728125 0.075000 0.725000 0.073438 0.723437
0 0.090625 0.721875 0.089063 0.723437 0.089063 0.728125 0.090625 0.728125
0 0.056250 0.720313 0.056250 0.728125 0.059375 0.728125 0.059375 0.726562 0.060937 0.725000 0.060937 0.720313
0 0.104688 0.718750 0.103125 0.720313 0.101562 0.720313 0.101562 0.728125 0.103125 0.729688 0.103125 0.732812 0.101562 0.734375 0.101562 0.742188 0.103125 0.743750 0.103125 0.751563 0.101562 0.753125 0.101562 0.756250 0.103125 0.757812 0.103125 0.759375 0.104688 0.760938 0.106250 0.760938 0.106250 0.759375 0.107813 0.757812 0.107813 0.750000 0.104688 0.746875 0.107813 0.743750 0.107813 0.742188 0.109375 0.740625 0.109375 0.734375 0.106250 0.731250 0.107813 0.729688 0.107813 0.725000 0.109375 0.723437 0.109375 0.720313 0.107813 0.718750
0 0.726562 0.714063 0.725000 0.715625 0.726562 0.717187 0.728125 0.717187 0.729688 0.715625 0.728125 0.714063
0 0.915625 0.706250 0.915625 0.707812 0.917188 0.707812
0 0.056250 0.706250 0.056250 0.712500 0.059375 0.712500 0.059375 0.709375
0 0.985938 0.695312 0.985938 0.698438 0.989062 0.698438 0.990625 0.696875 0.992188 0.696875 0.992188 0.695312 0.990625 0.695312 0.989062 0.696875 0.987500 0.695312
0 0.150000 0.693750 0.148438 0.695312 0.146875 0.695312 0.145313 0.696875 0.148438 0.696875 0.150000 0.695312
0 0.118750 0.689063 0.118750 0.692187 0.114062 0.696875 0.103125 0.696875 0.107813 0.696875 0.109375 0.698438 0.109375 0.701562 0.107813 0.703125 0.107813 0.704688 0.110937 0.707812 0.114062 0.704688 0.115625 0.706250 0.115625 0.709375 0.114062 0.710938 0.114062 0.714063 0.115625 0.715625 0.115625 0.718750 0.114062 0.720313 0.117188 0.723437 0.117188 0.725000 0.115625 0.726562 0.115625 0.729688 0.117188 0.731250 0.117188 0.732812 0.115625 0.734375 0.115625 0.737500 0.117188 0.739062 0.117188 0.745313 0.118750 0.746875 0.118750 0.751563 0.117188 0.753125 0.117188 0.757812 0.118750 0.759375 0.118750 0.767188 0.117188 0.768750 0.117188 0.771875 0.118750 0.773438 0.118750 0.778125 0.121875 0.778125 0.121875 0.773438 0.123438 0.771875 0.123438 0.767188 0.121875 0.765625 0.121875 0.760938 0.123438 0.759375 0.123438 0.750000 0.121875 0.748437 0.121875 0.746875 0.123438 0.745313 0.123438 0.742188 0.125000 0.740625 0.125000 0.739062 0.126562 0.737500 0.126562 0.735938 0.123438 0.732812 0.123438 0.726562 0.125000 0.725000 0.125000 0.718750 0.123438 0.717187 0.123438 0.703125 0.121875 0.701562 0.121875 0.689063
0 0.884375 0.679688 0.882812 0.681250 0.881250 0.681250 0.882812 0.682813 0.884375 0.682813 0.885938 0.681250 0.887500 0.681250 0.885938 0.679688
0 0.198437 0.662500 0.195312 0.665625 0.192188 0.665625 0.198437 0.665625 0.200000 0.667188 0.201563 0.665625 0.201563 0.664062 0.200000 0.662500
0 0.184375 0.660937 0.182812 0.662500 0.182812 0.664062 0.184375 0.665625
0 0.135937 0.617188 0.134375 0.618750 0.137500 0.618750 0.137500 0.617188
0 0.106250 0.617188 0.103125 0.620313 0.103125 0.623437 0.106250 0.623437 0.107813 0.621875 0.106250 0.620313
0 0.215625 0.585938 0.214062 0.587500 0.215625 0.587500
0 0.307812 0.579688 0.306250 0.581250 0.306250 0.582812 0.309375 0.582812 0.309375 0.579688
0 0.710938 0.567187 0.710938 0.568750 0.707812 0.571875 0.710938 0.575000 0.710938 0.576562 0.714063 0.576562 0.712500 0.575000 0.712500 0.568750 0.714063 0.567187
0 0.817187 0.540625 0.817187 0.542188 0.818750 0.540625
0 0.785937 0.539062 0.784375 0.540625 0.785937 0.542188 0.787500 0.542188 0.789062 0.543750 0.790625 0.543750 0.790625 0.542188 0.792188 0.540625 0.795312 0.540625 0.796875 0.542188 0.796875 0.543750 0.801562 0.543750 0.803125 0.542188 0.803125 0.540625 0.801562 0.539062 0.796875 0.539062 0.795312 0.540625 0.793750 0.540625 0.792188 0.539062
0 0.212500 0.535937 0.207813 0.540625 0.209375 0.540625 0.210938 0.542188 0.210938 0.543750 0.217188 0.543750 0.217188 0.535937
0 0.734375 0.534375 0.734375 0.537500 0.735938 0.539062 0.735938 0.542188 0.739062 0.542188 0.740625 0.543750 0.742188 0.543750 0.743750 0.545312 0.745313 0.543750 0.743750 0.542188 0.743750 0.540625 0.739062 0.535937 0.739062 0.534375
0 0.657813 0.504687 0.657813 0.506250 0.659375 0.507812 0.659375 0.509375 0.662500 0.509375 0.662500 0.507812 0.664062 0.506250 0.665625 0.506250 0.664062 0.506250 0.662500 0.507812 0.660937 0.507812
0 0.137500 0.501563 0.134375 0.504687 0.134375 0.507812 0.132812 0.509375 0.132812 0.512500 0.137500 0.512500 0.139063 0.510938 0.139063 0.503125
0 0.681250 0.489063 0.681250 0.490625 0.682813 0.489063
0 0.215625 0.489063 0.214062 0.490625 0.212500 0.490625 0.214062 0.492188 0.214062 0.493750 0.215625 0.493750 0.215625 0.492188 0.217188 0.490625
0 0.679688 0.473438 0.679688 0.475000 0.681250 0.475000 0.681250 0.473438
0 0.659375 0.460938 0.657813 0.462500 0.656250 0.462500 0.656250 0.464062 0.657813 0.465625 0.657813 0.467187 0.659375 0.467187 0.660937 0.468750 0.662500 0.467187 0.662500 0.465625 0.664062 0.464062 0.664062 0.462500 0.662500 0.460938
0 0.659375 0.445312 0.659375 0.446875 0.662500 0.446875 0.662500 0.445312
0 0.689063 0.442188 0.689063 0.445312 0.690625 0.446875 0.693750 0.446875 0.693750 0.445312 0.692187 0.443750 0.690625 0.443750
0 0.642188 0.440625 0.642188 0.443750 0.643750 0.445312 0.643750 0.448437 0.642188 0.450000 0.648438 0.450000 0.646875 0.448437 0.646875 0.445312 0.645312 0.443750 0.645312 0.442188 0.643750 0.442188
0 0.771875 0.432812 0.771875 0.434375 0.775000 0.434375 0.775000 0.432812
0 0.767188 0.432812 0.765625 0.434375 0.768750 0.434375
0 0.751563 0.431250 0.751563 0.432812 0.750000 0.434375 0.753125 0.434375 0.753125 0.432812
0 0.773438 0.426563 0.773438 0.428125 0.775000 0.428125 0.775000 0.426563
0 0.720313 0.365625 0.720313 0.370312 0.718750 0.371875 0.720313 0.373437 0.721875 0.373437 0.723437 0.371875 0.726562 0.371875 0.723437 0.371875 0.720313 0.368750
0 0.307812 0.364063 0.307812 0.365625 0.309375 0.367188 0.309375 0.364063
0 0.703125 0.348438 0.701562 0.350000 0.701562 0.356250 0.703125 0.357812 0.712500 0.357812 0.712500 0.356250 0.707812 0.351562 0.707812 0.350000 0.706250 0.348438
0 0.695312 0.346875 0.692187 0.350000 0.689063 0.350000 0.689063 0.351562 0.687500 0.353125 0.689063 0.354687 0.689063 0.357812 0.696875 0.357812 0.698438 0.356250 0.698438 0.348438 0.696875 0.346875
0 0.671875 0.315625 0.670312 0.317188 0.670312 0.326562 0.673438 0.329688 0.671875 0.331250 0.671875 0.342187 0.682813 0.342187 0.682813 0.339062 0.681250 0.337500 0.684375 0.334375 0.685937 0.335938 0.685937 0.342187 0.687500 0.342187 0.689063 0.343750 0.692187 0.343750 0.693750 0.342187 0.696875 0.342187 0.696875 0.339062 0.692187 0.334375 0.690625 0.334375 0.689063 0.332813 0.684375 0.332813 0.681250 0.329688 0.681250 0.328125 0.682813 0.326562 0.682813 0.325000 0.681250 0.323437 0.681250 0.321875 0.678125 0.318750 0.678125 0.317188 0.676562 0.317188 0.675000 0.315625
0 0.656250 0.315625 0.656250 0.325000 0.657813 0.326562 0.665625 0.326562 0.667188 0.325000 0.665625 0.323437 0.665625 0.320312 0.667188 0.318750 0.667188 0.317188 0.665625 0.315625
0 0.656250 0.300000 0.656250 0.310937 0.657813 0.312500 0.664062 0.312500 0.667188 0.309375 0.662500 0.304688 0.662500 0.303125 0.660937 0.301563 0.659375 0.301563 0.657813 0.300000
0 0.507812 0.281250 0.506250 0.282813 0.501563 0.282813 0.500000 0.284375 0.498437 0.284375 0.496875 0.282813 0.467187 0.282813 0.465625 0.284375 0.464062 0.282813 0.456250 0.282813 0.454688 0.284375 0.439063 0.284375 0.437500 0.285938 0.414062 0.285938 0.412500 0.284375 0.409375 0.284375 0.407813 0.285938 0.406250 0.285938 0.404687 0.284375 0.403125 0.284375 0.401562 0.285938 0.395313 0.285938 0.393750 0.287500 0.393750 0.289062 0.392188 0.290625 0.387500 0.290625 0.385937 0.292187 0.384375 0.292187 0.384375 0.293750 0.379688 0.298438 0.378125 0.298438 0.373437 0.303125 0.371875 0.303125 0.370312 0.304688 0.368750 0.304688 0.368750 0.306250 0.364063 0.310937 0.364063 0.315625 0.362500 0.317188 0.357812 0.317188 0.356250 0.318750 0.354687 0.318750 0.354687 0.320312 0.350000 0.325000 0.350000 0.328125 0.346875 0.331250 0.337500 0.331250 0.332813 0.335938 0.332813 0.337500 0.329688 0.340625 0.329688 0.342187 0.332813 0.345313 0.329688 0.348438 0.321875 0.348438 0.321875 0.350000 0.323437 0.351562 0.320312 0.354687 0.317188 0.354687 0.315625 0.356250 0.312500 0.356250 0.314063 0.356250 0.315625 0.357812 0.328125 0.357812 0.329688 0.356250 0.331250 0.357812 0.334375 0.357812 0.335938 0.356250 0.339062 0.356250 0.340625 0.357812 0.342187 0.357812 0.343750 0.359375 0.343750 0.360938 0.345313 0.362500 0.345313 0.368750 0.346875 0.370312 0.348438 0.370312 0.350000 0.371875 0.350000 0.373437 0.346875 0.376563 0.343750 0.376563 0.342187 0.378125 0.334375 0.378125 0.332813 0.376563 0.331250 0.378125 0.331250 0.379688 0.329688 0.381250 0.328125 0.379688 0.328125 0.376563 0.326562 0.376563 0.325000 0.375000 0.315625 0.375000 0.314063 0.376563 0.312500 0.375000 0.310937 0.375000 0.309375 0.373437 0.307812 0.373437 0.306250 0.371875 0.304688 0.371875 0.301563 0.375000 0.300000 0.375000 0.298438 0.376563 0.295312 0.373437 0.295312 0.371875 0.293750 0.370312 0.293750 0.368750 0.293750 0.370312 0.292187 0.371875 0.290625 0.371875 0.290625 0.373437 0.292187 0.373437 0.293750 0.375000 0.293750 0.376563 0.292187 0.378125 0.289062 0.378125 0.287500 0.379688 0.285938 0.379688 0.284375 0.381250 0.284375 0.382812 0.282813 0.384375 0.279687 0.381250 0.276562 0.381250 0.275000 0.382812 0.275000 0.384375 0.265625 0.393750 0.262500 0.393750 0.260937 0.395313 0.259375 0.395313 0.251563 0.403125 0.253125 0.404687 0.262500 0.404687 0.264062 0.406250 0.268750 0.406250 0.271875 0.409375 0.271875 0.410938 0.270313 0.412500 0.264062 0.412500 0.262500 0.414062 0.257812 0.414062 0.256250 0.415625 0.253125 0.415625 0.254688 0.417187 0.259375 0.417187 0.260937 0.418750 0.259375 0.420312 0.250000 0.420312 0.248438 0.418750 0.250000 0.417187 0.250000 0.415625 0.248438 0.414062 0.242188 0.414062 0.240625 0.415625 0.237500 0.415625 0.235937 0.417187 0.234375 0.417187 0.231250 0.420312 0.228125 0.420312 0.226562 0.421875 0.225000 0.421875 0.223438 0.423438 0.221875 0.423438 0.220312 0.425000 0.220312 0.426563 0.218750 0.428125 0.218750 0.429688 0.217188 0.431250 0.217188 0.434375 0.210938 0.440625 0.207813 0.440625 0.206250 0.442188 0.204687 0.442188 0.203125 0.443750 0.201563 0.443750 0.200000 0.445312 0.196875 0.445312 0.195312 0.446875 0.195312 0.448437 0.193750 0.450000 0.193750 0.451562 0.187500 0.457813 0.185938 0.457813 0.181250 0.462500 0.181250 0.465625 0.182812 0.467187 0.187500 0.467187 0.189062 0.468750 0.217188 0.468750 0.218750 0.470313 0.223438 0.470313 0.225000 0.471875 0.225000 0.473438 0.223438 0.475000 0.214062 0.475000 0.212500 0.476562 0.209375 0.476562 0.207813 0.478125 0.203125 0.478125 0.201563 0.476562 0.198437 0.476562 0.196875 0.478125 0.189062 0.478125 0.190625 0.479687 0.193750 0.479687 0.195312 0.478125 0.196875 0.478125 0.198437 0.479687 0.201563 0.479687 0.203125 0.481250 0.206250 0.481250 0.207813 0.482812 0.209375 0.482812 0.210938 0.481250 0.223438 0.481250 0.225000 0.482812 0.232813 0.482812 0.234375 0.484375 0.234375 0.485938 0.231250 0.489063 0.228125 0.489063 0.226562 0.490625 0.228125 0.492188 0.228125 0.496875 0.225000 0.500000 0.215625 0.500000 0.212500 0.496875 0.212500 0.498437 0.210938 0.500000 0.207813 0.500000 0.206250 0.501563 0.198437 0.501563 0.196875 0.503125 0.195312 0.503125 0.193750 0.501563 0.189062 0.501563 0.189062 0.503125 0.187500 0.504687 0.187500 0.506250 0.190625 0.509375 0.190625 0.510938 0.196875 0.517188 0.198437 0.517188 0.200000 0.518750 0.201563 0.517188 0.212500 0.517188 0.214062 0.518750 0.215625 0.518750 0.217188 0.517188 0.223438 0.517188 0.226562 0.520312 0.226562 0.523438 0.228125 0.523438 0.229687 0.525000 0.237500 0.525000 0.239063 0.526563 0.250000 0.526563 0.251563 0.525000 0.253125 0.526563 0.284375 0.526563 0.285938 0.525000 0.287500 0.526563 0.289062 0.526563 0.290625 0.528125 0.287500 0.531250 0.281250 0.531250 0.279687 0.532813 0.276562 0.532813 0.275000 0.534375 0.273438 0.532813 0.271875 0.532813 0.270313 0.531250 0.265625 0.531250 0.262500 0.534375 0.256250 0.534375 0.254688 0.535937 0.242188 0.535937 0.240625 0.537500 0.237500 0.537500 0.235937 0.535937 0.234375 0.535937 0.232813 0.534375 0.226562 0.534375 0.226562 0.535937 0.221875 0.540625 0.221875 0.543750 0.232813 0.543750 0.232813 0.542188 0.234375 0.540625 0.234375 0.539062 0.235937 0.537500 0.239063 0.540625 0.239063 0.542188 0.240625 0.543750 0.242188 0.543750 0.243750 0.545312 0.245312 0.543750 0.264062 0.543750 0.265625 0.545312 0.281250 0.545312 0.282813 0.546875 0.289062 0.546875 0.290625 0.545312 0.298438 0.545312 0.300000 0.546875 0.306250 0.546875 0.307812 0.548438 0.306250 0.550000 0.304688 0.550000 0.301563 0.553125 0.301563 0.557813 0.304688 0.560937 0.309375 0.560937 0.310937 0.559375 0.312500 0.559375 0.312500 0.554688 0.314063 0.553125 0.317188 0.556250 0.318750 0.556250 0.321875 0.559375 0.325000 0.556250 0.325000 0.554688 0.323437 0.554688 0.321875 0.556250 0.320312 0.554688 0.318750 0.554688 0.317188 0.553125 0.317188 0.548438 0.318750 0.546875 0.323437 0.546875 0.325000 0.545312 0.326562 0.546875 0.328125 0.546875 0.331250 0.550000 0.331250 0.556250 0.328125 0.559375 0.332813 0.559375 0.334375 0.560937 0.335938 0.560937 0.337500 0.562500 0.339062 0.562500 0.340625 0.564063 0.340625 0.565625 0.337500 0.568750 0.337500 0.571875 0.340625 0.571875 0.340625 0.564063 0.342187 0.562500 0.343750 0.562500 0.345313 0.560937 0.346875 0.562500 0.351562 0.562500 0.353125 0.560937 0.375000 0.560937 0.378125 0.564063 0.378125 0.565625 0.379688 0.565625 0.381250 0.567187 0.381250 0.564063 0.382812 0.562500 0.392188 0.562500 0.393750 0.564063 0.395313 0.564063 0.396875 0.565625 0.396875 0.567187 0.393750 0.570312 0.393750 0.573438 0.395313 0.575000 0.392188 0.578125 0.387500 0.578125 0.385937 0.576562 0.382812 0.576562 0.381250 0.578125 0.379688 0.578125 0.378125 0.579688 0.375000 0.579688 0.373437 0.578125 0.371875 0.578125 0.370312 0.579688 0.367188 0.579688 0.365625 0.578125 0.362500 0.578125 0.360938 0.579688 0.359375 0.578125 0.346875 0.578125 0.345313 0.579688 0.343750 0.578125 0.342187 0.578125 0.340625 0.576562 0.335938 0.576562 0.334375 0.578125 0.332813 0.578125 0.331250 0.579688 0.331250 0.582812 0.329688 0.584375 0.329688 0.585938 0.328125 0.587500 0.328125 0.590625 0.326562 0.592187 0.309375 0.592187 0.307812 0.590625 0.304688 0.590625 0.303125 0.592187 0.300000 0.592187 0.298438 0.590625 0.296875 0.590625 0.295312 0.589063 0.295312 0.582812 0.298438 0.579688 0.303125 0.579688 0.281250 0.579688 0.279687 0.578125 0.260937 0.578125 0.259375 0.579688 0.248438 0.579688 0.246875 0.578125 0.245312 0.579688 0.229687 0.579688 0.228125 0.581250 0.228125 0.590625 0.225000 0.593750 0.223438 0.593750 0.221875 0.595313 0.220312 0.595313 0.218750 0.593750 0.217188 0.593750 0.215625 0.592187 0.212500 0.592187 0.210938 0.593750 0.209375 0.593750 0.209375 0.598437 0.207813 0.600000 0.206250 0.598437 0.204687 0.598437 0.203125 0.596875 0.201563 0.596875 0.200000 0.595313 0.196875 0.598437 0.196875 0.600000 0.195312 0.601562 0.195312 0.607812 0.196875 0.609375 0.196875 0.610938 0.195312 0.612500 0.195312 0.614062 0.193750 0.615625 0.192188 0.615625 0.190625 0.617188 0.187500 0.617188 0.185938 0.615625 0.184375 0.615625 0.182812 0.617188 0.182812 0.618750 0.179688 0.621875 0.179688 0.623437 0.181250 0.623437 0.182812 0.625000 0.182812 0.626563 0.179688 0.629687 0.179688 0.631250 0.178125 0.632812 0.176563 0.632812 0.175000 0.634375 0.176563 0.635938 0.176563 0.637500 0.181250 0.637500 0.182812 0.639062 0.184375 0.639062 0.185938 0.637500 0.185938 0.635938 0.187500 0.634375 0.187500 0.629687 0.185938 0.628125 0.185938 0.626563 0.189062 0.623437 0.195312 0.623437 0.198437 0.626563 0.195312 0.629687 0.195312 0.631250 0.192188 0.634375 0.190625 0.634375 0.192188 0.634375 0.193750 0.635938 0.193750 0.637500 0.195312 0.637500 0.196875 0.639062 0.198437 0.639062 0.200000 0.640625 0.201563 0.639062 0.207813 0.639062 0.209375 0.640625 0.210938 0.640625 0.212500 0.642188 0.210938 0.643750 0.210938 0.646875 0.209375 0.648438 0.207813 0.648438 0.206250 0.650000 0.204687 0.650000 0.201563 0.646875 0.198437 0.646875 0.196875 0.648438 0.195312 0.648438 0.193750 0.650000 0.192188 0.650000 0.190625 0.651563 0.187500 0.651563 0.184375 0.648438 0.179688 0.653125 0.181250 0.654687 0.187500 0.654687 0.189062 0.653125 0.190625 0.654687 0.196875 0.654687 0.198437 0.656250 0.200000 0.656250 0.201563 0.654687 0.209375 0.654687 0.212500 0.657813 0.212500 0.660937 0.209375 0.664062 0.207813 0.664062 0.206250 0.665625 0.207813 0.667188 0.207813 0.670312 0.204687 0.673438 0.203125 0.671875 0.192188 0.671875 0.190625 0.673438 0.182812 0.673438 0.182812 0.675000 0.184375 0.676562 0.182812 0.678125 0.182812 0.679688 0.181250 0.681250 0.179688 0.681250 0.178125 0.679688 0.176563 0.681250 0.176563 0.682813 0.179688 0.682813 0.181250 0.684375 0.179688 0.685937 0.176563 0.685937 0.175000 0.687500 0.171875 0.687500 0.170313 0.685937 0.170313 0.678125 0.168750 0.676562 0.168750 0.673438 0.168750 0.676562 0.167187 0.678125 0.167187 0.682813 0.168750 0.684375 0.168750 0.692187 0.167187 0.693750 0.167187 0.695312 0.165625 0.696875 0.165625 0.700000 0.164062 0.701562 0.164062 0.703125 0.162500 0.704688 0.162500 0.707812 0.160938 0.709375 0.159375 0.707812 0.159375 0.706250 0.157812 0.706250 0.156250 0.704688 0.150000 0.704688 0.148438 0.706250 0.148438 0.707812 0.146875 0.709375 0.146875 0.710938 0.145313 0.712500 0.146875 0.714063 0.148438 0.714063 0.150000 0.715625 0.146875 0.718750 0.146875 0.725000 0.145313 0.726562 0.145313 0.728125 0.148438 0.731250 0.146875 0.732812 0.146875 0.734375 0.145313 0.735938 0.142187 0.735938 0.140625 0.734375 0.140625 0.732812 0.139063 0.731250 0.139063 0.728125 0.140625 0.726562 0.140625 0.718750 0.139063 0.717187 0.139063 0.714063 0.140625 0.712500 0.140625 0.704688 0.139063 0.703125 0.139063 0.698438 0.140625 0.696875 0.140625 0.689063 0.135937 0.684375 0.135937 0.682813 0.137500 0.681250 0.137500 0.679688 0.135937 0.678125 0.135937 0.675000 0.134375 0.673438 0.134375 0.679688 0.135937 0.679688 0.137500 0.681250 0.135937 0.682813 0.134375 0.682813 0.134375 0.685937 0.132812 0.687500 0.132812 0.696875 0.134375 0.698438 0.134375 0.704688 0.132812 0.706250 0.132812 0.709375 0.129688 0.712500 0.132812 0.715625 0.132812 0.717187 0.131250 0.718750 0.131250 0.721875 0.132812 0.723437 0.131250 0.725000 0.131250 0.726562 0.129688 0.728125 0.132812 0.731250 0.132812 0.732812 0.131250 0.734375 0.131250 0.742188 0.132812 0.743750 0.132812 0.745313 0.134375 0.746875 0.134375 0.750000 0.132812 0.751563 0.132812 0.759375 0.134375 0.760938 0.134375 0.768750 0.132812 0.770312 0.132812 0.771875 0.134375 0.773438 0.134375 0.778125 0.137500 0.778125 0.137500 0.773438 0.139063 0.771875 0.139063 0.768750 0.137500 0.767188 0.137500 0.762500 0.139063 0.760938 0.139063 0.756250 0.140625 0.754687 0.139063 0.753125 0.139063 0.748437 0.137500 0.746875 0.139063 0.745313 0.139063 0.743750 0.140625 0.742188 0.140625 0.740625 0.145313 0.735938 0.146875 0.737500 0.146875 0.743750 0.148438 0.745313 0.148438 0.746875 0.150000 0.748437 0.150000 0.750000 0.148438 0.751563 0.148438 0.759375 0.150000 0.760938 0.150000 0.768750 0.148438 0.770312 0.148438 0.771875 0.150000 0.773438 0.150000 0.776563 0.151562 0.778125 0.153125 0.778125 0.154688 0.776563 0.154688 0.775000 0.157812 0.771875 0.157812 0.768750 0.154688 0.765625 0.154688 0.759375 0.157812 0.756250 0.159375 0.756250 0.160938 0.757812 0.160938 0.759375 0.162500 0.760938 0.162500 0.762500 0.164062 0.764062 0.162500 0.765625 0.162500 0.776563 0.164062 0.778125 0.164062 0.785937 0.162500 0.787500 0.162500 0.790625 0.165625 0.790625 0.167187 0.792188 0.170313 0.792188 0.171875 0.790625 0.171875 0.781250 0.173437 0.779687 0.175000 0.781250 0.175000 0.782813 0.178125 0.785937 0.175000 0.789062 0.175000 0.790625 0.176563 0.790625 0.178125 0.792188 0.181250 0.792188 0.182812 0.793750 0.185938 0.793750 0.187500 0.792188 0.187500 0.785937 0.185938 0.784375 0.185938 0.776563 0.187500 0.775000 0.187500 0.770312 0.185938 0.768750 0.185938 0.765625 0.189062 0.762500 0.190625 0.762500 0.193750 0.765625 0.193750 0.771875 0.192188 0.773438 0.192188 0.775000 0.193750 0.776563 0.193750 0.782813 0.190625 0.785937 0.190625 0.793750 0.192188 0.793750 0.193750 0.795312 0.201563 0.795312 0.203125 0.793750 0.207813 0.793750 0.209375 0.795312 0.215625 0.795312 0.220312 0.790625 0.223438 0.790625 0.225000 0.792188 0.225000 0.793750 0.226562 0.795312 0.228125 0.795312 0.229687 0.796875 0.259375 0.796875 0.260937 0.798438 0.278125 0.798438 0.279687 0.800000 0.295312 0.800000 0.296875 0.801562 0.317188 0.801562 0.318750 0.803125 0.392188 0.803125 0.393750 0.804688 0.432812 0.804688 0.434375 0.806250 0.456250 0.806250 0.457813 0.807813 0.467187 0.807813 0.468750 0.809375 0.476562 0.809375 0.478125 0.810937 0.479687 0.809375 0.487500 0.809375 0.489063 0.807813 0.490625 0.809375 0.506250 0.809375 0.507812 0.810937 0.515625 0.810937 0.517188 0.812500 0.539062 0.812500 0.540625 0.810937 0.560937 0.810937 0.562500 0.812500 0.578125 0.812500 0.579688 0.814063 0.592187 0.814063 0.593750 0.815625 0.600000 0.815625 0.601562 0.817187 0.604688 0.817187 0.606250 0.815625 0.607812 0.817187 0.623437 0.817187 0.625000 0.818750 0.654687 0.818750 0.656250 0.820312 0.671875 0.820312 0.673438 0.821875 0.678125 0.821875 0.679688 0.823438 0.687500 0.823438 0.689063 0.825000 0.695312 0.825000 0.696875 0.826562 0.698438 0.826562 0.700000 0.825000 0.701562 0.826562 0.706250 0.826562 0.707812 0.825000 0.709375 0.826562 0.725000 0.826562 0.726562 0.828125 0.732812 0.828125 0.734375 0.829688 0.740625 0.829688 0.743750 0.832812 0.745313 0.831250 0.748437 0.831250 0.750000 0.832812 0.771875 0.832812 0.773438 0.834375 0.803125 0.834375 0.804688 0.835938 0.818750 0.835938 0.820312 0.837500 0.864062 0.837500 0.865625 0.839063 0.881250 0.839063 0.882812 0.840625 0.889062 0.840625 0.889062 0.829688 0.887500 0.828125 0.887500 0.825000 0.885938 0.823438 0.884375 0.823438 0.879687 0.828125 0.878125 0.828125 0.876563 0.826562 0.876563 0.825000 0.875000 0.825000 0.873437 0.823438 0.873437 0.820312 0.870313 0.817187 0.870313 0.815625 0.868750 0.814063 0.870313 0.812500 0.871875 0.812500 0.873437 0.810937 0.873437 0.809375 0.871875 0.807813 0.871875 0.806250 0.870313 0.806250 0.868750 0.807813 0.867188 0.807813 0.867188 0.809375 0.865625 0.810937 0.867188 0.812500 0.867188 0.814063 0.865625 0.815625 0.865625 0.821875 0.862500 0.825000 0.860938 0.825000 0.857812 0.821875 0.857812 0.820312 0.860938 0.817187 0.862500 0.817187 0.860938 0.817187 0.857812 0.814063 0.857812 0.812500 0.859375 0.810937 0.859375 0.809375 0.857812 0.807813 0.857812 0.806250 0.856250 0.804688 0.856250 0.803125 0.854688 0.803125 0.853125 0.801562 0.851562 0.801562 0.850000 0.803125 0.848437 0.803125 0.845313 0.800000 0.843750 0.800000 0.840625 0.803125 0.839063 0.801562 0.839063 0.800000 0.835938 0.796875 0.826562 0.796875 0.823438 0.793750 0.818750 0.793750 0.817187 0.795312 0.815625 0.793750 0.807813 0.793750 0.806250 0.792188 0.800000 0.792188 0.798438 0.793750 0.793750 0.789062 0.793750 0.790625 0.792188 0.792188 0.789062 0.792188 0.787500 0.790625 0.787500 0.789062 0.790625 0.785937 0.785937 0.785937 0.784375 0.784375 0.778125 0.784375 0.775000 0.781250 0.773438 0.781250 0.771875 0.779687 0.770312 0.779687 0.768750 0.778125 0.762500 0.778125 0.757812 0.773438 0.757812 0.770312 0.756250 0.768750 0.756250 0.767188 0.754687 0.765625 0.754687 0.764062 0.753125 0.762500 0.753125 0.760938 0.750000 0.760938 0.748437 0.759375 0.751563 0.756250 0.753125 0.756250 0.753125 0.754687 0.751563 0.753125 0.750000 0.753125 0.748437 0.751563 0.748437 0.746875 0.746875 0.745313 0.745313 0.745313 0.743750 0.743750 0.743750 0.737500 0.742188 0.739062 0.742188 0.740625 0.743750 0.742188 0.743750 0.743750 0.739062 0.748437 0.737500 0.746875 0.735938 0.746875 0.732812 0.743750 0.732812 0.742188 0.735938 0.739062 0.734375 0.737500 0.734375 0.735938 0.732812 0.734375 0.732812 0.731250 0.729688 0.728125 0.729688 0.726562 0.728125 0.725000 0.726562 0.726562 0.726562 0.728125 0.725000 0.729688 0.725000 0.731250 0.723437 0.732812 0.721875 0.732812 0.720313 0.731250 0.717187 0.731250 0.714063 0.728125 0.712500 0.728125 0.710938 0.726562 0.710938 0.723437 0.709375 0.721875 0.709375 0.720313 0.712500 0.717187 0.714063 0.717187 0.715625 0.715625 0.718750 0.715625 0.720313 0.717187 0.721875 0.715625 0.717187 0.715625 0.715625 0.714063 0.714063 0.714063 0.712500 0.712500 0.710938 0.712500 0.709375 0.710938 0.707812 0.710938 0.706250 0.712500 0.693750 0.712500 0.692187 0.710938 0.690625 0.712500 0.689063 0.712500 0.685937 0.709375 0.684375 0.709375 0.682813 0.707812 0.679688 0.707812 0.678125 0.709375 0.670312 0.709375 0.668750 0.707812 0.659375 0.707812 0.657813 0.706250 0.654687 0.706250 0.653125 0.704688 0.651563 0.704688 0.650000 0.703125 0.640625 0.703125 0.639062 0.704688 0.637500 0.704688 0.635938 0.703125 0.629687 0.703125 0.628125 0.701562 0.626563 0.701562 0.626563 0.703125 0.621875 0.707812 0.620313 0.706250 0.617188 0.706250 0.614062 0.709375 0.604688 0.709375 0.603125 0.707812 0.601562 0.707812 0.600000 0.709375 0.596875 0.709375 0.593750 0.706250 0.593750 0.704688 0.596875 0.701562 0.604688 0.701562 0.606250 0.700000 0.607812 0.700000 0.609375 0.701562 0.615625 0.701562 0.617188 0.700000 0.615625 0.700000 0.614062 0.698438 0.612500 0.698438 0.610938 0.696875 0.610938 0.693750 0.612500 0.692187 0.617188 0.692187 0.618750 0.690625 0.645312 0.690625 0.648438 0.693750 0.646875 0.695312 0.645312 0.695312 0.643750 0.696875 0.646875 0.696875 0.650000 0.693750 0.651563 0.695312 0.651563 0.696875 0.653125 0.696875 0.654687 0.698438 0.664062 0.698438 0.665625 0.700000 0.667188 0.698438 0.679688 0.698438 0.681250 0.700000 0.682813 0.698438 0.696875 0.698438 0.698438 0.696875 0.709375 0.696875 0.710938 0.698438 0.712500 0.698438 0.714063 0.696875 0.715625 0.696875 0.717187 0.695312 0.717187 0.693750 0.718750 0.692187 0.717187 0.690625 0.717187 0.689063 0.718750 0.687500 0.732812 0.687500 0.734375 0.685937 0.751563 0.685937 0.753125 0.684375 0.760938 0.684375 0.762500 0.682813 0.764062 0.682813 0.765625 0.684375 0.773438 0.684375 0.776563 0.681250 0.776563 0.676562 0.773438 0.673438 0.775000 0.671875 0.807813 0.671875 0.809375 0.670312 0.867188 0.670312 0.868750 0.671875 0.873437 0.671875 0.875000 0.670312 0.881250 0.670312 0.882812 0.671875 0.915625 0.671875 0.917188 0.670312 0.920312 0.670312 0.921875 0.671875 0.934375 0.671875 0.935937 0.673438 0.935937 0.678125 0.934375 0.679688 0.923438 0.679688 0.921875 0.681250 0.921875 0.682813 0.923438 0.684375 0.928125 0.684375 0.931250 0.681250 0.932813 0.682813 0.934375 0.682813 0.935937 0.684375 0.942187 0.684375 0.943750 0.685937 0.960938 0.685937 0.962500 0.684375 0.970313 0.684375 0.971875 0.685937 0.984375 0.685937 0.985938 0.687500 0.987500 0.687500 0.989062 0.685937 0.992188 0.685937 0.993750 0.684375 0.993750 0.682813 0.992188 0.681250 0.992188 0.679688 0.990625 0.678125 0.990625 0.676562 0.989062 0.675000 0.989062 0.665625 0.985938 0.662500 0.985938 0.657813 0.984375 0.656250 0.984375 0.654687 0.982812 0.653125 0.982812 0.651563 0.981250 0.651563 0.979688 0.650000 0.979688 0.645312 0.978125 0.643750 0.978125 0.642188 0.976562 0.640625 0.976562 0.639062 0.975000 0.637500 0.975000 0.635938 0.973437 0.634375 0.971875 0.634375 0.970313 0.632812 0.968750 0.632812 0.967187 0.634375 0.965625 0.634375 0.962500 0.631250 0.960938 0.631250 0.959375 0.632812 0.957812 0.632812 0.956250 0.631250 0.953125 0.631250 0.951562 0.632812 0.950000 0.632812 0.948438 0.631250 0.942187 0.631250 0.940625 0.632812 0.939063 0.632812 0.937500 0.631250 0.934375 0.631250 0.932813 0.629687 0.920312 0.629687 0.918750 0.631250 0.910937 0.631250 0.909375 0.629687 0.893750 0.629687 0.892188 0.631250 0.890625 0.629687 0.890625 0.628125 0.889062 0.626563 0.887500 0.626563 0.884375 0.623437 0.884375 0.610938 0.882812 0.609375 0.873437 0.609375 0.870313 0.606250 0.871875 0.604688 0.871875 0.600000 0.870313 0.598437 0.871875 0.596875 0.871875 0.595313 0.870313 0.595313 0.868750 0.593750 0.867188 0.593750 0.865625 0.595313 0.857812 0.595313 0.859375 0.596875 0.864062 0.596875 0.865625 0.598437 0.862500 0.601562 0.853125 0.601562 0.851562 0.600000 0.850000 0.600000 0.848437 0.598437 0.850000 0.596875 0.853125 0.596875 0.854688 0.595313 0.842187 0.595313 0.842187 0.596875 0.843750 0.598437 0.840625 0.601562 0.839063 0.600000 0.839063 0.595313 0.825000 0.595313 0.823438 0.593750 0.821875 0.593750 0.820312 0.595313 0.814063 0.595313 0.814063 0.600000 0.810937 0.603125 0.807813 0.603125 0.806250 0.604688 0.801562 0.600000 0.798438 0.603125 0.796875 0.601562 0.793750 0.601562 0.790625 0.598437 0.793750 0.595313 0.798438 0.595313 0.789062 0.595313 0.787500 0.593750 0.782813 0.593750 0.781250 0.595313 0.778125 0.595313 0.776563 0.593750 0.760938 0.593750 0.759375 0.592187 0.757812 0.592187 0.756250 0.593750 0.751563 0.593750 0.750000 0.592187 0.748437 0.592187 0.746875 0.590625 0.748437 0.589063 0.748437 0.585938 0.745313 0.582812 0.745313 0.581250 0.743750 0.579688 0.739062 0.579688 0.737500 0.578125 0.726562 0.578125 0.725000 0.576562 0.723437 0.576562 0.721875 0.575000 0.718750 0.575000 0.717187 0.576562 0.718750 0.578125 0.718750 0.582812 0.715625 0.585938 0.714063 0.584375 0.709375 0.584375 0.707812 0.585938 0.704688 0.585938 0.701562 0.582812 0.701562 0.579688 0.696875 0.575000 0.696875 0.570312 0.698438 0.568750 0.698438 0.567187 0.695312 0.564063 0.696875 0.562500 0.700000 0.562500 0.701562 0.560937 0.710938 0.560937 0.712500 0.562500 0.715625 0.562500 0.717187 0.560937 0.721875 0.560937 0.723437 0.559375 0.729688 0.559375 0.729688 0.556250 0.721875 0.556250 0.720313 0.554688 0.715625 0.554688 0.714063 0.553125 0.710938 0.553125 0.709375 0.554688 0.704688 0.554688 0.701562 0.551562 0.701562 0.550000 0.703125 0.548438 0.704688 0.548438 0.704688 0.545312 0.703125 0.543750 0.703125 0.542188 0.704688 0.540625 0.704688 0.532813 0.706250 0.531250 0.707812 0.531250 0.710938 0.528125 0.715625 0.528125 0.715625 0.526563 0.717187 0.525000 0.714063 0.521875 0.709375 0.521875 0.707812 0.523438 0.706250 0.523438 0.704688 0.521875 0.703125 0.521875 0.701562 0.520312 0.701562 0.518750 0.700000 0.517188 0.682813 0.517188 0.681250 0.515625 0.679688 0.515625 0.678125 0.517188 0.673438 0.517188 0.671875 0.515625 0.667188 0.515625 0.665625 0.514062 0.657813 0.514062 0.656250 0.515625 0.651563 0.515625 0.650000 0.514062 0.648438 0.515625 0.642188 0.515625 0.640625 0.517188 0.637500 0.517188 0.635938 0.515625 0.634375 0.515625 0.632812 0.514062 0.631250 0.514062 0.629687 0.512500 0.629687 0.510938 0.631250 0.509375 0.631250 0.507812 0.629687 0.506250 0.629687 0.500000 0.631250 0.498437 0.635938 0.498437 0.637500 0.496875 0.639062 0.496875 0.640625 0.498437 0.650000 0.498437 0.651563 0.496875 0.651563 0.495312 0.650000 0.493750 0.650000 0.489063 0.648438 0.489063 0.646875 0.490625 0.640625 0.490625 0.639062 0.492188 0.637500 0.492188 0.632812 0.487500 0.632812 0.484375 0.634375 0.482812 0.634375 0.479687 0.637500 0.476562 0.640625 0.479687 0.640625 0.482812 0.642188 0.484375 0.650000 0.484375 0.653125 0.481250 0.654687 0.481250 0.657813 0.484375 0.657813 0.485938 0.659375 0.485938 0.662500 0.489063 0.659375 0.492188 0.659375 0.493750 0.657813 0.495312 0.656250 0.495312 0.656250 0.496875 0.657813 0.498437 0.660937 0.498437 0.662500 0.496875 0.664062 0.496875 0.664062 0.492188 0.665625 0.490625 0.667188 0.490625 0.668750 0.489063 0.664062 0.489063 0.662500 0.487500 0.662500 0.485938 0.660937 0.484375 0.660937 0.481250 0.662500 0.479687 0.664062 0.479687 0.665625 0.478125 0.667188 0.478125 0.668750 0.476562 0.668750 0.473438 0.654687 0.473438 0.646875 0.465625 0.648438 0.464062 0.648438 0.462500 0.631250 0.462500 0.629687 0.460938 0.623437 0.460938 0.618750 0.456250 0.618750 0.454688 0.614062 0.450000 0.615625 0.448437 0.615625 0.445312 0.614062 0.443750 0.614062 0.439063 0.615625 0.437500 0.620313 0.437500 0.621875 0.435937 0.639062 0.435937 0.640625 0.437500 0.645312 0.437500 0.646875 0.435937 0.656250 0.435937 0.657813 0.437500 0.664062 0.437500 0.665625 0.435937 0.671875 0.435937 0.673438 0.437500 0.678125 0.437500 0.679688 0.435937 0.687500 0.435937 0.689063 0.437500 0.693750 0.437500 0.695312 0.435937 0.703125 0.435937 0.704688 0.437500 0.707812 0.437500 0.709375 0.435937 0.718750 0.435937 0.720313 0.434375 0.728125 0.434375 0.723437 0.434375 0.721875 0.432812 0.718750 0.432812 0.717187 0.434375 0.715625 0.434375 0.714063 0.432812 0.712500 0.432812 0.709375 0.429688 0.707812 0.429688 0.706250 0.428125 0.701562 0.428125 0.696875 0.423438 0.700000 0.420312 0.703125 0.420312 0.704688 0.421875 0.709375 0.421875 0.712500 0.425000 0.712500 0.426563 0.717187 0.426563 0.720313 0.429688 0.721875 0.428125 0.726562 0.428125 0.728125 0.426563 0.729688 0.426563 0.729688 0.423438 0.731250 0.421875 0.732812 0.423438 0.732812 0.426563 0.735938 0.429688 0.735938 0.432812 0.734375 0.434375 0.745313 0.434375 0.743750 0.434375 0.742188 0.432812 0.739062 0.432812 0.737500 0.431250 0.737500 0.429688 0.739062 0.428125 0.740625 0.428125 0.740625 0.423438 0.743750 0.420312 0.745313 0.420312 0.746875 0.418750 0.748437 0.420312 0.750000 0.420312 0.751563 0.421875 0.753125 0.420312 0.760938 0.420312 0.762500 0.418750 0.764062 0.420312 0.771875 0.420312 0.771875 0.418750 0.770312 0.417187 0.770312 0.415625 0.765625 0.415625 0.762500 0.418750 0.757812 0.414062 0.757812 0.412500 0.756250 0.412500 0.753125 0.409375 0.750000 0.409375 0.748437 0.410938 0.746875 0.410938 0.743750 0.407813 0.743750 0.406250 0.745313 0.404687 0.745313 0.401562 0.743750 0.400000 0.743750 0.398438 0.745313 0.396875 0.745313 0.395313 0.742188 0.392188 0.740625 0.392188 0.737500 0.389062 0.737500 0.387500 0.735938 0.385937 0.734375 0.385937 0.734375 0.387500 0.731250 0.390625 0.729688 0.389062 0.729688 0.387500 0.726562 0.384375 0.728125 0.382812 0.728125 0.379688 0.726562 0.379688 0.723437 0.382812 0.721875 0.382812 0.720313 0.381250 0.717187 0.384375 0.715625 0.384375 0.712500 0.381250 0.707812 0.381250 0.706250 0.382812 0.704688 0.382812 0.703125 0.384375 0.703125 0.385937 0.701562 0.387500 0.700000 0.387500 0.698438 0.385937 0.698438 0.381250 0.696875 0.379688 0.696875 0.378125 0.695312 0.376563 0.698438 0.373437 0.698438 0.370312 0.700000 0.368750 0.698438 0.368750 0.696875 0.367188 0.689063 0.367188 0.687500 0.368750 0.687500 0.373437 0.685937 0.375000 0.684375 0.375000 0.681250 0.371875 0.679688 0.371875 0.679688 0.373437 0.678125 0.375000 0.654687 0.375000 0.653125 0.376563 0.651563 0.375000 0.651563 0.373437 0.650000 0.371875 0.651563 0.370312 0.651563 0.368750 0.650000 0.368750 0.648438 0.367188 0.645312 0.367188 0.643750 0.365625 0.640625 0.365625 0.637500 0.368750 0.635938 0.367188 0.628125 0.367188 0.626563 0.368750 0.623437 0.368750 0.621875 0.367188 0.578125 0.367188 0.576562 0.365625 0.573438 0.365625 0.571875 0.364063 0.576562 0.359375 0.585938 0.359375 0.587500 0.357812 0.598437 0.357812 0.600000 0.359375 0.601562 0.357812 0.640625 0.357812 0.642188 0.359375 0.645312 0.359375 0.646875 0.357812 0.651563 0.357812 0.653125 0.356250 0.665625 0.356250 0.668750 0.353125 0.670312 0.353125 0.673438 0.356250 0.678125 0.356250 0.679688 0.357812 0.681250 0.357812 0.681250 0.353125 0.679688 0.351562 0.673438 0.351562 0.671875 0.353125 0.667188 0.353125 0.665625 0.351562 0.660937 0.351562 0.659375 0.350000 0.657813 0.350000 0.656250 0.351562 0.654687 0.351562 0.653125 0.353125 0.651563 0.351562 0.635938 0.351562 0.634375 0.350000 0.634375 0.345313 0.635938 0.343750 0.650000 0.343750 0.651563 0.342187 0.654687 0.342187 0.656250 0.343750 0.660937 0.343750 0.662500 0.342187 0.664062 0.342187 0.665625 0.340625 0.665625 0.339062 0.664062 0.337500 0.664062 0.335938 0.665625 0.334375 0.665625 0.332813 0.662500 0.332813 0.660937 0.331250 0.657813 0.331250 0.657813 0.332813 0.653125 0.337500 0.650000 0.334375 0.648438 0.334375 0.645312 0.331250 0.645312 0.328125 0.648438 0.325000 0.648438 0.321875 0.650000 0.320312 0.650000 0.318750 0.651563 0.317188 0.648438 0.314063 0.650000 0.312500 0.650000 0.304688 0.651563 0.303125 0.651563 0.301563 0.648438 0.298438 0.650000 0.296875 0.650000 0.295312 0.651563 0.293750 0.648438 0.290625 0.648438 0.289062 0.646875 0.287500 0.646875 0.285938 0.643750 0.285938 0.642188 0.284375 0.640625 0.284375 0.639062 0.285938 0.637500 0.285938 0.635938 0.284375 0.628125 0.284375 0.626563 0.285938 0.620313 0.285938 0.618750 0.284375 0.607812 0.284375 0.606250 0.285938 0.604688 0.284375 0.573438 0.284375 0.571875 0.282813 0.553125 0.282813 0.551562 0.281250 0.550000 0.282813 0.546875 0.282813 0.545312 0.281250 0.515625 0.281250 0.514062 0.282813 0.510938 0.282813 0.509375 0.281250
0 0.507812 0.198437 0.506250 0.200000 0.518750 0.200000 0.517188 0.200000 0.515625 0.198437 0.514062 0.200000 0.512500 0.198437
0 0.582812 0.190625 0.581250 0.192188 0.584375 0.192188
0 0.512500 0.190625 0.510938 0.192188 0.507812 0.192188 0.507812 0.193750 0.514062 0.193750 0.514062 0.192188
0 0.473438 0.182812 0.471875 0.184375 0.470313 0.184375 0.478125 0.184375 0.475000 0.184375
0 0.443750 0.175000 0.442188 0.176563 0.437500 0.176563 0.439063 0.178125 0.454688 0.178125 0.456250 0.176563 0.453125 0.176563 0.451562 0.175000
0 0.446875 0.168750 0.446875 0.170313 0.448437 0.168750
0 0.462500 0.167187 0.460938 0.168750 0.462500 0.168750
0 0.403125 0.167187 0.401562 0.168750 0.400000 0.168750 0.403125 0.168750
0 0.445312 0.160938 0.446875 0.162500 0.448437 0.160938
0 0.418750 0.132812 0.415625 0.135937 0.415625 0.137500 0.420312 0.137500 0.420312 0.132812
0 0.504687 0.128125 0.503125 0.129688 0.500000 0.129688 0.501563 0.131250 0.517188 0.131250 0.518750 0.129688 0.520312 0.129688 0.521875 0.131250 0.526563 0.131250 0.528125 0.129688 0.532813 0.129688 0.526563 0.129688 0.525000 0.128125 0.523438 0.129688 0.514062 0.129688 0.512500 0.128125
0 0.567187 0.114062 0.568750 0.114062 0.570312 0.115625 0.571875 0.115625 0.573438 0.114062
0 0.554688 0.106250 0.556250 0.107813 0.559375 0.107813 0.559375 0.106250
0 0.570312 0.104688 0.570312 0.107813 0.573438 0.107813 0.573438 0.106250 0.571875 0.104688
0 0.501563 0.104688 0.500000 0.106250 0.498437 0.106250 0.500000 0.107813 0.509375 0.107813 0.510938 0.106250 0.512500 0.106250 0.509375 0.106250 0.507812 0.104688
0 0.417187 0.096875 0.415625 0.098437 0.414062 0.098437 0.415625 0.100000 0.418750 0.100000 0.420312 0.098437 0.418750 0.096875
0 0.396875 0.089063 0.395313 0.090625 0.393750 0.090625 0.395313 0.090625 0.396875 0.092188 0.404687 0.092188 0.404687 0.090625 0.398438 0.090625
0 0.568750 0.082812 0.570312 0.084375 0.571875 0.084375 0.573438 0.082812
0 0.523438 0.082812 0.523438 0.084375 0.526563 0.084375 0.526563 0.082812
0 0.554688 0.081250 0.553125 0.082812 0.553125 0.084375 0.557813 0.084375 0.559375 0.082812 0.560937 0.082812 0.559375 0.082812 0.557813 0.081250
0 0.515625 0.075000 0.521875 0.075000 0.523438 0.076563 0.526563 0.076563 0.528125 0.075000 0.534375 0.075000
0 0.554688 0.067187 0.556250 0.068750 0.556250 0.067187
0 0.539062 0.067187 0.539062 0.068750 0.540625 0.068750 0.542188 0.067187
0 0.523438 0.067187 0.525000 0.068750 0.526563 0.067187
0 0.396875 0.067187 0.395313 0.068750 0.396875 0.070312 0.395313 0.071875 0.395313 0.073438 0.393750 0.075000 0.403125 0.075000 0.401562 0.073438 0.398438 0.073438 0.396875 0.071875 0.398438 0.070312 0.401562 0.070312 0.403125 0.068750 0.403125 0.067187
0 0.384375 0.065625 0.382812 0.067187 0.379688 0.067187 0.379688 0.071875 0.376563 0.075000 0.378125 0.075000 0.379688 0.076563 0.389062 0.076563 0.390625 0.075000 0.389062 0.075000 0.385937 0.071875 0.385937 0.068750 0.387500 0.067187 0.385937 0.067187
0 0.387500 0.057813 0.385937 0.059375 0.382812 0.059375 0.384375 0.060937 0.387500 0.060937 0.389062 0.059375
0 0.531250 0.050000 0.529687 0.051562 0.523438 0.051562 0.525000 0.053125 0.526563 0.051562 0.528125 0.051562 0.531250 0.054688 0.534375 0.054688 0.535937 0.056250 0.534375 0.057813 0.531250 0.057813 0.529687 0.059375 0.515625 0.059375 0.535937 0.059375 0.537500 0.060937 0.543750 0.060937 0.545312 0.059375 0.550000 0.059375 0.545312 0.059375 0.543750 0.057813 0.542188 0.057813 0.540625 0.056250 0.542188 0.054688 0.543750 0.054688 0.545312 0.053125 0.546875 0.053125 0.546875 0.051562 0.545312 0.051562 0.543750 0.050000
0 0.410938 0.050000 0.409375 0.051562 0.403125 0.051562 0.401562 0.053125 0.400000 0.053125 0.401562 0.054688 0.401562 0.056250 0.400000 0.057813 0.395313 0.057813 0.393750 0.059375 0.395313 0.060937 0.396875 0.060937 0.398438 0.059375 0.403125 0.059375 0.403125 0.056250 0.406250 0.053125 0.407813 0.053125 0.409375 0.054688 0.423438 0.054688 0.425000 0.056250 0.423438 0.057813 0.412500 0.057813 0.412500 0.059375 0.414062 0.060937 0.421875 0.060937 0.423438 0.059375 0.428125 0.064062 0.425000 0.067187 0.420312 0.067187 0.418750 0.065625 0.415625 0.065625 0.414062 0.067187 0.410938 0.067187 0.410938 0.068750 0.412500 0.068750 0.414062 0.070312 0.415625 0.070312 0.417187 0.071875 0.415625 0.073438 0.412500 0.073438 0.412500 0.076563 0.426563 0.076563 0.428125 0.078125 0.428125 0.079687 0.426563 0.081250 0.425000 0.081250 0.423438 0.082812 0.412500 0.082812 0.415625 0.082812 0.417187 0.084375 0.418750 0.084375 0.420312 0.085938 0.420312 0.087500 0.417187 0.090625 0.418750 0.092188 0.425000 0.092188 0.428125 0.095312 0.425000 0.098437 0.425000 0.103125 0.421875 0.106250 0.423438 0.106250 0.425000 0.107813 0.432812 0.107813 0.434375 0.109375 0.435937 0.109375 0.437500 0.107813 0.439063 0.107813 0.442188 0.110937 0.439063 0.114062 0.437500 0.114062 0.435937 0.112500 0.426563 0.112500 0.425000 0.114062 0.423438 0.114062 0.426563 0.117188 0.426563 0.118750 0.423438 0.121875 0.421875 0.121875 0.425000 0.121875 0.426563 0.123438 0.437500 0.123438 0.439063 0.121875 0.440625 0.123438 0.443750 0.123438 0.446875 0.126562 0.445312 0.128125 0.443750 0.128125 0.442188 0.129688 0.432812 0.129688 0.431250 0.128125 0.426563 0.128125 0.425000 0.129688 0.423438 0.129688 0.423438 0.131250 0.425000 0.132812 0.426563 0.132812 0.428125 0.131250 0.439063 0.131250 0.442188 0.134375 0.440625 0.135937 0.440625 0.137500 0.442188 0.137500 0.443750 0.139063 0.445312 0.139063 0.446875 0.140625 0.446875 0.142187 0.443750 0.145313 0.443750 0.146875 0.445312 0.146875 0.446875 0.148438 0.448437 0.148438 0.450000 0.150000 0.448437 0.151562 0.446875 0.151562 0.445312 0.153125 0.446875 0.154688 0.450000 0.154688 0.451562 0.153125 0.457813 0.153125 0.459375 0.154688 0.460938 0.153125 0.462500 0.154688 0.464062 0.154688 0.465625 0.156250 0.465625 0.157812 0.462500 0.160938 0.460938 0.160938 0.460938 0.162500 0.462500 0.164062 0.465625 0.164062 0.468750 0.160938 0.465625 0.157812 0.465625 0.150000 0.468750 0.146875 0.473438 0.146875 0.475000 0.148438 0.478125 0.148438 0.479687 0.150000 0.478125 0.151562 0.476562 0.151562 0.475000 0.153125 0.475000 0.156250 0.473438 0.157812 0.473438 0.159375 0.471875 0.160938 0.473438 0.160938 0.475000 0.162500 0.484375 0.162500 0.485938 0.164062 0.485938 0.165625 0.482812 0.168750 0.481250 0.168750 0.481250 0.171875 0.478125 0.175000 0.476562 0.175000 0.475000 0.176563 0.475000 0.178125 0.484375 0.178125 0.484375 0.176563 0.481250 0.173437 0.481250 0.171875 0.482812 0.170313 0.492188 0.170313 0.493750 0.171875 0.496875 0.171875 0.498437 0.170313 0.504687 0.170313 0.506250 0.171875 0.506250 0.173437 0.503125 0.176563 0.496875 0.176563 0.495312 0.175000 0.492188 0.175000 0.490625 0.176563 0.492188 0.178125 0.504687 0.178125 0.506250 0.179688 0.507812 0.179688 0.509375 0.181250 0.507812 0.182812 0.506250 0.182812 0.506250 0.184375 0.507812 0.185938 0.523438 0.185938 0.525000 0.187500 0.537500 0.187500 0.539062 0.189062 0.537500 0.190625 0.531250 0.190625 0.529687 0.192188 0.523438 0.192188 0.523438 0.193750 0.532813 0.193750 0.535937 0.196875 0.532813 0.200000 0.531250 0.200000 0.529687 0.198437 0.526563 0.198437 0.525000 0.200000 0.523438 0.200000 0.535937 0.200000 0.537500 0.201563 0.545312 0.201563 0.546875 0.200000 0.551562 0.200000 0.553125 0.201563 0.581250 0.201563 0.582812 0.200000 0.584375 0.200000 0.581250 0.200000 0.579688 0.198437 0.578125 0.198437 0.576562 0.200000 0.575000 0.200000 0.573438 0.198437 0.565625 0.198437 0.564063 0.196875 0.559375 0.196875 0.554688 0.192188 0.543750 0.192188 0.540625 0.189062 0.540625 0.187500 0.543750 0.184375 0.545312 0.184375 0.546875 0.185938 0.550000 0.185938 0.551562 0.184375 0.553125 0.185938 0.560937 0.185938 0.562500 0.184375 0.564063 0.184375 0.565625 0.185938 0.568750 0.185938 0.570312 0.187500 0.573438 0.187500 0.575000 0.185938 0.576562 0.185938 0.578125 0.184375 0.576562 0.184375 0.575000 0.182812 0.573438 0.182812 0.571875 0.181250 0.571875 0.179688 0.573438 0.178125 0.578125 0.178125 0.578125 0.176563 0.575000 0.173437 0.578125 0.170313 0.582812 0.170313 0.582812 0.168750 0.581250 0.167187 0.579688 0.167187 0.578125 0.165625 0.581250 0.162500 0.581250 0.160938 0.578125 0.157812 0.582812 0.153125 0.582812 0.145313 0.579688 0.142187 0.582812 0.139063 0.582812 0.137500 0.581250 0.135937 0.571875 0.135937 0.570312 0.137500 0.556250 0.137500 0.556250 0.142187 0.553125 0.145313 0.542188 0.145313 0.542188 0.150000 0.539062 0.153125 0.537500 0.153125 0.537500 0.157812 0.535937 0.159375 0.534375 0.159375 0.532813 0.160938 0.512500 0.160938 0.510938 0.159375 0.509375 0.159375 0.507812 0.157812 0.503125 0.157812 0.501563 0.159375 0.498437 0.156250 0.498437 0.153125 0.496875 0.153125 0.495312 0.151562 0.493750 0.151562 0.492188 0.150000 0.487500 0.150000 0.485938 0.151562 0.484375 0.150000 0.481250 0.150000 0.479687 0.148438 0.479687 0.145313 0.475000 0.140625 0.476562 0.139063 0.476562 0.137500 0.473438 0.134375 0.478125 0.129688 0.484375 0.129688 0.485938 0.131250 0.487500 0.129688 0.495312 0.129688 0.481250 0.129688 0.478125 0.126562 0.478125 0.125000 0.479687 0.123438 0.479687 0.121875 0.478125 0.121875 0.476562 0.120313 0.475000 0.120313 0.473438 0.118750 0.475000 0.117188 0.478125 0.117188 0.479687 0.115625 0.514062 0.115625 0.515625 0.117188 0.529687 0.117188 0.531250 0.118750 0.529687 0.120313 0.523438 0.120313 0.521875 0.121875 0.518750 0.121875 0.517188 0.120313 0.515625 0.120313 0.514062 0.121875 0.507812 0.121875 0.507812 0.123438 0.512500 0.123438 0.514062 0.121875 0.521875 0.121875 0.523438 0.123438 0.543750 0.123438 0.545312 0.121875 0.546875 0.121875 0.545312 0.120313 0.543750 0.120313 0.542188 0.118750 0.545312 0.115625 0.559375 0.115625 0.560937 0.114062 0.559375 0.114062 0.557813 0.112500 0.554688 0.112500 0.553125 0.114062 0.546875 0.114062 0.543750 0.110937 0.543750 0.109375 0.546875 0.106250 0.548438 0.106250 0.543750 0.106250 0.542188 0.104688 0.540625 0.104688 0.539062 0.103125 0.540625 0.101562 0.545312 0.101562 0.546875 0.100000 0.560937 0.100000 0.562500 0.098437 0.564063 0.098437 0.565625 0.100000 0.567187 0.100000 0.568750 0.101562 0.571875 0.101562 0.573438 0.100000 0.575000 0.100000 0.576562 0.098437 0.575000 0.098437 0.573438 0.096875 0.568750 0.096875 0.567187 0.098437 0.560937 0.098437 0.559375 0.096875 0.553125 0.096875 0.551562 0.098437 0.548438 0.098437 0.545312 0.095312 0.545312 0.093750 0.546875 0.092188 0.548438 0.092188 0.550000 0.090625 0.553125 0.090625 0.556250 0.093750 0.557813 0.092188 0.559375 0.092188 0.559375 0.090625 0.551562 0.090625 0.550000 0.089063 0.548438 0.089063 0.546875 0.087500 0.546875 0.082812 0.543750 0.079687 0.543750 0.078125 0.545312 0.076563 0.546875 0.076563 0.548438 0.075000 0.553125 0.075000 0.554688 0.076563 0.559375 0.076563 0.560937 0.075000 0.568750 0.075000 0.570312 0.076563 0.571875 0.076563 0.573438 0.075000 0.537500 0.075000 0.537500 0.076563 0.540625 0.076563 0.542188 0.078125 0.542188 0.079687 0.540625 0.081250 0.535937 0.081250 0.534375 0.082812 0.531250 0.082812 0.531250 0.084375 0.532813 0.085938 0.532813 0.087500 0.531250 0.089063 0.525000 0.089063 0.523438 0.090625 0.520312 0.090625 0.525000 0.095312 0.523438 0.096875 0.520312 0.096875 0.518750 0.098437 0.507812 0.098437 0.509375 0.100000 0.510938 0.100000 0.512500 0.101562 0.514062 0.101562 0.515625 0.100000 0.526563 0.100000 0.528125 0.098437 0.532813 0.103125 0.531250 0.104688 0.531250 0.107813 0.534375 0.107813 0.535937 0.109375 0.535937 0.110937 0.534375 0.112500 0.529687 0.112500 0.526563 0.109375 0.526563 0.107813 0.525000 0.106250 0.525000 0.109375 0.521875 0.112500 0.517188 0.112500 0.515625 0.114062 0.510938 0.114062 0.509375 0.112500 0.504687 0.112500 0.503125 0.114062 0.500000 0.114062 0.498437 0.112500 0.484375 0.112500 0.482812 0.110937 0.482812 0.109375 0.484375 0.107813 0.487500 0.107813 0.489063 0.109375 0.492188 0.109375 0.493750 0.107813 0.495312 0.107813 0.495312 0.106250 0.493750 0.106250 0.492188 0.104688 0.487500 0.104688 0.485938 0.106250 0.482812 0.103125 0.482812 0.101562 0.485938 0.098437 0.490625 0.098437 0.490625 0.095312 0.492188 0.093750 0.496875 0.093750 0.498437 0.092188 0.512500 0.092188 0.514062 0.090625 0.510938 0.090625 0.509375 0.089063 0.507812 0.089063 0.506250 0.087500 0.506250 0.085938 0.507812 0.084375 0.509375 0.084375 0.509375 0.081250 0.507812 0.081250 0.506250 0.079687 0.510938 0.075000 0.509375 0.075000 0.507812 0.073438 0.504687 0.073438 0.498437 0.067187 0.493750 0.067187 0.492188 0.065625 0.482812 0.065625 0.481250 0.064062 0.484375 0.060937 0.485938 0.060937 0.487500 0.059375 0.484375 0.059375 0.479687 0.054688 0.467187 0.054688 0.465625 0.053125 0.464062 0.053125 0.460938 0.050000 0.448437 0.050000 0.446875 0.051562 0.440625 0.051562 0.439063 0.053125 0.437500 0.053125 0.435937 0.054688 0.434375 0.054688 0.429688 0.050000 0.425000 0.050000 0.423438 0.051562 0.421875 0.051562 0.420312 0.050000
0 0.426563 0.042188 0.425000 0.043750 0.426563 0.045312 0.429688 0.045312 0.431250 0.043750 0.428125 0.043750
0 0.415625 0.035937 0.417187 0.037500 0.425000 0.037500 0.423438 0.035937
0 0.525000 0.034375 0.523438 0.035937 0.521875 0.035937 0.520312 0.037500 0.521875 0.039062 0.521875 0.040625 0.518750 0.043750 0.517188 0.043750 0.520312 0.043750 0.521875 0.045312 0.526563 0.045312 0.528125 0.043750 0.528125 0.039062 0.529687 0.037500 0.529687 0.035937 0.528125 0.034375