0 0.542188 0.817187 0.543750 0.818750 0.545312 0.818750 0.545312 0.817187
0 0.567187 0.815625 0.565625 0.817187 0.550000 0.817187 0.550000 0.818750 0.551562 0.820312 0.551562 0.821875 0.553125 0.820312 0.554688 0.820312 0.556250 0.818750 0.557813 0.820312 0.559375 0.820312 0.560937 0.821875 0.560937 0.825000 0.565625 0.825000 0.567187 0.826562 0.576562 0.826562 0.576562 0.821875 0.579688 0.818750 0.581250 0.820312 0.581250 0.825000 0.582812 0.826562 0.589063 0.826562 0.590625 0.825000 0.590625 0.823438 0.587500 0.823438 0.585938 0.821875 0.585938 0.817187 0.584375 0.817187 0.582812 0.815625 0.581250 0.817187 0.576562 0.817187 0.575000 0.815625 0.573438 0.817187 0.570312 0.817187 0.568750 0.815625
0 0.043750 0.567187 0.043750 0.568750 0.045312 0.567187
0 0.035937 0.567187 0.035937 0.571875 0.035937 0.568750 0.037500 0.567187
0 0.035937 0.550000 0.034375 0.551562 0.034375 0.560937 0.037500 0.560937 0.039062 0.559375 0.040625 0.559375 0.042188 0.560937 0.045312 0.560937 0.046875 0.559375 0.046875 0.554688 0.045312 0.553125 0.045312 0.550000 0.043750 0.550000 0.042188 0.551562 0.042188 0.557813 0.040625 0.559375 0.037500 0.556250 0.037500 0.554688 0.039062 0.553125 0.039062 0.551562 0.037500 0.550000
0 0.043750 0.534375 0.042188 0.535937 0.042188 0.542188 0.040625 0.543750 0.037500 0.540625 0.037500 0.539062 0.039062 0.537500 0.037500 0.535937 0.035937 0.535937 0.035937 0.537500 0.034375 0.539062 0.034375 0.545312 0.035937 0.546875 0.037500 0.545312 0.039062 0.545312 0.040625 0.543750 0.043750 0.546875 0.045312 0.546875 0.046875 0.545312 0.046875 0.537500 0.045312 0.535937 0.045312 0.534375
0 0.137500 0.493750 0.134375 0.496875 0.135937 0.498437 0.139063 0.498437 0.139063 0.495312
0 0.200000 0.492188 0.200000 0.495312 0.201563 0.493750
0 0.012500 0.476562 0.009375 0.479687 0.007812 0.479687 0.006250 0.478125 0.004687 0.478125 0.003125 0.479687 0.003125 0.482812 0.014063 0.482812 0.014063 0.476562
0 0.712500 0.464062 0.710938 0.465625 0.712500 0.465625
0 0.059375 0.464062 0.057813 0.465625 0.060937 0.465625
0 0.051562 0.464062 0.051562 0.465625 0.053125 0.465625
0 0.184375 0.462500 0.184375 0.465625 0.185938 0.464062 0.185938 0.462500
0 0.689063 0.456250 0.687500 0.457813 0.689063 0.459375 0.695312 0.459375 0.696875 0.457813 0.692187 0.457813 0.690625 0.456250
0 0.090625 0.448437 0.089063 0.450000 0.082812 0.450000 0.084375 0.451562 0.093750 0.451562 0.093750 0.450000 0.092188 0.448437
0 0.098437 0.446875 0.096875 0.448437 0.096875 0.451562 0.107813 0.451562 0.107813 0.446875 0.106250 0.446875 0.103125 0.450000 0.101562 0.448437 0.100000 0.448437
0 0.012500 0.446875 0.010937 0.448437 0.004687 0.448437 0.003125 0.450000 0.004687 0.450000 0.006250 0.451562 0.012500 0.451562 0.014063 0.450000 0.014063 0.448437
0 0.135937 0.434375 0.137500 0.435937 0.139063 0.434375
0 0.184375 0.415625 0.181250 0.418750 0.182812 0.418750 0.184375 0.420312 0.185938 0.418750 0.185938 0.417187
0 0.223438 0.412500 0.223438 0.415625 0.225000 0.414062 0.225000 0.412500
0 0.504687 0.410938 0.504687 0.412500 0.512500 0.412500 0.512500 0.410938
0 0.214062 0.409375 0.212500 0.410938 0.210938 0.410938 0.212500 0.412500 0.214062 0.412500 0.215625 0.414062 0.217188 0.414062 0.217188 0.410938 0.215625 0.409375
0 0.487500 0.403125 0.489063 0.404687 0.493750 0.404687 0.493750 0.403125
0 0.214062 0.401562 0.212500 0.403125 0.210938 0.403125 0.210938 0.404687 0.212500 0.404687 0.214062 0.406250 0.217188 0.406250 0.218750 0.404687 0.220312 0.404687 0.221875 0.406250 0.229687 0.406250 0.231250 0.407813 0.231250 0.415625 0.231250 0.409375 0.234375 0.406250 0.239063 0.406250 0.240625 0.404687 0.246875 0.404687 0.248438 0.403125 0.234375 0.403125 0.232813 0.401562 0.221875 0.401562 0.220312 0.403125 0.218750 0.403125 0.217188 0.401562
0 0.231250 0.385937 0.229687 0.387500 0.225000 0.387500 0.223438 0.389062 0.223438 0.392188 0.232813 0.392188 0.234375 0.390625 0.234375 0.389062 0.232813 0.387500 0.232813 0.385937
0 0.215625 0.385937 0.214062 0.387500 0.217188 0.387500
0 0.207813 0.385937 0.206250 0.387500 0.198437 0.387500 0.209375 0.387500
0 0.168750 0.385937 0.167187 0.387500 0.160938 0.387500 0.168750 0.387500
0 0.215625 0.370312 0.214062 0.371875 0.209375 0.371875 0.217188 0.371875 0.218750 0.373437 0.232813 0.373437 0.234375 0.371875 0.232813 0.370312 0.221875 0.370312 0.220312 0.371875 0.218750 0.371875 0.217188 0.370312
0 0.262500 0.368750 0.259375 0.371875 0.259375 0.373437 0.264062 0.373437 0.264062 0.370312
0 0.239063 0.368750 0.239063 0.370312 0.237500 0.371875 0.246875 0.371875 0.246875 0.368750 0.243750 0.371875 0.242188 0.371875
0 0.262500 0.354687 0.260937 0.356250 0.259375 0.356250 0.260937 0.356250 0.262500 0.357812 0.264062 0.356250
0 0.231250 0.353125 0.229687 0.354687 0.223438 0.354687 0.221875 0.356250 0.223438 0.356250 0.225000 0.357812 0.231250 0.357812 0.232813 0.356250 0.246875 0.356250 0.246875 0.354687 0.245312 0.354687 0.243750 0.356250 0.242188 0.356250 0.240625 0.354687 0.239063 0.354687 0.237500 0.356250 0.234375 0.356250
0 0.010937 0.353125 0.009375 0.354687 0.007812 0.354687 0.006250 0.356250 0.007812 0.357812 0.014063 0.357812 0.014063 0.354687 0.012500 0.353125
0 0.239063 0.339062 0.237500 0.340625 0.246875 0.340625 0.242188 0.340625 0.240625 0.339062
0 0.231250 0.337500 0.229687 0.339062 0.221875 0.339062 0.220312 0.340625 0.206250 0.340625 0.220312 0.340625 0.221875 0.342187 0.232813 0.342187 0.234375 0.340625
0 0.284375 0.332813 0.282813 0.334375 0.282813 0.337500 0.284375 0.339062 0.284375 0.342187 0.285938 0.343750 0.285938 0.345313 0.287500 0.346875 0.287500 0.350000 0.289062 0.351562 0.289062 0.357812 0.290625 0.359375 0.290625 0.360938 0.292187 0.362500 0.292187 0.375000 0.293750 0.376563 0.293750 0.384375 0.292187 0.385937 0.292187 0.387500 0.290625 0.389062 0.290625 0.390625 0.289062 0.392188 0.289062 0.393750 0.284375 0.398438 0.284375 0.400000 0.282813 0.401562 0.281250 0.401562 0.267188 0.415625 0.262500 0.415625 0.259375 0.418750 0.256250 0.418750 0.254688 0.420312 0.256250 0.421875 0.251563 0.426563 0.250000 0.425000 0.245312 0.425000 0.243750 0.426563 0.239063 0.426563 0.239063 0.434375 0.243750 0.434375 0.245312 0.435937 0.248438 0.435937 0.250000 0.434375 0.251563 0.434375 0.253125 0.435937 0.265625 0.435937 0.267188 0.434375 0.268750 0.435937 0.271875 0.435937 0.273438 0.434375 0.279687 0.434375 0.279687 0.431250 0.282813 0.428125 0.284375 0.428125 0.287500 0.431250 0.284375 0.434375 0.284375 0.435937 0.285938 0.437500 0.304688 0.437500 0.306250 0.439063 0.307812 0.437500 0.312500 0.437500 0.314063 0.439063 0.315625 0.437500 0.318750 0.437500 0.320312 0.439063 0.321875 0.439063 0.323437 0.437500 0.334375 0.437500 0.335938 0.439063 0.335938 0.442188 0.332813 0.445312 0.329688 0.445312 0.328125 0.446875 0.326562 0.445312 0.325000 0.445312 0.321875 0.448437 0.318750 0.448437 0.317188 0.450000 0.314063 0.450000 0.312500 0.451562 0.309375 0.451562 0.307812 0.453125 0.306250 0.453125 0.304688 0.454688 0.303125 0.454688 0.301563 0.456250 0.300000 0.456250 0.298438 0.457813 0.290625 0.457813 0.289062 0.459375 0.284375 0.459375 0.282813 0.460938 0.276562 0.460938 0.275000 0.462500 0.273438 0.462500 0.271875 0.460938 0.268750 0.460938 0.267188 0.462500 0.265625 0.462500 0.264062 0.460938 0.260937 0.460938 0.259375 0.462500 0.257812 0.462500 0.256250 0.460938 0.254688 0.460938 0.253125 0.462500 0.250000 0.462500 0.248438 0.460938 0.245312 0.460938 0.243750 0.462500 0.242188 0.460938 0.237500 0.460938 0.235937 0.462500 0.234375 0.462500 0.232813 0.460938 0.221875 0.460938 0.220312 0.462500 0.218750 0.460938 0.214062 0.460938 0.212500 0.462500 0.210938 0.462500 0.209375 0.460938 0.207813 0.460938 0.206250 0.462500 0.203125 0.462500 0.201563 0.460938 0.198437 0.460938 0.196875 0.462500 0.192188 0.462500 0.192188 0.465625 0.195312 0.465625 0.196875 0.464062 0.200000 0.467187 0.204687 0.462500 0.207813 0.465625 0.210938 0.465625 0.212500 0.464062 0.215625 0.467187 0.217188 0.465625 0.218750 0.465625 0.220312 0.464062 0.223438 0.467187 0.225000 0.467187 0.226562 0.465625 0.229687 0.465625 0.231250 0.467187 0.234375 0.464062 0.235937 0.464062 0.237500 0.465625 0.248438 0.465625 0.251563 0.462500 0.254688 0.465625 0.256250 0.465625 0.257812 0.464062 0.259375 0.464062 0.260937 0.465625 0.262500 0.465625 0.265625 0.462500 0.270313 0.462500 0.271875 0.464062 0.273438 0.464062 0.275000 0.465625 0.275000 0.468750 0.273438 0.470313 0.273438 0.471875 0.270313 0.475000 0.268750 0.475000 0.267188 0.476562 0.265625 0.476562 0.264062 0.478125 0.262500 0.478125 0.251563 0.489063 0.250000 0.489063 0.248438 0.490625 0.246875 0.490625 0.245312 0.492188 0.243750 0.492188 0.242188 0.493750 0.240625 0.493750 0.234375 0.500000 0.232813 0.500000 0.228125 0.504687 0.226562 0.504687 0.225000 0.506250 0.223438 0.506250 0.221875 0.507812 0.206250 0.507812 0.204687 0.509375 0.203125 0.509375 0.201563 0.507812 0.200000 0.507812 0.198437 0.509375 0.187500 0.509375 0.185938 0.507812 0.184375 0.507812 0.182812 0.509375 0.176563 0.509375 0.175000 0.510938 0.159375 0.510938 0.157812 0.512500 0.156250 0.510938 0.151562 0.510938 0.150000 0.512500 0.145313 0.512500 0.143750 0.514062 0.140625 0.514062 0.139063 0.512500 0.135937 0.512500 0.134375 0.514062 0.132812 0.514062 0.131250 0.512500 0.128125 0.512500 0.126562 0.514062 0.125000 0.514062 0.123438 0.512500 0.121875 0.512500 0.121875 0.515625 0.123438 0.517188 0.121875 0.518750 0.120313 0.518750 0.118750 0.520312 0.115625 0.517188 0.115625 0.514062 0.114062 0.512500 0.110937 0.515625 0.109375 0.515625 0.106250 0.512500 0.104688 0.514062 0.104688 0.515625 0.103125 0.517188 0.100000 0.514062 0.098437 0.514062 0.096875 0.515625 0.093750 0.515625 0.092188 0.514062 0.090625 0.514062 0.085938 0.518750 0.084375 0.517188 0.082812 0.517188 0.079687 0.520312 0.068750 0.520312 0.065625 0.523438 0.057813 0.523438 0.056250 0.525000 0.054688 0.525000 0.053125 0.523438 0.051562 0.523438 0.050000 0.525000 0.045312 0.525000 0.043750 0.523438 0.040625 0.526563 0.039062 0.525000 0.031250 0.525000 0.029687 0.523438 0.026562 0.523438 0.025000 0.525000 0.021875 0.525000 0.020313 0.523438 0.018750 0.525000 0.015625 0.525000 0.014063 0.526563 0.012500 0.526563 0.006250 0.532813 0.004687 0.532813 0.003125 0.534375 0.003125 0.535937 0.000000 0.539062 0.000000 0.550000 0.001563 0.551562 0.001563 0.553125 0.000000 0.554688 0.000000 0.562500 0.003125 0.565625 0.003125 0.576562 0.004687 0.578125 0.009375 0.578125 0.010937 0.579688 0.010937 0.581250 0.012500 0.582812 0.012500 0.585938 0.012500 0.584375 0.014063 0.582812 0.014063 0.579688 0.015625 0.578125 0.015625 0.573438 0.017188 0.571875 0.018750 0.573438 0.018750 0.576562 0.021875 0.576562 0.023438 0.575000 0.021875 0.573438 0.021875 0.570312 0.023438 0.568750 0.023438 0.567187 0.020313 0.564063 0.021875 0.562500 0.023438 0.562500 0.025000 0.560937 0.028125 0.564063 0.026562 0.565625 0.026562 0.575000 0.028125 0.576562 0.029687 0.575000 0.029687 0.565625 0.028125 0.564063 0.031250 0.560937 0.031250 0.539062 0.029687 0.537500 0.029687 0.534375 0.028125 0.532813 0.032813 0.528125 0.034375 0.529687 0.037500 0.529687 0.039062 0.528125 0.040625 0.528125 0.042188 0.529687 0.046875 0.529687 0.048438 0.528125 0.050000 0.529687 0.059375 0.529687 0.062500 0.532813 0.060937 0.534375 0.057813 0.534375 0.056250 0.535937 0.054688 0.535937 0.053125 0.534375 0.051562 0.534375 0.050000 0.535937 0.050000 0.546875 0.053125 0.546875 0.054688 0.545312 0.056250 0.545312 0.059375 0.548438 0.056250 0.551562 0.054688 0.551562 0.053125 0.550000 0.050000 0.550000 0.050000 0.560937 0.053125 0.560937 0.054688 0.559375 0.054688 0.557813 0.053125 0.556250 0.056250 0.553125 0.057813 0.554688 0.057813 0.559375 0.059375 0.559375 0.060937 0.557813 0.060937 0.556250 0.062500 0.554688 0.062500 0.551562 0.064062 0.550000 0.065625 0.551562 0.065625 0.556250 0.067187 0.557813 0.067187 0.556250 0.068750 0.554688 0.068750 0.553125 0.070312 0.551562 0.068750 0.550000 0.068750 0.548438 0.070312 0.546875 0.073438 0.546875 0.075000 0.548438 0.075000 0.550000 0.073438 0.551562 0.075000 0.553125 0.075000 0.551562 0.078125 0.548438 0.079687 0.548438 0.082812 0.551562 0.078125 0.556250 0.076563 0.556250 0.071875 0.560937 0.070312 0.560937 0.070312 0.562500 0.067187 0.565625 0.065625 0.565625 0.064062 0.567187 0.060937 0.567187 0.059375 0.568750 0.057813 0.568750 0.054688 0.571875 0.053125 0.571875 0.046875 0.578125 0.045312 0.578125 0.045312 0.579688 0.043750 0.581250 0.042188 0.581250 0.040625 0.582812 0.039062 0.582812 0.037500 0.584375 0.035937 0.584375 0.028125 0.592187 0.026562 0.592187 0.021875 0.596875 0.020313 0.596875 0.018750 0.598437 0.000000 0.598437 0.000000 0.810937 0.001563 0.810937 0.003125 0.812500 0.003125 0.814063 0.006250 0.814063 0.007812 0.812500 0.018750 0.812500 0.020313 0.814063 0.021875 0.812500 0.026562 0.812500 0.028125 0.814063 0.028125 0.815625 0.032813 0.815625 0.035937 0.818750 0.037500 0.818750 0.039062 0.817187 0.040625 0.818750 0.042188 0.818750 0.043750 0.820312 0.043750 0.821875 0.045312 0.821875 0.046875 0.820312 0.048438 0.820312 0.050000 0.821875 0.054688 0.821875 0.056250 0.820312 0.059375 0.823438 0.070312 0.823438 0.071875 0.825000 0.075000 0.825000 0.076563 0.826562 0.090625 0.826562 0.093750 0.823438 0.100000 0.823438 0.101562 0.825000 0.103125 0.825000 0.104688 0.826562 0.112500 0.826562 0.114062 0.825000 0.115625 0.825000 0.117188 0.826562 0.128125 0.826562 0.129688 0.825000 0.140625 0.825000 0.142187 0.823438 0.143750 0.823438 0.145313 0.821875 0.148438 0.821875 0.151562 0.825000 0.210938 0.825000 0.212500 0.826562 0.215625 0.826562 0.217188 0.828125 0.215625 0.829688 0.214062 0.829688 0.212500 0.831250 0.189062 0.831250 0.187500 0.832812 0.173437 0.832812 0.171875 0.834375 0.162500 0.834375 0.160938 0.835938 0.153125 0.835938 0.153125 0.837500 0.148438 0.842187 0.146875 0.842187 0.145313 0.843750 0.142187 0.843750 0.140625 0.845313 0.139063 0.845313 0.137500 0.846875 0.134375 0.846875 0.132812 0.848437 0.131250 0.848437 0.129688 0.850000 0.128125 0.850000 0.126562 0.851562 0.123438 0.851562 0.120313 0.854688 0.118750 0.854688 0.115625 0.857812 0.112500 0.857812 0.110937 0.859375 0.104688 0.859375 0.103125 0.860938 0.101562 0.860938 0.100000 0.862500 0.098437 0.862500 0.096875 0.864062 0.093750 0.864062 0.092188 0.865625 0.087500 0.865625 0.085938 0.867188 0.082812 0.867188 0.081250 0.868750 0.075000 0.868750 0.073438 0.870313 0.071875 0.870313 0.070312 0.871875 0.068750 0.871875 0.067187 0.873437 0.059375 0.873437 0.057813 0.875000 0.053125 0.875000 0.048438 0.879687 0.046875 0.879687 0.045312 0.881250 0.043750 0.881250 0.042188 0.882812 0.042188 0.884375 0.040625 0.885938 0.040625 0.887500 0.039062 0.889062 0.039062 0.890625 0.035937 0.893750 0.035937 0.895312 0.034375 0.896875 0.034375 0.898438 0.031250 0.901563 0.031250 0.904687 0.029687 0.906250 0.029687 0.907813 0.028125 0.909375 0.028125 0.910937 0.026562 0.912500 0.026562 0.914062 0.025000 0.915625 0.025000 0.917188 0.023438 0.918750 0.023438 0.921875 0.020313 0.925000 0.020313 0.926562 0.015625 0.931250 0.015625 0.934375 0.014063 0.935937 0.014063 0.937500 0.012500 0.939063 0.012500 0.942187 0.009375 0.945312 0.009375 0.946875 0.007812 0.948438 0.007812 0.951562 0.006250 0.953125 0.006250 0.954688 0.004687 0.956250 0.004687 0.959375 0.003125 0.960938 0.003125 0.975000 0.001563 0.976562 0.001563 0.992188 0.000000 0.993750 0.000000 0.995313 0.001563 0.996875 0.001563 0.998437 0.353125 0.998437 0.356250 0.995313 0.359375 0.995313 0.360938 0.996875 0.365625 0.996875 0.367188 0.998437 0.681250 0.998437 0.681250 0.996875 0.679688 0.995313 0.679688 0.990625 0.678125 0.989062 0.678125 0.982812 0.676562 0.981250 0.676562 0.978125 0.671875 0.973437 0.671875 0.971875 0.670312 0.970313 0.670312 0.964063 0.664062 0.957812 0.664062 0.953125 0.662500 0.951562 0.662500 0.950000 0.660937 0.948438 0.660937 0.945312 0.659375 0.945312 0.656250 0.942187 0.656250 0.940625 0.654687 0.939063 0.654687 0.935937 0.653125 0.934375 0.653125 0.931250 0.650000 0.928125 0.650000 0.926562 0.648438 0.925000 0.648438 0.920312 0.646875 0.918750 0.646875 0.915625 0.640625 0.909375 0.640625 0.907813 0.639062 0.906250 0.639062 0.903125 0.637500 0.901563 0.637500 0.900000 0.632812 0.895312 0.632812 0.892188 0.631250 0.890625 0.631250 0.889062 0.629687 0.887500 0.629687 0.882812 0.628125 0.882812 0.626563 0.881250 0.626563 0.879687 0.625000 0.878125 0.625000 0.876563 0.623437 0.875000 0.623437 0.870313 0.621875 0.868750 0.621875 0.867188 0.618750 0.864062 0.618750 0.862500 0.617188 0.860938 0.617188 0.859375 0.615625 0.859375 0.612500 0.856250 0.612500 0.854688 0.610938 0.853125 0.610938 0.851562 0.609375 0.850000 0.609375 0.848437 0.607812 0.846875 0.607812 0.843750 0.604688 0.840625 0.589063 0.840625 0.587500 0.839063 0.575000 0.839063 0.573438 0.837500 0.571875 0.837500 0.570312 0.835938 0.568750 0.835938 0.567187 0.834375 0.559375 0.834375 0.557813 0.832812 0.553125 0.832812 0.551562 0.831250 0.546875 0.831250 0.545312 0.829688 0.543750 0.829688 0.542188 0.828125 0.539062 0.828125 0.537500 0.826562 0.529687 0.826562 0.528125 0.825000 0.525000 0.825000 0.521875 0.821875 0.521875 0.820312 0.520312 0.820312 0.517188 0.817187 0.512500 0.817187 0.510938 0.815625 0.495312 0.815625 0.493750 0.814063 0.493750 0.812500 0.496875 0.809375 0.498437 0.809375 0.500000 0.810937 0.503125 0.810937 0.504687 0.809375 0.509375 0.809375 0.510938 0.807813 0.526563 0.807813 0.528125 0.806250 0.529687 0.807813 0.534375 0.807813 0.535937 0.806250 0.550000 0.806250 0.551562 0.804688 0.553125 0.804688 0.554688 0.806250 0.556250 0.806250 0.557813 0.804688 0.560937 0.804688 0.562500 0.806250 0.564063 0.806250 0.565625 0.804688 0.589063 0.804688 0.590625 0.803125 0.596875 0.803125 0.598437 0.804688 0.601562 0.804688 0.603125 0.806250 0.603125 0.810937 0.609375 0.810937 0.610938 0.809375 0.612500 0.810937 0.612500 0.812500 0.614062 0.814063 0.612500 0.815625 0.612500 0.817187 0.617188 0.821875 0.617188 0.823438 0.625000 0.831250 0.625000 0.832812 0.628125 0.835938 0.628125 0.837500 0.629687 0.839063 0.629687 0.840625 0.631250 0.842187 0.631250 0.843750 0.632812 0.845313 0.632812 0.848437 0.637500 0.853125 0.637500 0.857812 0.642188 0.862500 0.642188 0.865625 0.643750 0.867188 0.643750 0.868750 0.645312 0.870313 0.645312 0.871875 0.646875 0.873437 0.646875 0.875000 0.648438 0.876563 0.648438 0.879687 0.651563 0.882812 0.651563 0.884375 0.653125 0.885938 0.653125 0.887500 0.659375 0.893750 0.659375 0.896875 0.660937 0.898438 0.660937 0.900000 0.662500 0.901563 0.662500 0.903125 0.665625 0.906250 0.665625 0.910937 0.670312 0.915625 0.670312 0.920312 0.671875 0.921875 0.671875 0.923438 0.675000 0.926562 0.675000 0.929688 0.678125 0.932813 0.678125 0.934375 0.681250 0.937500 0.681250 0.939063 0.682813 0.940625 0.682813 0.942187 0.685937 0.945312 0.685937 0.950000 0.690625 0.954688 0.690625 0.956250 0.692187 0.957812 0.692187 0.959375 0.693750 0.960938 0.693750 0.962500 0.695312 0.964063 0.695312 0.965625 0.698438 0.968750 0.698438 0.970313 0.703125 0.975000 0.703125 0.976562 0.704688 0.978125 0.704688 0.979688 0.710938 0.985938 0.710938 0.989062 0.714063 0.992188 0.714063 0.993750 0.715625 0.995313 0.715625 0.998437 0.998437 0.998437 0.998437 0.820312 0.992188 0.814063 0.993750 0.812500 0.993750 0.810937 0.995313 0.809375 0.993750 0.809375 0.989062 0.804688 0.987500 0.804688 0.985938 0.803125 0.982812 0.803125 0.981250 0.801562 0.979688 0.801562 0.978125 0.800000 0.975000 0.800000 0.973437 0.798438 0.973437 0.796875 0.975000 0.795312 0.975000 0.793750 0.973437 0.792188 0.971875 0.792188 0.970313 0.790625 0.968750 0.790625 0.967187 0.789062 0.965625 0.789062 0.962500 0.785937 0.960938 0.785937 0.956250 0.781250 0.956250 0.778125 0.954688 0.778125 0.951562 0.775000 0.950000 0.775000 0.948438 0.773438 0.946875 0.773438 0.942187 0.768750 0.940625 0.768750 0.934375 0.762500 0.932813 0.762500 0.928125 0.757812 0.926562 0.757812 0.925000 0.756250 0.923438 0.756250 0.921875 0.754687 0.920312 0.754687 0.918750 0.753125 0.917188 0.753125 0.910937 0.746875 0.909375 0.746875 0.906250 0.743750 0.904687 0.743750 0.903125 0.742188 0.901563 0.742188 0.900000 0.740625 0.898438 0.740625 0.895312 0.737500 0.893750 0.737500 0.889062 0.732812 0.887500 0.732812 0.881250 0.726562 0.879687 0.726562 0.878125 0.725000 0.876563 0.725000 0.873437 0.721875 0.871875 0.721875 0.867188 0.717187 0.865625 0.717187 0.862500 0.714063 0.860938 0.714063 0.857812 0.710938 0.856250 0.710938 0.854688 0.709375 0.853125 0.709375 0.850000 0.706250 0.848437 0.706250 0.842187 0.700000 0.840625 0.700000 0.839063 0.698438 0.837500 0.698438 0.831250 0.692187 0.829688 0.692187 0.826562 0.689063 0.825000 0.689063 0.817187 0.681250 0.815625 0.681250 0.814063 0.679688 0.812500 0.679688 0.809375 0.676562 0.807813 0.676562 0.806250 0.675000 0.804688 0.675000 0.798438 0.668750 0.796875 0.668750 0.795312 0.667188 0.793750 0.667188 0.792188 0.665625 0.790625 0.665625 0.787500 0.662500 0.785937 0.662500 0.782813 0.659375 0.779687 0.659375 0.776563 0.656250 0.775000 0.656250 0.767188 0.648438 0.765625 0.648438 0.764062 0.646875 0.762500 0.646875 0.760938 0.645312 0.759375 0.645312 0.751563 0.637500 0.750000 0.637500 0.746875 0.634375 0.745313 0.634375 0.740625 0.629687 0.739062 0.629687 0.734375 0.625000 0.732812 0.625000 0.728125 0.620313 0.726562 0.620313 0.725000 0.618750 0.725000 0.617188 0.723437 0.617188 0.721875 0.615625 0.720313 0.615625 0.717187 0.612500 0.715625 0.612500 0.707812 0.604688 0.706250 0.604688 0.703125 0.601562 0.701562 0.601562 0.700000 0.600000 0.698438 0.600000 0.695312 0.596875 0.693750 0.596875 0.689063 0.592187 0.687500 0.592187 0.684375 0.589063 0.682813 0.589063 0.678125 0.584375 0.676562 0.584375 0.673438 0.581250 0.671875 0.581250 0.668750 0.578125 0.667188 0.578125 0.660937 0.571875 0.659375 0.571875 0.657813 0.570312 0.656250 0.570312 0.653125 0.567187 0.651563 0.567187 0.650000 0.565625 0.648438 0.565625 0.645312 0.562500 0.645312 0.559375 0.643750 0.557813 0.642188 0.557813 0.639062 0.554688 0.637500 0.554688 0.625000 0.542188 0.623437 0.542188 0.621875 0.540625 0.618750 0.540625 0.615625 0.537500 0.614062 0.537500 0.609375 0.532813 0.609375 0.529687 0.606250 0.526563 0.604688 0.526563 0.596875 0.518750 0.595313 0.518750 0.582812 0.506250 0.581250 0.506250 0.573438 0.498437 0.571875 0.498437 0.568750 0.495312 0.568750 0.493750 0.567187 0.492188 0.565625 0.492188 0.564063 0.490625 0.562500 0.490625 0.556250 0.484375 0.554688 0.484375 0.545312 0.475000 0.543750 0.475000 0.534375 0.465625 0.532813 0.465625 0.529687 0.462500 0.529687 0.460938 0.528125 0.460938 0.526563 0.459375 0.525000 0.459375 0.518750 0.453125 0.517188 0.453125 0.506250 0.442188 0.504687 0.442188 0.498437 0.435937 0.496875 0.435937 0.492188 0.431250 0.492188 0.429688 0.490625 0.428125 0.489063 0.428125 0.485938 0.425000 0.484375 0.425000 0.475000 0.415625 0.475000 0.414062 0.473438 0.414062 0.459375 0.400000 0.459375 0.398438 0.457813 0.398438 0.453125 0.393750 0.451562 0.393750 0.448437 0.390625 0.448437 0.389062 0.442188 0.382812 0.440625 0.382812 0.437500 0.379688 0.435937 0.379688 0.434375 0.378125 0.432812 0.378125 0.429688 0.375000 0.420312 0.375000 0.418750 0.373437 0.417187 0.373437 0.414062 0.370312 0.414062 0.367188 0.412500 0.365625 0.412500 0.364063 0.410938 0.362500 0.409375 0.362500 0.406250 0.359375 0.404687 0.359375 0.403125 0.357812 0.401562 0.357812 0.398438 0.354687 0.395313 0.354687 0.392188 0.351562 0.390625 0.351562 0.389062 0.350000 0.385937 0.350000 0.384375 0.348438 0.382812 0.348438 0.381250 0.346875 0.376563 0.346875 0.371875 0.342187 0.370312 0.342187 0.364063 0.335938 0.360938 0.335938 0.359375 0.334375 0.342187 0.334375 0.340625 0.332813
0 0.240625 0.332813 0.240625 0.334375 0.243750 0.334375 0.245312 0.335938 0.246875 0.335938 0.250000 0.332813 0.253125 0.332813 0.254688 0.334375 0.256250 0.334375 0.256250 0.332813
0 0.239063 0.321875 0.235937 0.325000 0.234375 0.325000 0.232813 0.323437 0.223438 0.323437 0.221875 0.325000 0.223438 0.325000 0.225000 0.326562 0.234375 0.326562 0.235937 0.325000 0.237500 0.325000 0.239063 0.326562 0.246875 0.326562 0.248438 0.325000 0.246875 0.323437 0.246875 0.321875 0.245312 0.321875 0.243750 0.323437 0.242188 0.321875