0 0.128125 0.532813 0.128125 0.535937 0.129688 0.537500 0.129688 0.532813
0 0.067187 0.531250 0.065625 0.532813 0.064062 0.532813 0.067187 0.535937 0.068750 0.535937 0.068750 0.534375 0.067187 0.532813
0 0.106250 0.528125 0.106250 0.529687 0.109375 0.529687 0.112500 0.532813 0.112500 0.534375 0.114062 0.535937 0.115625 0.535937 0.115625 0.532813 0.117188 0.531250 0.118750 0.531250 0.120313 0.532813 0.120313 0.535937 0.121875 0.537500 0.123438 0.537500 0.123438 0.532813 0.118750 0.528125 0.112500 0.528125 0.110937 0.529687 0.109375 0.529687 0.107813 0.528125
0 0.096875 0.528125 0.096875 0.529687 0.098437 0.531250 0.100000 0.529687 0.100000 0.528125
0 0.089063 0.528125 0.089063 0.529687 0.093750 0.529687 0.092188 0.528125
0 0.082812 0.528125 0.082812 0.531250 0.084375 0.529687 0.084375 0.528125
0 0.026562 0.526563 0.026562 0.529687 0.028125 0.531250 0.029687 0.531250 0.031250 0.529687 0.032813 0.529687 0.034375 0.531250 0.035937 0.531250 0.037500 0.529687 0.042188 0.529687 0.043750 0.531250 0.045312 0.529687 0.054688 0.529687 0.054688 0.528125 0.046875 0.528125 0.045312 0.526563 0.042188 0.526563 0.040625 0.528125 0.039062 0.528125 0.037500 0.526563 0.034375 0.526563 0.032813 0.528125 0.031250 0.526563
0 0.000000 0.525000 0.000000 0.531250 0.003125 0.531250 0.004687 0.532813 0.004687 0.535937 0.006250 0.535937 0.006250 0.532813 0.007812 0.531250 0.009375 0.531250 0.010937 0.532813 0.010937 0.534375 0.012500 0.535937 0.014063 0.535937 0.014063 0.534375 0.017188 0.531250 0.020313 0.534375 0.020313 0.535937 0.020313 0.532813 0.023438 0.529687 0.023438 0.528125 0.020313 0.525000 0.018750 0.526563 0.015625 0.526563 0.014063 0.525000 0.010937 0.525000 0.009375 0.526563 0.007812 0.525000
0 0.106250 0.471875 0.106250 0.475000 0.107813 0.473438 0.109375 0.473438 0.107813 0.471875
0 0.104688 0.434375 0.103125 0.435937 0.101562 0.435937 0.100000 0.437500 0.095312 0.437500 0.093750 0.439063 0.090625 0.439063 0.089063 0.440625 0.087500 0.440625 0.085938 0.442188 0.081250 0.442188 0.079687 0.443750 0.075000 0.443750 0.073438 0.445312 0.067187 0.445312 0.065625 0.446875 0.060937 0.446875 0.059375 0.448437 0.057813 0.448437 0.056250 0.450000 0.051562 0.450000 0.050000 0.451562 0.045312 0.451562 0.043750 0.453125 0.035937 0.453125 0.034375 0.454688 0.032813 0.454688 0.031250 0.456250 0.028125 0.456250 0.026562 0.457813 0.020313 0.457813 0.018750 0.459375 0.017188 0.459375 0.015625 0.460938 0.004687 0.460938 0.001563 0.464062 0.000000 0.464062 0.000000 0.503125 0.003125 0.506250 0.003125 0.507812 0.004687 0.509375 0.004687 0.512500 0.004687 0.510938 0.006250 0.509375 0.007812 0.509375 0.009375 0.507812 0.010937 0.509375 0.012500 0.509375 0.014063 0.507812 0.014063 0.506250 0.015625 0.504687 0.018750 0.504687 0.020313 0.506250 0.021875 0.504687 0.021875 0.501563 0.025000 0.498437 0.026562 0.498437 0.028125 0.500000 0.031250 0.500000 0.032813 0.501563 0.035937 0.501563 0.040625 0.496875 0.045312 0.496875 0.046875 0.495312 0.046875 0.490625 0.048438 0.489063 0.050000 0.490625 0.050000 0.493750 0.051562 0.495312 0.053125 0.493750 0.059375 0.493750 0.060937 0.492188 0.060937 0.489063 0.064062 0.485938 0.065625 0.487500 0.065625 0.489063 0.067187 0.489063 0.067187 0.485938 0.068750 0.484375 0.070312 0.484375 0.071875 0.482812 0.073438 0.482812 0.075000 0.484375 0.076563 0.482812 0.084375 0.482812 0.085938 0.481250 0.092188 0.481250 0.092188 0.479687 0.093750 0.478125 0.093750 0.471875 0.095312 0.470313 0.096875 0.471875 0.096875 0.476562 0.100000 0.476562 0.100000 0.471875 0.098437 0.470313 0.101562 0.467187 0.103125 0.467187 0.104688 0.468750 0.109375 0.468750 0.112500 0.471875 0.112500 0.473438 0.114062 0.473438 0.114062 0.470313 0.118750 0.465625 0.117188 0.464062 0.117188 0.457813 0.115625 0.456250 0.115625 0.446875 0.114062 0.445312 0.114062 0.435937 0.110937 0.435937 0.109375 0.434375
0 0.073438 0.415625 0.073438 0.417187 0.071875 0.418750 0.065625 0.418750 0.067187 0.420312 0.068750 0.418750 0.073438 0.418750 0.075000 0.420312 0.075000 0.417187 0.076563 0.415625
0 0.650000 0.298438 0.646875 0.301563 0.645312 0.301563 0.643750 0.303125 0.643750 0.304688 0.640625 0.307812 0.640625 0.309375 0.637500 0.312500 0.632812 0.312500 0.631250 0.314063 0.625000 0.314063 0.621875 0.317188 0.620313 0.317188 0.618750 0.318750 0.615625 0.318750 0.610938 0.323437 0.610938 0.329688 0.609375 0.331250 0.609375 0.332813 0.607812 0.334375 0.607812 0.339062 0.606250 0.340625 0.607812 0.342187 0.607812 0.348438 0.606250 0.350000 0.603125 0.350000 0.601562 0.351562 0.595313 0.351562 0.593750 0.353125 0.554688 0.353125 0.553125 0.351562 0.551562 0.351562 0.550000 0.353125 0.545312 0.353125 0.540625 0.357812 0.534375 0.357812 0.532813 0.356250 0.532813 0.351562 0.531250 0.351562 0.531250 0.353125 0.529687 0.354687 0.529687 0.356250 0.528125 0.357812 0.528125 0.360938 0.526563 0.362500 0.526563 0.375000 0.528125 0.376563 0.526563 0.378125 0.526563 0.381250 0.528125 0.382812 0.528125 0.392188 0.529687 0.393750 0.529687 0.396875 0.528125 0.398438 0.528125 0.400000 0.523438 0.404687 0.520312 0.404687 0.518750 0.406250 0.507812 0.406250 0.506250 0.407813 0.493750 0.407813 0.492188 0.406250 0.489063 0.406250 0.487500 0.407813 0.485938 0.407813 0.484375 0.406250 0.471875 0.406250 0.470313 0.407813 0.460938 0.407813 0.459375 0.406250 0.457813 0.406250 0.456250 0.407813 0.453125 0.407813 0.451562 0.406250 0.432812 0.406250 0.431250 0.404687 0.421875 0.404687 0.420312 0.403125 0.406250 0.403125 0.403125 0.400000 0.390625 0.400000 0.389062 0.401562 0.381250 0.401562 0.379688 0.400000 0.365625 0.400000 0.364063 0.398438 0.360938 0.398438 0.359375 0.396875 0.359375 0.395313 0.365625 0.389062 0.368750 0.389062 0.370312 0.387500 0.371875 0.387500 0.376563 0.382812 0.378125 0.382812 0.379688 0.381250 0.387500 0.381250 0.390625 0.378125 0.395313 0.378125 0.398438 0.375000 0.398438 0.373437 0.400000 0.371875 0.398438 0.370312 0.398438 0.364063 0.396875 0.362500 0.396875 0.356250 0.395313 0.354687 0.393750 0.354687 0.392188 0.356250 0.390625 0.354687 0.390625 0.353125 0.389062 0.351562 0.389062 0.350000 0.387500 0.350000 0.387500 0.351562 0.385937 0.353125 0.384375 0.353125 0.384375 0.356250 0.382812 0.357812 0.382812 0.359375 0.381250 0.360938 0.376563 0.360938 0.371875 0.356250 0.371875 0.354687 0.368750 0.357812 0.364063 0.357812 0.359375 0.353125 0.356250 0.353125 0.351562 0.357812 0.346875 0.357812 0.345313 0.356250 0.339062 0.356250 0.337500 0.357812 0.329688 0.357812 0.328125 0.359375 0.321875 0.359375 0.318750 0.362500 0.318750 0.371875 0.320312 0.373437 0.320312 0.382812 0.321875 0.384375 0.321875 0.400000 0.323437 0.401562 0.323437 0.403125 0.393750 0.403125 0.395313 0.404687 0.396875 0.404687 0.398438 0.403125 0.407813 0.403125 0.409375 0.404687 0.410938 0.404687 0.414062 0.407813 0.412500 0.409375 0.412500 0.410938 0.410938 0.412500 0.409375 0.412500 0.407813 0.414062 0.406250 0.414062 0.403125 0.417187 0.401562 0.417187 0.400000 0.418750 0.398438 0.418750 0.396875 0.420312 0.393750 0.420312 0.392188 0.421875 0.390625 0.421875 0.387500 0.425000 0.385937 0.425000 0.384375 0.426563 0.382812 0.426563 0.381250 0.428125 0.379688 0.428125 0.378125 0.429688 0.375000 0.429688 0.373437 0.431250 0.371875 0.431250 0.370312 0.432812 0.368750 0.432812 0.367188 0.434375 0.364063 0.434375 0.362500 0.435937 0.360938 0.435937 0.359375 0.434375 0.346875 0.434375 0.345313 0.435937 0.343750 0.435937 0.342187 0.434375 0.332813 0.434375 0.331250 0.435937 0.332813 0.437500 0.331250 0.439063 0.329688 0.439063 0.326562 0.442188 0.326562 0.445312 0.328125 0.446875 0.328125 0.460938 0.329688 0.462500 0.329688 0.473438 0.331250 0.475000 0.331250 0.482812 0.332813 0.484375 0.332813 0.495312 0.334375 0.496875 0.334375 0.512500 0.335938 0.514062 0.335938 0.521875 0.334375 0.523438 0.334375 0.525000 0.326562 0.532813 0.325000 0.532813 0.323437 0.534375 0.321875 0.534375 0.320312 0.535937 0.318750 0.535937 0.317188 0.537500 0.315625 0.537500 0.314063 0.539062 0.310937 0.539062 0.309375 0.540625 0.307812 0.540625 0.306250 0.542188 0.304688 0.542188 0.301563 0.545312 0.298438 0.545312 0.296875 0.546875 0.257812 0.546875 0.256250 0.545312 0.246875 0.545312 0.245312 0.546875 0.228125 0.546875 0.226562 0.545312 0.193750 0.545312 0.192188 0.543750 0.190625 0.545312 0.185938 0.545312 0.184375 0.543750 0.170313 0.543750 0.168750 0.545312 0.165625 0.545312 0.164062 0.543750 0.146875 0.543750 0.145313 0.542188 0.137500 0.542188 0.135937 0.543750 0.134375 0.543750 0.132812 0.545312 0.128125 0.545312 0.126562 0.546875 0.125000 0.546875 0.121875 0.550000 0.120313 0.550000 0.117188 0.553125 0.115625 0.553125 0.114062 0.554688 0.110937 0.554688 0.109375 0.556250 0.106250 0.556250 0.106250 0.557813 0.104688 0.559375 0.103125 0.559375 0.101562 0.560937 0.096875 0.560937 0.095312 0.562500 0.093750 0.562500 0.092188 0.564063 0.090625 0.564063 0.087500 0.567187 0.084375 0.567187 0.082812 0.568750 0.081250 0.568750 0.079687 0.570312 0.075000 0.570312 0.071875 0.573438 0.070312 0.573438 0.068750 0.575000 0.067187 0.575000 0.065625 0.576562 0.064062 0.576562 0.062500 0.578125 0.059375 0.578125 0.056250 0.581250 0.054688 0.581250 0.053125 0.582812 0.051562 0.582812 0.050000 0.584375 0.048438 0.584375 0.046875 0.585938 0.042188 0.585938 0.040625 0.587500 0.039062 0.587500 0.037500 0.589063 0.035937 0.589063 0.032813 0.592187 0.031250 0.592187 0.029687 0.593750 0.026562 0.593750 0.023438 0.596875 0.021875 0.596875 0.020313 0.598437 0.018750 0.598437 0.017188 0.600000 0.015625 0.600000 0.014063 0.601562 0.012500 0.601562 0.010937 0.603125 0.009375 0.603125 0.007812 0.604688 0.006250 0.604688 0.001563 0.609375 0.000000 0.609375 0.000000 0.654687 0.001563 0.656250 0.001563 0.662500 0.003125 0.664062 0.003125 0.668750 0.001563 0.670312 0.001563 0.690625 0.003125 0.692187 0.003125 0.696875 0.001563 0.698438 0.001563 0.710938 0.003125 0.712500 0.001563 0.714063 0.001563 0.731250 0.000000 0.732812 0.000000 0.740625 0.001563 0.742188 0.001563 0.743750 0.000000 0.745313 0.000000 0.785937 0.001563 0.787500 0.001563 0.790625 0.003125 0.792188 0.003125 0.803125 0.001563 0.804688 0.001563 0.809375 0.000000 0.810937 0.000000 0.817187 0.001563 0.818750 0.001563 0.826562 0.003125 0.828125 0.003125 0.832812 0.001563 0.834375 0.001563 0.835938 0.000000 0.837500 0.001563 0.839063 0.001563 0.840625 0.003125 0.842187 0.003125 0.848437 0.000000 0.851562 0.000000 0.857812 0.003125 0.860938 0.003125 0.898438 0.004687 0.900000 0.004687 0.906250 0.003125 0.907813 0.003125 0.935937 0.004687 0.937500 0.004687 0.943750 0.003125 0.945312 0.003125 0.981250 0.004687 0.982812 0.004687 0.987500 0.003125 0.989062 0.003125 0.998437 0.998437 0.998437 0.998437 0.504687 0.996875 0.504687 0.995313 0.503125 0.995313 0.501563 0.993750 0.500000 0.993750 0.498437 0.984375 0.489063 0.982812 0.489063 0.979688 0.485938 0.979688 0.484375 0.975000 0.479687 0.975000 0.478125 0.964063 0.467187 0.964063 0.465625 0.951562 0.453125 0.951562 0.451562 0.935937 0.435937 0.935937 0.434375 0.921875 0.420312 0.921875 0.418750 0.904687 0.401562 0.904687 0.400000 0.903125 0.400000 0.898438 0.395313 0.896875 0.395313 0.895312 0.393750 0.890625 0.393750 0.889062 0.392188 0.887500 0.392188 0.884375 0.389062 0.884375 0.387500 0.882812 0.385937 0.882812 0.376563 0.884375 0.375000 0.884375 0.359375 0.885938 0.357812 0.885938 0.350000 0.887500 0.348438 0.885938 0.346875 0.885938 0.345313 0.887500 0.343750 0.887500 0.342187 0.889062 0.340625 0.889062 0.323437 0.887500 0.321875 0.884375 0.321875 0.882812 0.320312 0.881250 0.320312 0.879687 0.318750 0.857812 0.318750 0.856250 0.317188 0.854688 0.318750 0.853125 0.318750 0.851562 0.317188 0.846875 0.317188 0.845313 0.318750 0.831250 0.318750 0.829688 0.320312 0.817187 0.320312 0.815625 0.321875 0.814063 0.321875 0.812500 0.320312 0.806250 0.320312 0.801562 0.325000 0.801562 0.326562 0.803125 0.328125 0.803125 0.329688 0.800000 0.332813 0.800000 0.340625 0.801562 0.342187 0.803125 0.342187 0.806250 0.345313 0.804688 0.346875 0.803125 0.346875 0.801562 0.348438 0.798438 0.348438 0.796875 0.350000 0.790625 0.350000 0.789062 0.351562 0.756250 0.351562 0.754687 0.350000 0.750000 0.350000 0.745313 0.345313 0.745313 0.334375 0.743750 0.332813 0.721875 0.332813 0.720313 0.334375 0.698438 0.334375 0.696875 0.332813 0.695312 0.332813 0.693750 0.331250 0.690625 0.331250 0.687500 0.328125 0.687500 0.326562 0.689063 0.325000 0.689063 0.320312 0.685937 0.317188 0.678125 0.317188 0.676562 0.315625 0.675000 0.315625 0.668750 0.309375 0.668750 0.307812 0.665625 0.307812 0.662500 0.304688 0.662500 0.303125 0.660937 0.301563 0.659375 0.301563 0.657813 0.300000 0.653125 0.300000 0.651563 0.298438