0 0.931250 0.989062 0.929688 0.990625 0.929688 0.993750 0.931250 0.995313 0.931250 0.998437 0.935937 0.998437 0.935937 0.993750
0 0.915625 0.987500 0.910937 0.992188 0.910937 0.993750 0.914062 0.996875 0.914062 0.998437 0.920312 0.998437 0.920312 0.993750 0.918750 0.992188 0.918750 0.990625
0 0.931250 0.973437 0.929688 0.975000 0.931250 0.976562 0.931250 0.978125 0.929688 0.979688 0.929688 0.981250 0.931250 0.982812 0.934375 0.982812 0.935937 0.981250 0.935937 0.978125 0.932813 0.975000 0.932813 0.973437
0 0.915625 0.973437 0.914062 0.975000 0.914062 0.976562 0.912500 0.978125 0.914062 0.979688 0.914062 0.981250 0.915625 0.982812 0.918750 0.982812 0.920312 0.981250 0.920312 0.978125
0 0.306250 0.973437 0.309375 0.976562 0.309375 0.978125 0.307812 0.979688 0.306250 0.979688 0.304688 0.981250 0.306250 0.982812 0.309375 0.982812 0.310937 0.981250 0.310937 0.979688 0.309375 0.978125 0.310937 0.976562 0.310937 0.973437
0 0.868750 0.971875 0.868750 0.975000 0.867188 0.976562 0.867188 0.978125 0.865625 0.979688 0.865625 0.981250 0.867188 0.982812 0.871875 0.982812 0.873437 0.981250 0.873437 0.976562
0 0.917188 0.962500 0.917188 0.964063 0.915625 0.965625 0.920312 0.965625 0.918750 0.964063 0.918750 0.962500
0 0.903125 0.960938 0.901563 0.962500 0.901563 0.964063 0.900000 0.965625 0.900000 0.967187 0.901563 0.965625 0.904687 0.965625 0.903125 0.964063
0 0.868750 0.957812 0.868750 0.959375 0.867188 0.960938 0.865625 0.960938 0.864062 0.962500 0.868750 0.967187 0.868750 0.968750 0.870313 0.967187 0.871875 0.967187 0.873437 0.965625 0.873437 0.960938 0.871875 0.959375 0.870313 0.959375
0 0.307812 0.957812 0.309375 0.959375 0.309375 0.964063 0.307812 0.965625 0.309375 0.967187 0.310937 0.965625 0.310937 0.960938 0.314063 0.957812
0 0.884375 0.956250 0.884375 0.957812 0.882812 0.959375 0.882812 0.965625 0.884375 0.967187 0.884375 0.971875 0.882812 0.973437 0.882812 0.975000 0.879687 0.978125 0.881250 0.979688 0.881250 0.981250 0.884375 0.984375 0.884375 0.985938 0.882812 0.987500 0.882812 0.989062 0.878125 0.993750 0.879687 0.995313 0.881250 0.995313 0.882812 0.996875 0.882812 0.998437 0.893750 0.998437 0.893750 0.996875 0.895312 0.995313 0.896875 0.996875 0.896875 0.998437 0.906250 0.998437 0.906250 0.995313 0.904687 0.993750 0.904687 0.990625 0.900000 0.985938 0.900000 0.984375 0.901563 0.982812 0.904687 0.982812 0.904687 0.978125 0.903125 0.976562 0.903125 0.975000 0.900000 0.971875 0.898438 0.973437 0.898438 0.975000 0.895312 0.978125 0.895312 0.979688 0.900000 0.984375 0.900000 0.985938 0.898438 0.987500 0.898438 0.989062 0.895312 0.992188 0.893750 0.992188 0.893750 0.993750 0.892188 0.995313 0.889062 0.992188 0.889062 0.990625 0.887500 0.989062 0.887500 0.987500 0.885938 0.985938 0.889062 0.982812 0.890625 0.982812 0.890625 0.979688 0.889062 0.978125 0.889062 0.976562 0.884375 0.971875 0.884375 0.968750 0.885938 0.967187 0.887500 0.967187 0.889062 0.965625 0.889062 0.962500 0.887500 0.960938 0.887500 0.959375
0 0.918750 0.948438 0.917188 0.950000 0.918750 0.950000
0 0.868750 0.945312 0.867188 0.946875 0.864062 0.946875 0.864062 0.948438 0.868750 0.953125 0.870313 0.951562 0.871875 0.951562 0.873437 0.950000 0.873437 0.946875 0.871875 0.945312
0 0.900000 0.942187 0.900000 0.943750 0.901563 0.945312 0.901563 0.946875 0.898438 0.950000 0.900000 0.951562 0.901563 0.951562 0.903125 0.950000 0.904687 0.950000 0.904687 0.946875 0.903125 0.945312 0.901563 0.945312 0.900000 0.943750
0 0.323437 0.942187 0.325000 0.943750 0.326562 0.942187
0 0.884375 0.940625 0.884375 0.945312 0.882812 0.946875 0.882812 0.950000 0.884375 0.951562 0.884375 0.953125 0.885938 0.951562 0.887500 0.951562 0.889062 0.950000 0.889062 0.946875 0.885938 0.943750 0.885938 0.942187
0 0.903125 0.929688 0.900000 0.932813 0.900000 0.934375 0.904687 0.934375 0.903125 0.932813
0 0.871875 0.929688 0.867188 0.934375 0.868750 0.935937 0.868750 0.937500 0.870313 0.935937 0.871875 0.935937
0 0.856250 0.929688 0.854688 0.931250 0.856250 0.932813 0.856250 0.934375 0.857812 0.934375 0.857812 0.932813 0.859375 0.931250 0.857812 0.931250
0 0.884375 0.926562 0.884375 0.928125 0.885938 0.929688 0.885938 0.931250 0.884375 0.932813 0.884375 0.935937 0.887500 0.935937 0.889062 0.934375 0.889062 0.931250 0.887500 0.929688 0.885938 0.929688 0.884375 0.928125
0 0.870313 0.915625 0.868750 0.917188 0.867188 0.917188 0.867188 0.920312 0.868750 0.921875 0.871875 0.918750 0.871875 0.915625
0 0.854688 0.915625 0.853125 0.917188 0.851562 0.917188 0.851562 0.918750 0.853125 0.920312 0.854688 0.920312 0.856250 0.918750 0.859375 0.918750 0.856250 0.915625
0 0.884375 0.910937 0.884375 0.921875 0.885938 0.920312 0.887500 0.920312 0.889062 0.918750 0.889062 0.915625 0.887500 0.914062 0.885938 0.914062 0.884375 0.912500
0 0.885938 0.901563 0.884375 0.903125 0.884375 0.904687 0.887500 0.904687 0.889062 0.903125 0.887500 0.901563
0 0.839063 0.900000 0.835938 0.903125 0.837500 0.904687 0.839063 0.904687 0.840625 0.903125 0.843750 0.903125 0.846875 0.900000
0 0.853125 0.898438 0.851562 0.900000 0.851562 0.901563 0.850000 0.903125 0.853125 0.906250 0.853125 0.909375 0.857812 0.904687 0.859375 0.904687 0.864062 0.900000 0.865625 0.901563 0.865625 0.903125 0.868750 0.906250 0.868750 0.910937 0.868750 0.906250 0.870313 0.904687 0.871875 0.904687 0.871875 0.898438 0.870313 0.898438 0.867188 0.901563 0.865625 0.900000 0.859375 0.900000 0.857812 0.898438
0 0.839063 0.882812 0.837500 0.884375 0.829688 0.884375 0.831250 0.884375 0.832812 0.885938 0.832812 0.887500 0.834375 0.887500 0.837500 0.890625 0.839063 0.889062 0.842187 0.889062 0.845313 0.885938 0.846875 0.887500 0.850000 0.887500 0.853125 0.890625 0.853125 0.893750 0.853125 0.892188 0.856250 0.889062 0.857812 0.889062 0.857812 0.884375 0.856250 0.882812 0.854688 0.882812 0.851562 0.885938 0.850000 0.884375 0.843750 0.884375 0.842187 0.882812
0 0.868750 0.879687 0.868750 0.882812 0.867188 0.884375 0.864062 0.884375 0.865625 0.885938 0.865625 0.887500 0.868750 0.890625 0.868750 0.893750 0.868750 0.892188 0.873437 0.887500 0.873437 0.882812 0.870313 0.879687
0 0.871875 0.870313 0.870313 0.871875 0.868750 0.871875 0.868750 0.873437 0.870313 0.873437 0.871875 0.871875
0 0.854688 0.870313 0.853125 0.871875 0.851562 0.871875 0.853125 0.873437 0.856250 0.873437 0.857812 0.871875 0.856250 0.870313
0 0.853125 0.856250 0.853125 0.857812 0.854688 0.856250 0.856250 0.856250
0 0.521875 0.362500 0.518750 0.365625 0.518750 0.367188 0.514062 0.371875 0.515625 0.373437 0.518750 0.373437 0.520312 0.375000 0.526563 0.375000 0.528125 0.376563 0.526563 0.378125 0.523438 0.378125 0.521875 0.379688 0.520312 0.379688 0.518750 0.381250 0.518750 0.385937 0.517188 0.387500 0.514062 0.384375 0.514062 0.382812 0.512500 0.382812 0.510938 0.384375 0.509375 0.384375 0.507812 0.385937 0.504687 0.385937 0.503125 0.387500 0.498437 0.387500 0.496875 0.385937 0.495312 0.387500 0.493750 0.387500 0.492188 0.385937 0.484375 0.385937 0.482812 0.384375 0.482812 0.382812 0.476562 0.382812 0.475000 0.381250 0.473438 0.381250 0.471875 0.382812 0.462500 0.382812 0.460938 0.384375 0.460938 0.390625 0.462500 0.392188 0.460938 0.393750 0.460938 0.406250 0.462500 0.407813 0.460938 0.409375 0.460938 0.410938 0.459375 0.412500 0.459375 0.417187 0.457813 0.418750 0.457813 0.423438 0.454688 0.426563 0.454688 0.431250 0.453125 0.432812 0.453125 0.435937 0.454688 0.437500 0.454688 0.439063 0.453125 0.440625 0.448437 0.440625 0.445312 0.443750 0.443750 0.443750 0.440625 0.446875 0.434375 0.446875 0.432812 0.448437 0.426563 0.448437 0.425000 0.450000 0.421875 0.450000 0.418750 0.446875 0.415625 0.450000 0.415625 0.453125 0.410938 0.457813 0.396875 0.457813 0.395313 0.456250 0.392188 0.456250 0.389062 0.453125 0.390625 0.451562 0.390625 0.450000 0.389062 0.448437 0.389062 0.443750 0.387500 0.443750 0.385937 0.442188 0.378125 0.442188 0.376563 0.443750 0.371875 0.443750 0.370312 0.442188 0.362500 0.442188 0.360938 0.443750 0.353125 0.443750 0.351562 0.445312 0.350000 0.445312 0.346875 0.448437 0.345313 0.448437 0.343750 0.450000 0.329688 0.450000 0.328125 0.448437 0.328125 0.446875 0.325000 0.443750 0.315625 0.443750 0.314063 0.445312 0.306250 0.445312 0.298438 0.453125 0.296875 0.453125 0.295312 0.454688 0.290625 0.454688 0.289062 0.456250 0.281250 0.456250 0.278125 0.453125 0.275000 0.453125 0.273438 0.454688 0.270313 0.454688 0.268750 0.456250 0.265625 0.456250 0.262500 0.459375 0.259375 0.459375 0.254688 0.464062 0.253125 0.464062 0.251563 0.465625 0.250000 0.465625 0.248438 0.467187 0.246875 0.467187 0.245312 0.468750 0.243750 0.468750 0.242188 0.470313 0.240625 0.470313 0.239063 0.471875 0.237500 0.471875 0.235937 0.473438 0.234375 0.473438 0.232813 0.475000 0.228125 0.475000 0.221875 0.481250 0.220312 0.481250 0.215625 0.485938 0.212500 0.485938 0.210938 0.487500 0.207813 0.487500 0.206250 0.489063 0.201563 0.489063 0.200000 0.490625 0.193750 0.490625 0.192188 0.492188 0.190625 0.492188 0.189062 0.493750 0.187500 0.493750 0.185938 0.492188 0.185938 0.490625 0.184375 0.490625 0.182812 0.489063 0.170313 0.489063 0.168750 0.487500 0.164062 0.487500 0.162500 0.489063 0.132812 0.489063 0.131250 0.490625 0.128125 0.490625 0.126562 0.492188 0.123438 0.492188 0.121875 0.490625 0.118750 0.490625 0.117188 0.492188 0.106250 0.492188 0.104688 0.493750 0.082812 0.493750 0.081250 0.495312 0.076563 0.495312 0.075000 0.493750 0.073438 0.495312 0.068750 0.495312 0.067187 0.496875 0.060937 0.496875 0.059375 0.495312 0.057813 0.495312 0.056250 0.496875 0.045312 0.496875 0.043750 0.495312 0.042188 0.495312 0.040625 0.496875 0.023438 0.496875 0.023438 0.498437 0.025000 0.500000 0.025000 0.501563 0.023438 0.503125 0.021875 0.501563 0.020313 0.501563 0.018750 0.503125 0.017188 0.503125 0.015625 0.501563 0.015625 0.496875 0.014063 0.495312 0.014063 0.493750 0.004687 0.493750 0.001563 0.496875 0.000000 0.496875 0.000000 0.553125 0.001563 0.554688 0.001563 0.556250 0.000000 0.557813 0.000000 0.559375 0.001563 0.560937 0.003125 0.560937 0.004687 0.562500 0.014063 0.562500 0.017188 0.559375 0.018750 0.560937 0.023438 0.560937 0.025000 0.562500 0.028125 0.562500 0.029687 0.564063 0.026562 0.567187 0.021875 0.567187 0.018750 0.570312 0.017188 0.570312 0.012500 0.565625 0.007812 0.565625 0.007812 0.567187 0.004687 0.570312 0.004687 0.576562 0.006250 0.578125 0.007812 0.578125 0.009375 0.579688 0.009375 0.581250 0.007812 0.582812 0.007812 0.584375 0.006250 0.585938 0.006250 0.587500 0.004687 0.589063 0.004687 0.590625 0.000000 0.595313 0.000000 0.609375 0.001563 0.610938 0.001563 0.621875 0.003125 0.623437 0.003125 0.625000 0.004687 0.626563 0.003125 0.628125 0.003125 0.634375 0.000000 0.637500 0.000000 0.678125 0.001563 0.679688 0.001563 0.681250 0.000000 0.682813 0.000000 0.865625 0.001563 0.867188 0.001563 0.868750 0.000000 0.870313 0.000000 0.873437 0.001563 0.873437 0.003125 0.875000 0.003125 0.953125 0.004687 0.954688 0.004687 0.956250 0.003125 0.957812 0.003125 0.968750 0.004687 0.970313 0.004687 0.976562 0.003125 0.978125 0.003125 0.982812 0.004687 0.984375 0.004687 0.992188 0.003125 0.993750 0.003125 0.995313 0.004687 0.996875 0.004687 0.998437 0.290625 0.998437 0.290625 0.996875 0.292187 0.995313 0.292187 0.987500 0.290625 0.985938 0.292187 0.984375 0.293750 0.984375 0.295312 0.982812 0.295312 0.973437 0.293750 0.971875 0.293750 0.968750 0.296875 0.965625 0.296875 0.960938 0.295312 0.959375 0.295312 0.953125 0.296875 0.951562 0.298438 0.951562 0.300000 0.950000 0.300000 0.946875 0.298438 0.946875 0.296875 0.945312 0.296875 0.939063 0.298438 0.937500 0.306250 0.937500 0.307812 0.935937 0.307812 0.934375 0.310937 0.931250 0.310937 0.921875 0.312500 0.920312 0.312500 0.912500 0.310937 0.910937 0.310937 0.907813 0.315625 0.903125 0.318750 0.903125 0.318750 0.900000 0.321875 0.896875 0.321875 0.893750 0.323437 0.892188 0.325000 0.892188 0.326562 0.890625 0.328125 0.890625 0.328125 0.889062 0.329688 0.887500 0.328125 0.885938 0.328125 0.882812 0.326562 0.881250 0.326562 0.876563 0.331250 0.871875 0.331250 0.868750 0.332813 0.867188 0.332813 0.865625 0.334375 0.864062 0.339062 0.864062 0.340625 0.865625 0.340625 0.870313 0.339062 0.871875 0.339062 0.876563 0.337500 0.878125 0.337500 0.881250 0.339062 0.882812 0.339062 0.884375 0.337500 0.885938 0.335938 0.885938 0.334375 0.884375 0.331250 0.884375 0.334375 0.887500 0.334375 0.890625 0.331250 0.893750 0.329688 0.893750 0.329688 0.903125 0.328125 0.904687 0.328125 0.906250 0.325000 0.909375 0.321875 0.906250 0.321875 0.909375 0.323437 0.910937 0.323437 0.917188 0.321875 0.918750 0.321875 0.923438 0.320312 0.925000 0.320312 0.928125 0.321875 0.929688 0.321875 0.931250 0.320312 0.932813 0.314063 0.932813 0.314063 0.934375 0.315625 0.935937 0.321875 0.935937 0.323437 0.937500 0.325000 0.937500 0.328125 0.934375 0.326562 0.932813 0.326562 0.931250 0.329688 0.928125 0.332813 0.928125 0.334375 0.926562 0.337500 0.926562 0.342187 0.931250 0.342187 0.934375 0.340625 0.935937 0.339062 0.935937 0.337500 0.934375 0.335938 0.934375 0.335938 0.935937 0.332813 0.939063 0.332813 0.940625 0.331250 0.942187 0.331250 0.948438 0.329688 0.950000 0.328125 0.950000 0.326562 0.948438 0.325000 0.948438 0.323437 0.950000 0.320312 0.950000 0.317188 0.946875 0.317188 0.945312 0.318750 0.943750 0.318750 0.942187 0.317188 0.942187 0.317188 0.946875 0.314063 0.950000 0.315625 0.951562 0.318750 0.951562 0.320312 0.950000 0.323437 0.950000 0.325000 0.951562 0.329688 0.951562 0.331250 0.953125 0.331250 0.954688 0.329688 0.956250 0.328125 0.956250 0.326562 0.957812 0.328125 0.959375 0.329688 0.959375 0.332813 0.962500 0.326562 0.968750 0.326562 0.975000 0.325000 0.976562 0.325000 0.978125 0.326562 0.979688 0.326562 0.982812 0.325000 0.984375 0.325000 0.987500 0.323437 0.989062 0.323437 0.990625 0.325000 0.992188 0.325000 0.995313 0.321875 0.998437 0.865625 0.998437 0.868750 0.995313 0.870313 0.996875 0.870313 0.998437 0.875000 0.998437 0.875000 0.996875 0.873437 0.995313 0.873437 0.993750 0.871875 0.993750 0.870313 0.992188 0.868750 0.992188 0.867188 0.990625 0.867188 0.989062 0.864062 0.985938 0.864062 0.984375 0.862500 0.982812 0.862500 0.979688 0.859375 0.976562 0.859375 0.975000 0.856250 0.975000 0.854688 0.973437 0.854688 0.971875 0.851562 0.968750 0.851562 0.965625 0.850000 0.964063 0.850000 0.960938 0.845313 0.956250 0.845313 0.951562 0.846875 0.950000 0.845313 0.948438 0.842187 0.948438 0.839063 0.945312 0.839063 0.943750 0.835938 0.940625 0.835938 0.934375 0.834375 0.932813 0.834375 0.929688 0.831250 0.926562 0.831250 0.925000 0.829688 0.923438 0.829688 0.921875 0.828125 0.920312 0.828125 0.917188 0.826562 0.915625 0.826562 0.914062 0.823438 0.910937 0.823438 0.909375 0.821875 0.907813 0.821875 0.906250 0.820312 0.904687 0.820312 0.903125 0.818750 0.901563 0.818750 0.898438 0.815625 0.895312 0.815625 0.893750 0.814063 0.892188 0.814063 0.890625 0.809375 0.885938 0.809375 0.884375 0.807813 0.882812 0.807813 0.881250 0.806250 0.879687 0.806250 0.876563 0.804688 0.875000 0.804688 0.873437 0.803125 0.871875 0.803125 0.867188 0.800000 0.864062 0.800000 0.860938 0.796875 0.857812 0.796875 0.851562 0.795312 0.850000 0.793750 0.850000 0.792188 0.848437 0.792188 0.845313 0.790625 0.843750 0.790625 0.842187 0.789062 0.840625 0.789062 0.837500 0.787500 0.835938 0.787500 0.834375 0.784375 0.831250 0.784375 0.829688 0.782813 0.828125 0.782813 0.826562 0.781250 0.825000 0.781250 0.821875 0.779687 0.820312 0.778125 0.820312 0.776563 0.818750 0.776563 0.817187 0.775000 0.815625 0.775000 0.812500 0.773438 0.810937 0.773438 0.807813 0.771875 0.806250 0.771875 0.804688 0.770312 0.803125 0.770312 0.801562 0.768750 0.800000 0.768750 0.798438 0.767188 0.796875 0.767188 0.795312 0.765625 0.793750 0.765625 0.790625 0.764062 0.789062 0.762500 0.789062 0.759375 0.785937 0.759375 0.784375 0.757812 0.782813 0.757812 0.781250 0.756250 0.779687 0.756250 0.776563 0.754687 0.775000 0.754687 0.771875 0.751563 0.768750 0.746875 0.768750 0.743750 0.765625 0.743750 0.762500 0.742188 0.760938 0.742188 0.759375 0.740625 0.757812 0.740625 0.753125 0.742188 0.751563 0.742188 0.750000 0.740625 0.748437 0.740625 0.742188 0.735938 0.737500 0.735938 0.732812 0.734375 0.731250 0.734375 0.728125 0.732812 0.728125 0.729688 0.725000 0.729688 0.723437 0.728125 0.721875 0.728125 0.720313 0.726562 0.718750 0.726562 0.715625 0.725000 0.714063 0.725000 0.710938 0.723437 0.709375 0.723437 0.706250 0.721875 0.704688 0.721875 0.703125 0.720313 0.701562 0.720313 0.696875 0.717187 0.693750 0.715625 0.693750 0.714063 0.692187 0.714063 0.690625 0.712500 0.689063 0.712500 0.687500 0.710938 0.685937 0.710938 0.684375 0.709375 0.682813 0.709375 0.679688 0.704688 0.675000 0.704688 0.670312 0.703125 0.668750 0.703125 0.664062 0.701562 0.664062 0.698438 0.660937 0.698438 0.656250 0.696875 0.654687 0.696875 0.646875 0.695312 0.645312 0.695312 0.637500 0.693750 0.635938 0.693750 0.631250 0.690625 0.628125 0.690625 0.626563 0.689063 0.625000 0.689063 0.623437 0.687500 0.621875 0.687500 0.617188 0.685937 0.617188 0.682813 0.614062 0.682813 0.612500 0.681250 0.610938 0.681250 0.604688 0.679688 0.603125 0.679688 0.600000 0.678125 0.598437 0.678125 0.590625 0.676562 0.589063 0.676562 0.587500 0.675000 0.585938 0.675000 0.584375 0.673438 0.582812 0.673438 0.579688 0.671875 0.578125 0.671875 0.576562 0.667188 0.571875 0.667188 0.570312 0.664062 0.567187 0.664062 0.562500 0.662500 0.560937 0.662500 0.559375 0.660937 0.557813 0.660937 0.556250 0.656250 0.551562 0.656250 0.548438 0.654687 0.546875 0.653125 0.546875 0.651563 0.545312 0.651563 0.543750 0.650000 0.542188 0.650000 0.540625 0.648438 0.539062 0.648438 0.537500 0.646875 0.535937 0.646875 0.529687 0.643750 0.526563 0.643750 0.525000 0.642188 0.523438 0.642188 0.521875 0.637500 0.517188 0.637500 0.515625 0.634375 0.512500 0.634375 0.509375 0.632812 0.507812 0.632812 0.506250 0.631250 0.504687 0.631250 0.501563 0.629687 0.500000 0.629687 0.498437 0.628125 0.498437 0.626563 0.496875 0.626563 0.493750 0.625000 0.492188 0.625000 0.489063 0.621875 0.485938 0.621875 0.484375 0.620313 0.482812 0.620313 0.481250 0.618750 0.479687 0.618750 0.476562 0.617188 0.475000 0.617188 0.473438 0.615625 0.471875 0.615625 0.468750 0.610938 0.464062 0.610938 0.460938 0.609375 0.459375 0.609375 0.457813 0.607812 0.456250 0.607812 0.454688 0.606250 0.453125 0.606250 0.451562 0.604688 0.450000 0.604688 0.446875 0.601562 0.443750 0.601562 0.442188 0.600000 0.440625 0.600000 0.434375 0.598437 0.432812 0.598437 0.431250 0.596875 0.429688 0.596875 0.428125 0.595313 0.426563 0.595313 0.421875 0.593750 0.420312 0.593750 0.410938 0.592187 0.409375 0.592187 0.406250 0.593750 0.404687 0.593750 0.401562 0.596875 0.398438 0.598437 0.398438 0.600000 0.396875 0.600000 0.395313 0.601562 0.393750 0.601562 0.392188 0.604688 0.389062 0.607812 0.389062 0.609375 0.387500 0.612500 0.387500 0.612500 0.385937 0.614062 0.384375 0.614062 0.379688 0.596875 0.379688 0.595313 0.381250 0.585938 0.381250 0.584375 0.379688 0.581250 0.379688 0.579688 0.381250 0.573438 0.381250 0.571875 0.379688 0.565625 0.379688 0.562500 0.382812 0.557813 0.382812 0.559375 0.382812 0.562500 0.385937 0.562500 0.389062 0.560937 0.390625 0.548438 0.390625 0.545312 0.387500 0.545312 0.382812 0.543750 0.381250 0.543750 0.379688 0.539062 0.379688 0.537500 0.381250 0.534375 0.381250 0.532813 0.382812 0.531250 0.381250 0.531250 0.379688 0.528125 0.376563 0.531250 0.373437 0.543750 0.373437 0.545312 0.371875 0.543750 0.370312 0.543750 0.367188 0.542188 0.365625 0.542188 0.364063 0.531250 0.364063 0.529687 0.362500
0 0.520312 0.348438 0.518750 0.350000 0.518750 0.353125 0.515625 0.356250 0.517188 0.357812 0.518750 0.357812 0.520312 0.359375 0.529687 0.359375 0.531250 0.357812 0.542188 0.357812 0.543750 0.356250 0.543750 0.350000 0.542188 0.348438