0 0.962500 0.982812 0.959375 0.985938 0.959375 0.987500 0.957812 0.989062 0.957812 0.992188 0.964063 0.992188 0.967187 0.989062 0.967187 0.987500 0.968750 0.985938 0.965625 0.982812
0 0.962500 0.968750 0.960938 0.970313 0.962500 0.971875 0.964063 0.970313 0.964063 0.968750
0 0.946875 0.967187 0.946875 0.968750 0.945312 0.970313 0.946875 0.971875 0.948438 0.970313 0.948438 0.968750
0 0.932813 0.948438 0.929688 0.951562 0.929688 0.954688 0.931250 0.956250 0.934375 0.953125 0.934375 0.948438
0 0.934375 0.932813 0.932813 0.934375 0.931250 0.934375 0.931250 0.935937 0.929688 0.937500 0.929688 0.940625 0.928125 0.942187 0.931250 0.942187 0.934375 0.939063
0 0.931250 0.918750 0.931250 0.920312 0.929688 0.921875 0.929688 0.925000 0.931250 0.925000 0.934375 0.921875 0.934375 0.918750
0 0.932813 0.903125 0.929688 0.906250 0.929688 0.907813 0.931250 0.909375 0.932813 0.909375 0.934375 0.907813 0.934375 0.903125
0 0.945312 0.887500 0.945312 0.889062 0.950000 0.889062 0.951562 0.887500
0 0.962500 0.885938 0.960938 0.887500 0.960938 0.889062 0.965625 0.889062 0.967187 0.887500 0.965625 0.885938
0 0.934375 0.884375 0.932813 0.885938 0.931250 0.885938 0.929688 0.887500 0.929688 0.889062 0.931250 0.890625 0.932813 0.890625 0.934375 0.889062 0.935937 0.889062 0.935937 0.885938
0 0.106250 0.239063 0.104688 0.240625 0.103125 0.240625 0.101562 0.242188 0.098437 0.242188 0.093750 0.246875 0.092188 0.246875 0.092188 0.251563 0.090625 0.253125 0.090625 0.254688 0.089063 0.256250 0.087500 0.256250 0.087500 0.257812 0.085938 0.259375 0.085938 0.271875 0.084375 0.273438 0.084375 0.278125 0.085938 0.279687 0.085938 0.281250 0.087500 0.282813 0.087500 0.295312 0.089063 0.296875 0.090625 0.296875 0.092188 0.298438 0.090625 0.300000 0.090625 0.301563 0.089063 0.303125 0.089063 0.304688 0.087500 0.306250 0.087500 0.307812 0.082812 0.312500 0.081250 0.312500 0.079687 0.314063 0.076563 0.314063 0.075000 0.315625 0.067187 0.315625 0.065625 0.317188 0.064062 0.317188 0.051562 0.329688 0.048438 0.329688 0.046875 0.331250 0.045312 0.331250 0.043750 0.332813 0.039062 0.332813 0.037500 0.331250 0.031250 0.331250 0.029687 0.329688 0.028125 0.329688 0.026562 0.328125 0.023438 0.328125 0.021875 0.326562 0.015625 0.326562 0.014063 0.325000 0.004687 0.325000 0.003125 0.326562 0.000000 0.326562 0.000000 0.889062 0.003125 0.892188 0.003125 0.906250 0.001563 0.907813 0.001563 0.920312 0.003125 0.921875 0.003125 0.931250 0.001563 0.932813 0.001563 0.948438 0.000000 0.950000 0.000000 0.951562 0.001563 0.953125 0.001563 0.956250 0.000000 0.957812 0.001563 0.959375 0.001563 0.962500 0.000000 0.964063 0.000000 0.967187 0.001563 0.968750 0.001563 0.998437 0.892188 0.998437 0.893750 0.996875 0.895312 0.996875 0.896875 0.998437 0.904687 0.998437 0.907813 0.995313 0.912500 0.995313 0.915625 0.998437 0.918750 0.998437 0.920312 0.996875 0.920312 0.995313 0.921875 0.993750 0.928125 0.993750 0.929688 0.995313 0.931250 0.995313 0.934375 0.998437 0.934375 0.996875 0.939063 0.992188 0.940625 0.993750 0.950000 0.993750 0.951562 0.992188 0.951562 0.984375 0.950000 0.982812 0.950000 0.981250 0.948438 0.981250 0.946875 0.982812 0.945312 0.982812 0.942187 0.985938 0.939063 0.985938 0.934375 0.981250 0.934375 0.976562 0.932813 0.975000 0.932813 0.973437 0.934375 0.971875 0.934375 0.965625 0.932813 0.965625 0.929688 0.968750 0.929688 0.971875 0.928125 0.973437 0.928125 0.975000 0.931250 0.978125 0.929688 0.979688 0.929688 0.981250 0.926562 0.984375 0.925000 0.984375 0.923438 0.985938 0.920312 0.982812 0.920312 0.978125 0.918750 0.976562 0.918750 0.973437 0.920312 0.971875 0.920312 0.964063 0.918750 0.962500 0.918750 0.956250 0.920312 0.954688 0.920312 0.925000 0.921875 0.923438 0.921875 0.921875 0.920312 0.920312 0.920312 0.900000 0.918750 0.898438 0.918750 0.892188 0.920312 0.890625 0.920312 0.889062 0.921875 0.887500 0.920312 0.885938 0.920312 0.881250 0.921875 0.879687 0.921875 0.876563 0.923438 0.875000 0.925000 0.875000 0.926562 0.876563 0.926562 0.878125 0.928125 0.879687 0.932813 0.879687 0.934375 0.878125 0.935937 0.878125 0.935937 0.876563 0.939063 0.873437 0.940625 0.873437 0.943750 0.876563 0.943750 0.878125 0.942187 0.879687 0.943750 0.881250 0.946875 0.881250 0.950000 0.878125 0.950000 0.876563 0.954688 0.871875 0.956250 0.871875 0.960938 0.876563 0.957812 0.879687 0.959375 0.881250 0.960938 0.881250 0.962500 0.879687 0.964063 0.879687 0.964063 0.876563 0.965625 0.875000 0.967187 0.875000 0.968750 0.873437 0.973437 0.873437 0.975000 0.875000 0.975000 0.879687 0.976562 0.879687 0.978125 0.881250 0.981250 0.878125 0.984375 0.881250 0.984375 0.884375 0.981250 0.887500 0.976562 0.887500 0.978125 0.889062 0.984375 0.889062 0.985938 0.890625 0.989062 0.890625 0.990625 0.892188 0.989062 0.893750 0.987500 0.893750 0.985938 0.895312 0.985938 0.901563 0.984375 0.903125 0.989062 0.903125 0.990625 0.904687 0.990625 0.907813 0.987500 0.910937 0.987500 0.912500 0.985938 0.914062 0.985938 0.918750 0.984375 0.920312 0.984375 0.923438 0.985938 0.925000 0.985938 0.929688 0.984375 0.931250 0.984375 0.937500 0.985938 0.939063 0.985938 0.943750 0.984375 0.945312 0.984375 0.946875 0.981250 0.950000 0.978125 0.950000 0.978125 0.956250 0.981250 0.953125 0.984375 0.956250 0.984375 0.962500 0.981250 0.965625 0.979688 0.965625 0.976562 0.968750 0.976562 0.971875 0.978125 0.973437 0.979688 0.971875 0.982812 0.971875 0.984375 0.973437 0.984375 0.975000 0.982812 0.976562 0.982812 0.978125 0.981250 0.979688 0.979688 0.979688 0.975000 0.984375 0.975000 0.985938 0.973437 0.987500 0.973437 0.992188 0.975000 0.992188 0.976562 0.993750 0.981250 0.993750 0.984375 0.996875 0.985938 0.996875 0.987500 0.995313 0.990625 0.995313 0.992188 0.996875 0.992188 0.998437 0.993750 0.998437 0.998437 0.993750 0.998437 0.978125 0.995313 0.975000 0.998437 0.971875 0.998437 0.964063 0.995313 0.960938 0.995313 0.956250 0.996875 0.954688 0.998437 0.954688 0.998437 0.948438 0.995313 0.945312 0.995313 0.942187 0.998437 0.939063 0.998437 0.935937 0.993750 0.931250 0.993750 0.926562 0.995313 0.925000 0.995313 0.918750 0.993750 0.917188 0.993750 0.915625 0.992188 0.914062 0.993750 0.912500 0.993750 0.907813 0.995313 0.906250 0.995313 0.903125 0.993750 0.901563 0.993750 0.900000 0.992188 0.898438 0.992188 0.896875 0.993750 0.895312 0.993750 0.890625 0.996875 0.887500 0.993750 0.884375 0.993750 0.882812 0.995313 0.881250 0.995313 0.876563 0.996875 0.875000 0.998437 0.875000 0.998437 0.870313 0.995313 0.867188 0.995313 0.864062 0.998437 0.860938 0.998437 0.853125 0.995313 0.850000 0.998437 0.846875 0.998437 0.835938 0.996875 0.834375 0.996875 0.832812 0.998437 0.831250 0.998437 0.706250 0.996875 0.704688 0.998437 0.703125 0.998437 0.675000 0.996875 0.675000 0.995313 0.673438 0.995313 0.671875 0.993750 0.670312 0.990625 0.670312 0.989062 0.668750 0.985938 0.668750 0.984375 0.667188 0.981250 0.667188 0.979688 0.665625 0.978125 0.665625 0.971875 0.659375 0.971875 0.657813 0.970313 0.656250 0.970313 0.654687 0.968750 0.653125 0.967187 0.653125 0.965625 0.651563 0.962500 0.651563 0.960938 0.650000 0.960938 0.648438 0.959375 0.646875 0.959375 0.643750 0.953125 0.637500 0.951562 0.637500 0.950000 0.635938 0.946875 0.635938 0.943750 0.632812 0.942187 0.632812 0.940625 0.631250 0.939063 0.631250 0.935937 0.628125 0.932813 0.628125 0.931250 0.626563 0.929688 0.626563 0.928125 0.625000 0.926562 0.625000 0.925000 0.623437 0.923438 0.623437 0.920312 0.620313 0.917188 0.620313 0.915625 0.618750 0.914062 0.618750 0.910937 0.615625 0.907813 0.615625 0.904687 0.612500 0.903125 0.612500 0.901563 0.610938 0.900000 0.610938 0.898438 0.609375 0.896875 0.609375 0.895312 0.607812 0.893750 0.607812 0.892188 0.606250 0.890625 0.606250 0.887500 0.603125 0.885938 0.603125 0.884375 0.601562 0.882812 0.601562 0.881250 0.600000 0.878125 0.600000 0.876563 0.598437 0.875000 0.598437 0.873437 0.596875 0.871875 0.596875 0.870313 0.595313 0.868750 0.595313 0.867188 0.593750 0.864062 0.593750 0.862500 0.592187 0.860938 0.592187 0.857812 0.589063 0.854688 0.589063 0.853125 0.587500 0.851562 0.587500 0.850000 0.585938 0.848437 0.585938 0.846875 0.584375 0.843750 0.584375 0.840625 0.581250 0.837500 0.581250 0.834375 0.578125 0.832812 0.578125 0.831250 0.576562 0.828125 0.576562 0.825000 0.573438 0.823438 0.573438 0.821875 0.571875 0.820312 0.571875 0.818750 0.570312 0.817187 0.570312 0.815625 0.568750 0.812500 0.568750 0.809375 0.565625 0.806250 0.565625 0.803125 0.562500 0.801562 0.562500 0.800000 0.560937 0.798438 0.560937 0.795312 0.557813 0.793750 0.557813 0.792188 0.556250 0.790625 0.556250 0.787500 0.553125 0.785937 0.553125 0.784375 0.551562 0.782813 0.551562 0.781250 0.550000 0.779687 0.550000 0.778125 0.548438 0.776563 0.548438 0.773438 0.545312 0.770312 0.545312 0.767188 0.542188 0.765625 0.542188 0.764062 0.540625 0.762500 0.540625 0.760938 0.539062 0.759375 0.539062 0.757812 0.537500 0.756250 0.537500 0.754687 0.535937 0.753125 0.535937 0.751563 0.534375 0.748437 0.534375 0.745313 0.531250 0.743750 0.531250 0.742188 0.529687 0.737500 0.529687 0.735938 0.528125 0.731250 0.528125 0.729688 0.526563 0.728125 0.526563 0.726562 0.525000 0.725000 0.525000 0.723437 0.523438 0.721875 0.523438 0.712500 0.514062 0.709375 0.514062 0.707812 0.512500 0.706250 0.512500 0.703125 0.509375 0.701562 0.509375 0.700000 0.507812 0.698438 0.507812 0.696875 0.506250 0.695312 0.506250 0.692187 0.503125 0.689063 0.503125 0.687500 0.501563 0.687500 0.500000 0.685937 0.498437 0.682813 0.498437 0.678125 0.493750 0.673438 0.493750 0.671875 0.492188 0.670312 0.492188 0.668750 0.490625 0.665625 0.490625 0.662500 0.487500 0.660937 0.487500 0.657813 0.484375 0.654687 0.484375 0.653125 0.482812 0.650000 0.482812 0.646875 0.479687 0.645312 0.479687 0.643750 0.478125 0.642188 0.478125 0.640625 0.476562 0.639062 0.476562 0.637500 0.475000 0.635938 0.475000 0.634375 0.473438 0.632812 0.473438 0.631250 0.471875 0.629687 0.471875 0.628125 0.470313 0.625000 0.470313 0.623437 0.468750 0.621875 0.468750 0.620313 0.467187 0.617188 0.467187 0.614062 0.464062 0.610938 0.464062 0.609375 0.462500 0.607812 0.462500 0.606250 0.460938 0.604688 0.460938 0.603125 0.459375 0.601562 0.459375 0.600000 0.457813 0.598437 0.457813 0.596875 0.456250 0.595313 0.456250 0.593750 0.454688 0.592187 0.454688 0.590625 0.453125 0.589063 0.453125 0.587500 0.451562 0.585938 0.451562 0.584375 0.450000 0.582812 0.450000 0.581250 0.448437 0.579688 0.448437 0.578125 0.446875 0.576562 0.446875 0.575000 0.445312 0.573438 0.445312 0.571875 0.443750 0.570312 0.443750 0.568750 0.442188 0.567187 0.442188 0.565625 0.440625 0.562500 0.440625 0.559375 0.437500 0.557813 0.437500 0.556250 0.435937 0.554688 0.435937 0.553125 0.434375 0.551562 0.434375 0.550000 0.432812 0.548438 0.432812 0.546875 0.431250 0.545312 0.431250 0.543750 0.429688 0.542188 0.429688 0.540625 0.428125 0.539062 0.428125 0.535937 0.425000 0.532813 0.425000 0.531250 0.423438 0.529687 0.423438 0.528125 0.421875 0.526563 0.421875 0.525000 0.420312 0.523438 0.420312 0.521875 0.418750 0.520312 0.418750 0.518750 0.417187 0.515625 0.417187 0.514062 0.415625 0.512500 0.415625 0.510938 0.414062 0.509375 0.414062 0.507812 0.412500 0.506250 0.412500 0.504687 0.410938 0.503125 0.410938 0.501563 0.409375 0.500000 0.409375 0.498437 0.407813 0.496875 0.407813 0.493750 0.404687 0.492188 0.404687 0.490625 0.403125 0.489063 0.403125 0.487500 0.401562 0.484375 0.401562 0.481250 0.398438 0.479687 0.398438 0.478125 0.396875 0.476562 0.396875 0.475000 0.395313 0.473438 0.395313 0.471875 0.393750 0.468750 0.393750 0.465625 0.390625 0.462500 0.390625 0.459375 0.387500 0.456250 0.387500 0.454688 0.385937 0.453125 0.385937 0.451562 0.384375 0.450000 0.384375 0.448437 0.382812 0.446875 0.382812 0.445312 0.381250 0.443750 0.381250 0.442188 0.379688 0.440625 0.379688 0.439063 0.378125 0.437500 0.378125 0.434375 0.375000 0.432812 0.375000 0.431250 0.373437 0.429688 0.373437 0.428125 0.371875 0.425000 0.371875 0.423438 0.370312 0.420312 0.370312 0.418750 0.368750 0.417187 0.368750 0.415625 0.367188 0.414062 0.367188 0.412500 0.365625 0.410938 0.365625 0.409375 0.364063 0.406250 0.364063 0.403125 0.360938 0.401562 0.360938 0.400000 0.359375 0.398438 0.359375 0.396875 0.357812 0.393750 0.357812 0.392188 0.356250 0.390625 0.356250 0.389062 0.354687 0.387500 0.354687 0.385937 0.353125 0.384375 0.353125 0.381250 0.350000 0.379688 0.350000 0.378125 0.348438 0.376563 0.348438 0.375000 0.346875 0.373437 0.346875 0.371875 0.345313 0.370312 0.345313 0.368750 0.343750 0.367188 0.343750 0.365625 0.342187 0.364063 0.342187 0.362500 0.340625 0.360938 0.340625 0.359375 0.339062 0.357812 0.339062 0.356250 0.337500 0.354687 0.337500 0.353125 0.335938 0.351562 0.335938 0.348438 0.332813 0.346875 0.332813 0.345313 0.331250 0.343750 0.331250 0.342187 0.329688 0.340625 0.329688 0.339062 0.328125 0.337500 0.328125 0.335938 0.326562 0.334375 0.326562 0.332813 0.325000 0.331250 0.325000 0.329688 0.323437 0.326562 0.323437 0.325000 0.321875 0.323437 0.321875 0.321875 0.320312 0.320312 0.320312 0.318750 0.318750 0.317188 0.318750 0.315625 0.317188 0.314063 0.317188 0.312500 0.315625 0.310937 0.315625 0.309375 0.314063 0.307812 0.314063 0.306250 0.312500 0.304688 0.312500 0.303125 0.310937 0.301563 0.310937 0.300000 0.309375 0.296875 0.309375 0.295312 0.307812 0.292187 0.307812 0.290625 0.306250 0.289062 0.306250 0.285938 0.303125 0.284375 0.303125 0.282813 0.301563 0.281250 0.301563 0.279687 0.300000 0.278125 0.300000 0.276562 0.298438 0.275000 0.298438 0.271875 0.295312 0.270313 0.295312 0.268750 0.293750 0.267188 0.293750 0.265625 0.292187 0.264062 0.292187 0.262500 0.290625 0.260937 0.290625 0.259375 0.289062 0.257812 0.289062 0.254688 0.285938 0.253125 0.285938 0.251563 0.284375 0.248438 0.284375 0.246875 0.282813 0.245312 0.282813 0.243750 0.281250 0.242188 0.281250 0.240625 0.279687 0.239063 0.279687 0.237500 0.278125 0.235937 0.278125 0.234375 0.276562 0.232813 0.276562 0.231250 0.275000 0.229687 0.275000 0.228125 0.273438 0.226562 0.273438 0.225000 0.271875 0.223438 0.271875 0.221875 0.270313 0.220312 0.270313 0.218750 0.268750 0.217188 0.268750 0.215625 0.267188 0.214062 0.267188 0.210938 0.264062 0.209375 0.264062 0.207813 0.262500 0.206250 0.262500 0.204687 0.260937 0.203125 0.260937 0.201563 0.259375 0.200000 0.259375 0.195312 0.254688 0.193750 0.254688 0.192188 0.253125 0.190625 0.253125 0.189062 0.251563 0.185938 0.251563 0.181250 0.246875 0.179688 0.246875 0.176563 0.243750 0.173437 0.243750 0.170313 0.240625 0.168750 0.240625 0.167187 0.239063