0 0.746875 0.510938 0.745313 0.512500 0.745313 0.514062 0.746875 0.515625 0.750000 0.512500 0.754687 0.512500 0.750000 0.512500 0.748437 0.510938
0 0.700000 0.495312 0.698438 0.496875 0.698438 0.498437 0.700000 0.500000 0.700000 0.501563 0.700000 0.500000 0.703125 0.496875 0.701562 0.496875
0 0.642188 0.481250 0.640625 0.482812 0.637500 0.482812 0.635938 0.484375 0.635938 0.485938 0.637500 0.487500 0.637500 0.489063 0.643750 0.489063 0.645312 0.490625 0.650000 0.490625 0.653125 0.493750 0.654687 0.493750 0.656250 0.492188 0.657813 0.492188 0.659375 0.493750 0.665625 0.493750 0.667188 0.495312 0.671875 0.495312 0.673438 0.496875 0.675000 0.496875 0.676562 0.498437 0.681250 0.498437 0.684375 0.501563 0.689063 0.496875 0.692187 0.500000 0.695312 0.496875 0.693750 0.496875 0.692187 0.495312 0.690625 0.496875 0.689063 0.496875 0.684375 0.492188 0.681250 0.495312 0.679688 0.493750 0.678125 0.493750 0.676562 0.492188 0.673438 0.495312 0.671875 0.493750 0.671875 0.492188 0.670312 0.490625 0.670312 0.489063 0.668750 0.487500 0.668750 0.485938 0.668750 0.487500 0.667188 0.489063 0.664062 0.489063 0.660937 0.485938 0.657813 0.489063 0.656250 0.489063 0.654687 0.487500 0.653125 0.487500 0.651563 0.489063 0.648438 0.489063 0.645312 0.485938 0.645312 0.484375 0.645312 0.485938 0.643750 0.487500 0.640625 0.487500 0.639062 0.485938 0.639062 0.484375
0 0.623437 0.481250 0.621875 0.482812 0.620313 0.482812 0.620313 0.484375 0.621875 0.485938 0.625000 0.485938 0.625000 0.484375 0.626563 0.482812 0.628125 0.484375 0.628125 0.485938 0.629687 0.487500 0.631250 0.485938 0.631250 0.484375 0.629687 0.482812 0.628125 0.482812 0.626563 0.481250
0 0.614062 0.479687 0.612500 0.481250 0.606250 0.481250 0.610938 0.481250 0.614062 0.484375 0.615625 0.484375 0.615625 0.481250
0 0.167187 0.406250 0.167187 0.407813 0.170313 0.407813 0.170313 0.406250
0 0.153125 0.404687 0.151562 0.406250 0.153125 0.407813 0.154688 0.407813 0.156250 0.406250 0.157812 0.406250 0.159375 0.407813 0.162500 0.407813 0.162500 0.406250 0.157812 0.406250 0.156250 0.404687
0 0.114062 0.398438 0.114062 0.401562 0.115625 0.401562 0.117188 0.403125 0.118750 0.403125 0.120313 0.404687 0.126562 0.404687 0.128125 0.406250 0.131250 0.406250 0.132812 0.404687 0.134375 0.404687 0.137500 0.407813 0.139063 0.406250 0.140625 0.406250 0.142187 0.404687 0.145313 0.407813 0.146875 0.406250 0.146875 0.404687 0.145313 0.403125 0.145313 0.401562 0.143750 0.403125 0.140625 0.403125 0.137500 0.400000 0.137500 0.401562 0.135937 0.403125 0.132812 0.403125 0.129688 0.400000 0.128125 0.401562 0.125000 0.401562 0.123438 0.400000 0.123438 0.398438 0.121875 0.398438 0.121875 0.400000 0.118750 0.403125 0.117188 0.403125 0.115625 0.401562 0.115625 0.400000
0 0.106250 0.396875 0.106250 0.400000 0.107813 0.400000 0.107813 0.396875
0 0.090625 0.395313 0.090625 0.400000 0.092188 0.400000 0.092188 0.395313
0 0.923438 0.318750 0.921875 0.320312 0.921875 0.321875 0.923438 0.323437 0.926562 0.323437 0.928125 0.321875 0.928125 0.318750
0 0.921875 0.306250 0.921875 0.309375 0.923438 0.309375 0.923438 0.306250
0 0.648438 0.301563 0.650000 0.303125 0.651563 0.301563 0.653125 0.301563
0 0.673438 0.300000 0.673438 0.306250 0.676562 0.303125 0.678125 0.303125 0.679688 0.304688 0.679688 0.306250 0.685937 0.306250 0.685937 0.303125 0.684375 0.301563 0.675000 0.301563
0 0.892188 0.298438 0.890625 0.300000 0.890625 0.304688 0.892188 0.306250 0.892188 0.307812 0.893750 0.306250 0.893750 0.304688 0.895312 0.303125 0.898438 0.306250 0.898438 0.309375 0.900000 0.310937 0.901563 0.309375 0.901563 0.304688 0.903125 0.303125 0.906250 0.306250 0.904687 0.307812 0.904687 0.309375 0.906250 0.310937 0.909375 0.310937 0.910937 0.309375 0.917188 0.309375 0.917188 0.306250 0.915625 0.304688 0.914062 0.306250 0.914062 0.307812 0.912500 0.309375 0.910937 0.309375 0.907813 0.306250 0.907813 0.304688 0.904687 0.301563 0.903125 0.301563 0.901563 0.300000 0.898438 0.300000 0.896875 0.301563 0.895312 0.301563
0 0.400000 0.295312 0.398438 0.296875 0.392188 0.296875 0.390625 0.298438 0.389062 0.298438 0.387500 0.300000 0.371875 0.300000 0.370312 0.301563 0.368750 0.301563 0.367188 0.300000 0.345313 0.300000 0.343750 0.301563 0.334375 0.301563 0.332813 0.300000 0.325000 0.300000 0.323437 0.301563 0.321875 0.301563 0.320312 0.300000 0.304688 0.300000 0.303125 0.298438 0.275000 0.298438 0.273438 0.300000 0.271875 0.298438 0.270313 0.298438 0.268750 0.300000 0.264062 0.300000 0.262500 0.301563 0.256250 0.301563 0.254688 0.303125 0.250000 0.303125 0.245312 0.307812 0.243750 0.307812 0.240625 0.310937 0.239063 0.310937 0.237500 0.312500 0.235937 0.312500 0.234375 0.314063 0.232813 0.314063 0.231250 0.315625 0.226562 0.315625 0.225000 0.317188 0.218750 0.317188 0.217188 0.318750 0.203125 0.318750 0.201563 0.320312 0.189062 0.320312 0.187500 0.321875 0.185938 0.321875 0.184375 0.323437 0.178125 0.323437 0.176563 0.325000 0.156250 0.325000 0.154688 0.326562 0.142187 0.326562 0.140625 0.328125 0.126562 0.328125 0.125000 0.329688 0.121875 0.329688 0.120313 0.331250 0.112500 0.331250 0.110937 0.332813 0.107813 0.332813 0.106250 0.334375 0.100000 0.334375 0.098437 0.335938 0.079687 0.335938 0.078125 0.337500 0.065625 0.337500 0.064062 0.339062 0.053125 0.339062 0.051562 0.340625 0.040625 0.340625 0.039062 0.342187 0.020313 0.342187 0.018750 0.343750 0.000000 0.343750 0.000000 0.373437 0.001563 0.373437 0.004687 0.376563 0.006250 0.376563 0.007812 0.375000 0.009375 0.375000 0.010937 0.376563 0.010937 0.378125 0.009375 0.379688 0.007812 0.379688 0.010937 0.379688 0.012500 0.378125 0.014063 0.379688 0.014063 0.381250 0.009375 0.385937 0.007812 0.385937 0.006250 0.384375 0.006250 0.382812 0.003125 0.382812 0.000000 0.385937 0.000000 0.389062 0.001563 0.389062 0.004687 0.392188 0.006250 0.390625 0.007812 0.390625 0.009375 0.389062 0.012500 0.392188 0.014063 0.392188 0.015625 0.390625 0.018750 0.390625 0.020313 0.392188 0.025000 0.387500 0.028125 0.390625 0.035937 0.390625 0.037500 0.389062 0.039062 0.389062 0.040625 0.387500 0.042188 0.389062 0.076563 0.389062 0.078125 0.390625 0.079687 0.390625 0.081250 0.392188 0.079687 0.393750 0.078125 0.393750 0.078125 0.395313 0.076563 0.396875 0.076563 0.398438 0.079687 0.398438 0.081250 0.400000 0.082812 0.400000 0.084375 0.398438 0.081250 0.395313 0.082812 0.393750 0.082812 0.392188 0.087500 0.387500 0.089063 0.389062 0.092188 0.389062 0.093750 0.387500 0.093750 0.384375 0.095312 0.382812 0.098437 0.385937 0.101562 0.382812 0.104688 0.382812 0.106250 0.384375 0.107813 0.382812 0.112500 0.382812 0.114062 0.384375 0.115625 0.382812 0.128125 0.382812 0.129688 0.384375 0.131250 0.384375 0.132812 0.382812 0.134375 0.382812 0.137500 0.385937 0.139063 0.384375 0.143750 0.384375 0.145313 0.385937 0.146875 0.385937 0.148438 0.384375 0.150000 0.384375 0.151562 0.385937 0.156250 0.385937 0.157812 0.387500 0.159375 0.387500 0.160938 0.389062 0.167187 0.389062 0.168750 0.390625 0.170313 0.390625 0.171875 0.389062 0.173437 0.389062 0.175000 0.390625 0.182812 0.390625 0.184375 0.392188 0.184375 0.393750 0.182812 0.395313 0.179688 0.395313 0.189062 0.395313 0.190625 0.393750 0.206250 0.393750 0.207813 0.395313 0.225000 0.395313 0.226562 0.396875 0.237500 0.396875 0.239063 0.398438 0.240625 0.398438 0.242188 0.396875 0.243750 0.396875 0.245312 0.398438 0.264062 0.398438 0.265625 0.400000 0.267188 0.400000 0.268750 0.401562 0.270313 0.401562 0.271875 0.403125 0.275000 0.403125 0.276562 0.404687 0.278125 0.404687 0.279687 0.406250 0.281250 0.404687 0.282813 0.404687 0.284375 0.406250 0.289062 0.406250 0.290625 0.404687 0.292187 0.406250 0.300000 0.406250 0.301563 0.407813 0.303125 0.407813 0.304688 0.406250 0.307812 0.406250 0.309375 0.407813 0.310937 0.406250 0.315625 0.406250 0.318750 0.409375 0.323437 0.409375 0.325000 0.410938 0.329688 0.410938 0.331250 0.412500 0.345313 0.412500 0.346875 0.414062 0.362500 0.414062 0.364063 0.415625 0.365625 0.415625 0.367188 0.414062 0.370312 0.414062 0.371875 0.415625 0.378125 0.415625 0.379688 0.417187 0.381250 0.415625 0.384375 0.415625 0.385937 0.417187 0.395313 0.417187 0.396875 0.418750 0.404687 0.418750 0.406250 0.420312 0.417187 0.420312 0.418750 0.421875 0.439063 0.421875 0.440625 0.423438 0.450000 0.423438 0.451562 0.425000 0.453125 0.425000 0.454688 0.426563 0.456250 0.426563 0.457813 0.428125 0.468750 0.428125 0.470313 0.429688 0.471875 0.429688 0.473438 0.431250 0.475000 0.429688 0.479687 0.429688 0.481250 0.431250 0.485938 0.431250 0.489063 0.434375 0.493750 0.434375 0.496875 0.437500 0.498437 0.437500 0.500000 0.435937 0.501563 0.435937 0.503125 0.437500 0.506250 0.437500 0.507812 0.439063 0.514062 0.439063 0.515625 0.440625 0.520312 0.440625 0.521875 0.442188 0.526563 0.442188 0.528125 0.443750 0.540625 0.443750 0.542188 0.442188 0.545312 0.442188 0.546875 0.443750 0.557813 0.443750 0.559375 0.445312 0.568750 0.445312 0.570312 0.446875 0.573438 0.446875 0.575000 0.448437 0.585938 0.448437 0.587500 0.450000 0.592187 0.450000 0.593750 0.451562 0.600000 0.451562 0.601562 0.453125 0.604688 0.453125 0.606250 0.454688 0.612500 0.454688 0.614062 0.456250 0.620313 0.456250 0.621875 0.457813 0.626563 0.457813 0.628125 0.459375 0.635938 0.459375 0.637500 0.460938 0.642188 0.460938 0.645312 0.464062 0.650000 0.464062 0.653125 0.467187 0.653125 0.470313 0.654687 0.468750 0.659375 0.468750 0.660937 0.470313 0.662500 0.470313 0.664062 0.468750 0.665625 0.468750 0.668750 0.471875 0.670312 0.471875 0.671875 0.473438 0.673438 0.473438 0.675000 0.475000 0.681250 0.475000 0.682813 0.476562 0.696875 0.476562 0.700000 0.479687 0.704688 0.479687 0.706250 0.481250 0.709375 0.481250 0.710938 0.482812 0.714063 0.482812 0.715625 0.484375 0.721875 0.484375 0.723437 0.485938 0.725000 0.485938 0.726562 0.487500 0.728125 0.487500 0.729688 0.489063 0.734375 0.489063 0.735938 0.490625 0.739062 0.490625 0.740625 0.492188 0.745313 0.492188 0.746875 0.493750 0.750000 0.493750 0.751563 0.495312 0.753125 0.495312 0.754687 0.496875 0.757812 0.496875 0.759375 0.498437 0.764062 0.498437 0.765625 0.500000 0.768750 0.500000 0.770312 0.501563 0.775000 0.501563 0.776563 0.503125 0.778125 0.503125 0.779687 0.504687 0.782813 0.504687 0.784375 0.506250 0.790625 0.506250 0.792188 0.507812 0.798438 0.507812 0.801562 0.510938 0.806250 0.510938 0.807813 0.512500 0.809375 0.512500 0.810937 0.514062 0.815625 0.514062 0.817187 0.515625 0.821875 0.515625 0.825000 0.518750 0.826562 0.518750 0.828125 0.520312 0.828125 0.521875 0.826562 0.523438 0.825000 0.523438 0.821875 0.526563 0.820312 0.526563 0.818750 0.525000 0.818750 0.521875 0.814063 0.521875 0.814063 0.523438 0.812500 0.525000 0.809375 0.525000 0.806250 0.528125 0.801562 0.523438 0.798438 0.526563 0.796875 0.526563 0.795312 0.525000 0.793750 0.525000 0.793750 0.528125 0.796875 0.528125 0.798438 0.529687 0.807813 0.529687 0.809375 0.531250 0.809375 0.532813 0.812500 0.529687 0.814063 0.529687 0.817187 0.532813 0.818750 0.532813 0.821875 0.529687 0.823438 0.531250 0.823438 0.532813 0.825000 0.534375 0.826562 0.534375 0.826562 0.532813 0.829688 0.529687 0.832812 0.532813 0.829688 0.535937 0.837500 0.535937 0.842187 0.540625 0.853125 0.540625 0.854688 0.542188 0.856250 0.542188 0.857812 0.543750 0.864062 0.543750 0.865625 0.545312 0.870313 0.545312 0.871875 0.546875 0.876563 0.546875 0.878125 0.548438 0.881250 0.548438 0.882812 0.546875 0.884375 0.546875 0.885938 0.548438 0.892188 0.548438 0.893750 0.550000 0.895312 0.550000 0.896875 0.551562 0.901563 0.551562 0.903125 0.553125 0.907813 0.553125 0.909375 0.554688 0.915625 0.554688 0.918750 0.557813 0.920312 0.557813 0.921875 0.559375 0.928125 0.559375 0.929688 0.560937 0.932813 0.560937 0.934375 0.562500 0.940625 0.562500 0.942187 0.564063 0.948438 0.564063 0.950000 0.565625 0.951562 0.564063 0.954688 0.564063 0.956250 0.565625 0.959375 0.565625 0.960938 0.567187 0.965625 0.567187 0.967187 0.568750 0.970313 0.568750 0.973437 0.571875 0.979688 0.571875 0.981250 0.573438 0.990625 0.573438 0.992188 0.575000 0.998437 0.575000 0.998437 0.367188 0.976562 0.367188 0.975000 0.365625 0.971875 0.365625 0.970313 0.367188 0.968750 0.365625 0.940625 0.365625 0.939063 0.364063 0.929688 0.364063 0.928125 0.362500 0.920312 0.362500 0.918750 0.360938 0.915625 0.360938 0.914062 0.359375 0.910937 0.359375 0.909375 0.357812 0.903125 0.357812 0.901563 0.356250 0.892188 0.356250 0.890625 0.354687 0.876563 0.354687 0.875000 0.353125 0.865625 0.353125 0.864062 0.351562 0.848437 0.351562 0.846875 0.350000 0.835938 0.350000 0.834375 0.348438 0.823438 0.348438 0.821875 0.346875 0.810937 0.346875 0.809375 0.345313 0.806250 0.345313 0.804688 0.343750 0.801562 0.343750 0.800000 0.342187 0.793750 0.342187 0.792188 0.340625 0.779687 0.340625 0.778125 0.339062 0.765625 0.339062 0.765625 0.342187 0.764062 0.343750 0.764062 0.345313 0.762500 0.346875 0.750000 0.346875 0.745313 0.342187 0.745313 0.340625 0.742188 0.337500 0.742188 0.334375 0.740625 0.332813 0.734375 0.332813 0.732812 0.331250 0.718750 0.331250 0.717187 0.329688 0.710938 0.329688 0.709375 0.328125 0.696875 0.328125 0.695312 0.326562 0.687500 0.326562 0.685937 0.325000 0.682813 0.325000 0.681250 0.323437 0.676562 0.323437 0.673438 0.320312 0.650000 0.320312 0.648438 0.318750 0.642188 0.318750 0.640625 0.317188 0.628125 0.317188 0.626563 0.315625 0.609375 0.315625 0.607812 0.314063 0.595313 0.314063 0.593750 0.312500 0.590625 0.312500 0.589063 0.310937 0.557813 0.310937 0.556250 0.309375 0.548438 0.309375 0.546875 0.307812 0.532813 0.307812 0.531250 0.306250 0.529687 0.306250 0.528125 0.304688 0.487500 0.304688 0.485938 0.303125 0.484375 0.304688 0.468750 0.304688 0.467187 0.306250 0.459375 0.306250 0.457813 0.304688 0.454688 0.304688 0.451562 0.301563 0.448437 0.301563 0.446875 0.300000 0.429688 0.300000 0.428125 0.298438 0.415625 0.298438 0.414062 0.296875 0.410938 0.296875 0.409375 0.295312
0 0.618750 0.292187 0.617188 0.293750 0.620313 0.293750
0 0.578125 0.285938 0.579688 0.287500 0.581250 0.285938
0 0.548438 0.285938 0.553125 0.285938 0.554688 0.287500 0.556250 0.287500 0.557813 0.285938 0.560937 0.285938 0.562500 0.287500 0.564063 0.287500 0.565625 0.285938 0.570312 0.285938 0.571875 0.287500 0.573438 0.285938
0 0.595313 0.281250 0.595313 0.282813 0.592187 0.285938 0.593750 0.287500 0.593750 0.289062 0.595313 0.290625 0.595313 0.292187 0.596875 0.290625 0.596875 0.289062 0.598437 0.287500 0.600000 0.287500 0.601562 0.289062 0.601562 0.290625 0.603125 0.292187 0.604688 0.290625 0.606250 0.290625 0.607812 0.289062 0.606250 0.287500 0.606250 0.284375 0.601562 0.284375 0.600000 0.285938