0 0.614062 0.989062 0.615625 0.989062 0.617188 0.990625 0.618750 0.990625 0.620313 0.992188 0.621875 0.992188 0.623437 0.990625 0.623437 0.989062
0 0.496875 0.989062 0.496875 0.993750 0.498437 0.995313 0.498437 0.998437 0.503125 0.998437 0.503125 0.996875 0.501563 0.995313 0.500000 0.995313 0.498437 0.993750 0.498437 0.989062
0 0.681250 0.987500 0.679688 0.989062 0.678125 0.989062 0.679688 0.990625 0.679688 0.992188 0.682813 0.992188 0.682813 0.989062
0 0.528125 0.987500 0.526563 0.989062 0.526563 0.990625 0.528125 0.992188 0.528125 0.995313
0 0.520312 0.985938 0.520312 0.990625 0.521875 0.989062 0.521875 0.987500
0 0.687500 0.981250 0.685937 0.982812 0.685937 0.985938 0.687500 0.987500 0.689063 0.985938 0.689063 0.981250
0 0.679688 0.981250 0.679688 0.982812 0.682813 0.982812 0.682813 0.981250
0 0.606250 0.978125 0.606250 0.982812 0.607812 0.981250 0.606250 0.979688
0 0.621875 0.976562 0.621875 0.978125 0.618750 0.981250 0.620313 0.981250 0.621875 0.982812
0 0.614062 0.971875 0.614062 0.975000 0.615625 0.975000 0.617188 0.973437 0.615625 0.971875
0 0.900000 0.967187 0.896875 0.970313 0.896875 0.973437 0.898438 0.975000 0.901563 0.975000 0.903125 0.973437 0.904687 0.973437 0.904687 0.970313 0.903125 0.968750 0.903125 0.967187
0 0.884375 0.964063 0.882812 0.965625 0.882812 0.967187 0.879687 0.970313 0.878125 0.970313 0.878125 0.973437 0.881250 0.973437 0.882812 0.975000 0.887500 0.975000 0.889062 0.973437 0.889062 0.965625 0.887500 0.964063
0 0.781250 0.960938 0.776563 0.965625 0.773438 0.965625 0.770312 0.968750 0.768750 0.968750 0.767188 0.970313 0.765625 0.968750 0.748437 0.968750 0.746875 0.967187 0.745313 0.967187 0.743750 0.965625 0.743750 0.967187 0.742188 0.968750 0.740625 0.968750 0.739062 0.970313 0.734375 0.970313 0.732812 0.968750 0.729688 0.968750 0.728125 0.970313 0.717187 0.970313 0.715625 0.968750 0.714063 0.970313 0.709375 0.970313 0.707812 0.968750 0.706250 0.968750 0.704688 0.967187 0.703125 0.967187 0.701562 0.968750 0.695312 0.968750 0.693750 0.970313 0.689063 0.970313 0.689063 0.971875 0.690625 0.970313 0.692187 0.970313 0.695312 0.973437 0.698438 0.973437 0.700000 0.971875 0.703125 0.971875 0.704688 0.973437 0.706250 0.971875 0.717187 0.971875 0.718750 0.973437 0.817187 0.973437 0.818750 0.975000 0.826562 0.975000 0.828125 0.973437 0.831250 0.973437 0.832812 0.975000 0.840625 0.975000 0.842187 0.973437 0.848437 0.973437 0.850000 0.975000 0.857812 0.975000 0.859375 0.973437 0.862500 0.973437 0.864062 0.975000 0.870313 0.975000 0.871875 0.973437 0.873437 0.973437 0.875000 0.971875 0.875000 0.968750 0.871875 0.965625 0.871875 0.962500 0.868750 0.965625 0.867188 0.965625 0.865625 0.964063 0.865625 0.962500 0.864062 0.960938 0.860938 0.960938 0.859375 0.962500 0.856250 0.962500 0.854688 0.964063 0.853125 0.964063 0.851562 0.965625 0.851562 0.967187 0.850000 0.968750 0.845313 0.968750 0.842187 0.965625 0.842187 0.962500 0.840625 0.962500 0.840625 0.964063 0.839063 0.965625 0.837500 0.965625 0.834375 0.968750 0.828125 0.968750 0.826562 0.967187 0.825000 0.967187 0.823438 0.965625 0.821875 0.965625 0.818750 0.968750 0.817187 0.968750 0.814063 0.965625 0.817187 0.962500 0.809375 0.962500 0.809375 0.964063 0.807813 0.965625 0.806250 0.965625 0.803125 0.968750 0.798438 0.968750 0.796875 0.967187 0.792188 0.967187 0.790625 0.965625 0.787500 0.968750 0.784375 0.968750 0.782813 0.967187 0.781250 0.967187 0.779687 0.965625 0.784375 0.960938
0 0.775000 0.956250 0.773438 0.957812 0.775000 0.959375 0.776563 0.957812
0 0.915625 0.950000 0.915625 0.951562 0.918750 0.951562 0.920312 0.950000
0 0.868750 0.950000 0.868750 0.951562 0.871875 0.951562 0.871875 0.950000
0 0.664062 0.950000 0.665625 0.951562 0.665625 0.950000
0 0.884375 0.948438 0.882812 0.950000 0.882812 0.951562 0.884375 0.953125 0.884375 0.959375 0.884375 0.957812 0.887500 0.954688 0.887500 0.950000 0.885938 0.948438
0 0.821875 0.948438 0.820312 0.950000 0.820312 0.951562 0.823438 0.951562 0.825000 0.953125 0.826562 0.951562 0.826562 0.948438
0 0.804688 0.948438 0.804688 0.956250 0.803125 0.957812 0.803125 0.959375 0.801562 0.960938 0.800000 0.960938 0.800000 0.962500 0.801562 0.962500 0.801562 0.960938 0.803125 0.959375 0.806250 0.959375 0.806250 0.956250 0.807813 0.954688 0.809375 0.954688 0.812500 0.951562 0.812500 0.950000 0.810937 0.948438
0 0.793750 0.948438 0.792188 0.950000 0.790625 0.950000 0.790625 0.954688 0.789062 0.956250 0.789062 0.957812 0.792188 0.957812 0.793750 0.956250 0.793750 0.954688 0.798438 0.950000 0.796875 0.950000 0.795312 0.948438
0 0.653125 0.946875 0.653125 0.948438 0.651563 0.950000 0.650000 0.950000 0.657813 0.950000 0.656250 0.950000 0.654687 0.948438 0.654687 0.946875
0 0.681250 0.935937 0.681250 0.937500 0.682813 0.937500 0.684375 0.939063 0.684375 0.937500 0.682813 0.937500
0 0.775000 0.934375 0.775000 0.935937 0.776563 0.935937 0.776563 0.934375
0 0.901563 0.932813 0.900000 0.934375 0.900000 0.935937 0.901563 0.935937
0 0.825000 0.932813 0.823438 0.934375 0.826562 0.934375
0 0.696875 0.932813 0.695312 0.934375 0.696875 0.935937 0.698438 0.934375 0.698438 0.932813
0 0.871875 0.931250 0.870313 0.932813 0.868750 0.932813 0.867188 0.934375 0.868750 0.935937 0.873437 0.935937 0.875000 0.934375 0.876563 0.934375 0.875000 0.934375
0 0.762500 0.931250 0.760938 0.932813 0.759375 0.932813 0.757812 0.934375 0.759375 0.935937 0.764062 0.935937 0.765625 0.934375
0 0.848437 0.929688 0.846875 0.931250 0.848437 0.932813 0.850000 0.932813 0.851562 0.934375 0.856250 0.934375 0.856250 0.932813 0.854688 0.934375 0.851562 0.934375 0.850000 0.932813 0.850000 0.929688
0 0.868750 0.921875 0.868750 0.923438 0.867188 0.925000 0.867188 0.928125 0.870313 0.928125 0.870313 0.923438
0 0.898438 0.918750 0.900000 0.920312 0.903125 0.920312 0.903125 0.918750
0 0.884375 0.918750 0.885938 0.920312 0.887500 0.920312 0.885938 0.918750
0 0.743750 0.918750 0.743750 0.920312 0.745313 0.918750
0 0.681250 0.917188 0.679688 0.918750 0.684375 0.923438 0.687500 0.920312 0.689063 0.920312 0.689063 0.917188
0 0.835938 0.915625 0.834375 0.917188 0.834375 0.918750 0.835938 0.920312 0.840625 0.920312 0.842187 0.918750 0.842187 0.915625
0 0.793750 0.915625 0.792188 0.917188 0.790625 0.917188 0.789062 0.918750 0.789062 0.921875 0.790625 0.923438 0.790625 0.926562 0.789062 0.928125 0.789062 0.935937 0.795312 0.935937 0.796875 0.937500 0.796875 0.943750 0.798438 0.943750 0.800000 0.942187 0.798438 0.940625 0.798438 0.934375 0.795312 0.934375 0.792188 0.931250 0.792188 0.926562 0.793750 0.925000 0.800000 0.925000 0.801562 0.923438 0.812500 0.923438 0.812500 0.921875 0.810937 0.921875 0.807813 0.918750 0.804688 0.918750 0.804688 0.920312 0.803125 0.921875 0.800000 0.921875 0.795312 0.917188 0.795312 0.915625
0 0.856250 0.914062 0.851562 0.918750 0.853125 0.920312 0.860938 0.920312 0.862500 0.918750 0.860938 0.917188 0.860938 0.915625 0.859375 0.915625 0.857812 0.914062
0 0.821875 0.909375 0.821875 0.910937 0.820312 0.912500 0.821875 0.914062 0.820312 0.915625 0.820312 0.920312 0.817187 0.923438 0.815625 0.923438 0.820312 0.923438 0.821875 0.921875 0.823438 0.921875 0.825000 0.923438 0.828125 0.923438 0.829688 0.925000 0.829688 0.926562 0.832812 0.929688 0.832812 0.931250 0.834375 0.932813 0.834375 0.934375 0.835938 0.935937 0.835938 0.937500 0.837500 0.939063 0.837500 0.942187 0.832812 0.946875 0.835938 0.950000 0.835938 0.953125 0.843750 0.953125 0.845313 0.951562 0.846875 0.951562 0.848437 0.953125 0.848437 0.954688 0.848437 0.953125 0.850000 0.951562 0.856250 0.951562 0.857812 0.950000 0.856250 0.948438 0.851562 0.948438 0.850000 0.950000 0.850000 0.951562 0.848437 0.953125 0.846875 0.951562 0.846875 0.945312 0.845313 0.943750 0.845313 0.942187 0.843750 0.942187 0.842187 0.943750 0.840625 0.943750 0.839063 0.942187 0.842187 0.939063 0.842187 0.935937 0.843750 0.934375 0.843750 0.931250 0.842187 0.931250 0.840625 0.929688 0.839063 0.931250 0.835938 0.931250 0.832812 0.928125 0.832812 0.926562 0.829688 0.923438 0.829688 0.921875 0.831250 0.920312 0.831250 0.918750 0.829688 0.917188 0.828125 0.917188 0.825000 0.914062 0.823438 0.914062 0.821875 0.912500
0 0.868750 0.903125 0.868750 0.904687 0.870313 0.903125
0 0.823438 0.903125 0.821875 0.904687 0.823438 0.903125 0.825000 0.903125
0 0.853125 0.900000 0.851562 0.901563 0.851562 0.904687 0.853125 0.904687 0.854688 0.906250 0.856250 0.906250 0.859375 0.903125 0.856250 0.900000
0 0.785937 0.898438 0.782813 0.901563 0.781250 0.900000 0.776563 0.900000 0.773438 0.903125 0.775000 0.904687 0.778125 0.904687 0.779687 0.903125 0.782813 0.903125 0.784375 0.901563 0.785937 0.901563 0.789062 0.904687 0.792188 0.904687 0.795312 0.901563 0.795312 0.900000 0.789062 0.900000 0.787500 0.898438
0 0.812500 0.895312 0.812500 0.896875 0.810937 0.898438 0.809375 0.898438 0.804688 0.903125 0.806250 0.904687 0.814063 0.904687 0.815625 0.903125 0.815625 0.901563 0.814063 0.900000 0.814063 0.895312
0 0.773438 0.895312 0.773438 0.896875 0.775000 0.896875 0.775000 0.895312
0 0.884375 0.893750 0.882812 0.895312 0.882812 0.896875 0.885938 0.900000 0.884375 0.901563 0.882812 0.901563 0.882812 0.904687 0.884375 0.906250 0.887500 0.906250 0.890625 0.903125 0.887500 0.900000 0.887500 0.898438 0.885938 0.896875 0.885938 0.895312
0 0.712500 0.892188 0.710938 0.893750 0.709375 0.893750 0.707812 0.895312 0.703125 0.895312 0.709375 0.895312 0.710938 0.896875 0.714063 0.896875 0.714063 0.895312 0.712500 0.893750
0 0.868750 0.887500 0.868750 0.889062 0.870313 0.887500
0 0.820312 0.885938 0.820312 0.889062 0.821875 0.889062 0.823438 0.887500 0.825000 0.887500 0.825000 0.885938
0 0.804688 0.885938 0.804688 0.889062 0.806250 0.890625 0.810937 0.890625 0.814063 0.887500 0.812500 0.887500 0.810937 0.885938
0 0.764062 0.884375 0.760938 0.887500 0.759375 0.887500 0.759375 0.889062 0.768750 0.889062 0.770312 0.887500 0.767188 0.884375
0 0.839063 0.882812 0.835938 0.885938 0.835938 0.890625 0.834375 0.892188 0.835938 0.890625 0.837500 0.890625 0.839063 0.892188 0.842187 0.892188 0.845313 0.889062 0.845313 0.887500 0.846875 0.885938 0.846875 0.884375 0.843750 0.884375 0.842187 0.882812
0 0.653125 0.882812 0.651563 0.884375 0.651563 0.885938 0.653125 0.887500 0.653125 0.892188
0 0.701562 0.879687 0.701562 0.882812 0.696875 0.887500 0.698438 0.887500 0.700000 0.889062 0.704688 0.889062 0.706250 0.887500 0.709375 0.887500 0.710938 0.889062 0.712500 0.889062 0.710938 0.887500 0.707812 0.887500 0.706250 0.885938 0.706250 0.882812 0.704688 0.881250 0.704688 0.879687
0 0.673438 0.879687 0.671875 0.881250 0.671875 0.882812 0.670312 0.884375 0.670312 0.890625 0.667188 0.893750 0.665625 0.893750 0.664062 0.895312 0.664062 0.906250 0.665625 0.907813 0.665625 0.909375 0.668750 0.909375 0.671875 0.912500 0.673438 0.912500 0.675000 0.910937 0.679688 0.910937 0.678125 0.909375 0.678125 0.906250 0.679688 0.904687 0.679688 0.903125 0.678125 0.903125 0.676562 0.901563 0.676562 0.898438 0.675000 0.898438 0.673438 0.896875 0.673438 0.895312 0.671875 0.893750 0.671875 0.892188 0.673438 0.890625 0.675000 0.890625 0.675000 0.885938 0.673438 0.884375
0 0.664062 0.871875 0.665625 0.873437 0.667188 0.871875
0 0.696875 0.870313 0.695312 0.871875 0.695312 0.873437 0.696875 0.875000 0.698438 0.873437 0.698438 0.871875
0 0.829688 0.864062 0.829688 0.865625 0.828125 0.867188 0.828125 0.871875 0.831250 0.871875 0.831250 0.865625
0 0.789062 0.856250 0.789062 0.865625 0.792188 0.868750 0.789062 0.871875 0.789062 0.873437 0.787500 0.875000 0.785937 0.875000 0.784375 0.876563 0.785937 0.878125 0.787500 0.878125 0.789062 0.876563 0.796875 0.876563 0.798438 0.875000 0.798438 0.868750 0.795312 0.868750 0.792188 0.865625 0.792188 0.859375 0.790625 0.857812 0.790625 0.856250
0 0.695312 0.856250 0.695312 0.862500 0.693750 0.864062 0.695312 0.865625 0.696875 0.865625 0.698438 0.864062 0.698438 0.860938 0.696875 0.859375 0.696875 0.856250
0 0.687500 0.854688 0.687500 0.856250 0.689063 0.857812 0.689063 0.854688
0 0.710938 0.839063 0.710938 0.842187 0.714063 0.842187 0.715625 0.840625 0.717187 0.842187 0.720313 0.842187 0.720313 0.839063
0 0.812500 0.835938 0.810937 0.837500 0.809375 0.837500 0.806250 0.840625 0.809375 0.840625 0.810937 0.842187 0.812500 0.842187 0.814063 0.843750 0.815625 0.843750 0.817187 0.845313 0.815625 0.846875 0.814063 0.846875 0.812500 0.848437 0.810937 0.848437 0.812500 0.848437 0.814063 0.850000 0.815625 0.848437 0.821875 0.848437 0.818750 0.848437 0.817187 0.846875 0.817187 0.840625 0.815625 0.839063 0.815625 0.837500 0.814063 0.835938
0 0.767188 0.835938 0.765625 0.837500 0.762500 0.837500 0.764062 0.839063 0.764062 0.840625 0.765625 0.842187 0.779687 0.842187 0.782813 0.845313 0.781250 0.846875 0.781250 0.850000 0.784375 0.850000 0.785937 0.848437 0.782813 0.845313 0.782813 0.843750 0.784375 0.842187 0.784375 0.839063 0.782813 0.837500 0.778125 0.837500 0.776563 0.835938 0.773438 0.835938 0.771875 0.837500 0.768750 0.837500
0 0.751563 0.834375 0.746875 0.839063 0.743750 0.839063 0.742188 0.840625 0.743750 0.842187 0.746875 0.842187 0.750000 0.845313 0.746875 0.848437 0.742188 0.848437 0.746875 0.848437 0.751563 0.853125 0.751563 0.856250 0.753125 0.857812 0.754687 0.857812 0.756250 0.856250 0.759375 0.856250 0.754687 0.856250 0.751563 0.853125 0.753125 0.851562 0.753125 0.837500 0.751563 0.835938
0 0.710938 0.832812 0.710938 0.834375 0.712500 0.834375
0 0.678125 0.832812 0.678125 0.834375 0.679688 0.835938 0.679688 0.839063 0.678125 0.840625 0.679688 0.842187 0.685937 0.842187 0.689063 0.845313 0.687500 0.846875 0.687500 0.851562 0.689063 0.851562 0.689063 0.840625 0.687500 0.840625 0.685937 0.839063 0.684375 0.839063 0.682813 0.837500 0.682813 0.834375 0.681250 0.832812
0 0.742188 0.542188 0.740625 0.543750 0.748437 0.543750 0.746875 0.543750 0.745313 0.542188
0 0.734375 0.542188 0.732812 0.543750 0.737500 0.543750 0.735938 0.542188
0 0.712500 0.542188 0.712500 0.543750 0.714063 0.543750
0 0.681250 0.542188 0.679688 0.543750 0.689063 0.543750 0.687500 0.542188
0 0.665625 0.542188 0.664062 0.543750 0.673438 0.543750 0.671875 0.543750 0.670312 0.542188
0 0.782813 0.540625 0.781250 0.542188 0.781250 0.543750 0.784375 0.543750 0.784375 0.542188
0 0.700000 0.539062 0.698438 0.540625 0.696875 0.540625 0.695312 0.542188 0.695312 0.543750 0.703125 0.543750 0.703125 0.542188
0 0.939063 0.490625 0.937500 0.492188 0.937500 0.495312 0.939063 0.496875 0.940625 0.495312 0.943750 0.495312 0.943750 0.493750 0.942187 0.492188 0.940625 0.492188
0 0.926562 0.490625 0.925000 0.492188 0.923438 0.492188 0.923438 0.496875 0.929688 0.496875 0.928125 0.495312 0.928125 0.492188
0 0.893750 0.476562 0.890625 0.479687 0.890625 0.481250 0.896875 0.481250 0.896875 0.478125 0.895312 0.476562
0 0.050000 0.398438 0.048438 0.400000 0.034375 0.400000 0.032813 0.401562 0.025000 0.401562 0.023438 0.403125 0.021875 0.403125 0.021875 0.404687 0.018750 0.407813 0.017188 0.407813 0.014063 0.404687 0.014063 0.403125 0.012500 0.401562 0.010937 0.401562 0.009375 0.403125 0.004687 0.403125 0.004687 0.404687 0.007812 0.404687 0.009375 0.406250 0.006250 0.409375 0.001563 0.409375 0.000000 0.410938 0.000000 0.453125 0.001563 0.454688 0.001563 0.460938 0.000000 0.462500 0.000000 0.467187 0.003125 0.470313 0.003125 0.475000 0.001563 0.476562 0.001563 0.478125 0.000000 0.479687 0.000000 0.481250 0.003125 0.484375 0.003125 0.500000 0.004687 0.501563 0.003125 0.503125 0.003125 0.515625 0.004687 0.517188 0.004687 0.518750 0.003125 0.520312 0.003125 0.529687 0.004687 0.531250 0.004687 0.534375 0.003125 0.535937 0.003125 0.543750 0.007812 0.548438 0.006250 0.550000 0.004687 0.550000 0.001563 0.553125 0.000000 0.553125 0.000000 0.642188 0.001563 0.642188 0.003125 0.643750 0.003125 0.656250 0.004687 0.657813 0.004687 0.660937 0.003125 0.662500 0.003125 0.714063 0.004687 0.715625 0.004687 0.717187 0.007812 0.720313 0.006250 0.721875 0.006250 0.723437 0.003125 0.726562 0.003125 0.728125 0.000000 0.731250 0.000000 0.750000 0.001563 0.751563 0.000000 0.753125 0.000000 0.757812 0.001563 0.759375 0.000000 0.760938 0.000000 0.765625 0.001563 0.767188 0.001563 0.768750 0.000000 0.770312 0.001563 0.771875 0.001563 0.775000 0.000000 0.776563 0.000000 0.779687 0.001563 0.781250 0.001563 0.789062 0.003125 0.790625 0.001563 0.792188 0.001563 0.796875 0.003125 0.798438 0.003125 0.800000 0.001563 0.801562 0.003125 0.803125 0.003125 0.806250 0.001563 0.807813 0.001563 0.823438 0.000000 0.825000 0.000000 0.826562 0.001563 0.828125 0.001563 0.837500 0.000000 0.839063 0.000000 0.867188 0.001563 0.868750 0.000000 0.870313 0.000000 0.871875 0.001563 0.873437 0.001563 0.875000 0.003125 0.876563 0.003125 0.915625 0.001563 0.917188 0.001563 0.920312 0.003125 0.921875 0.003125 0.931250 0.001563 0.932813 0.001563 0.951562 0.003125 0.953125 0.003125 0.996875 0.004687 0.998437 0.440625 0.998437 0.440625 0.995313 0.442188 0.993750 0.440625 0.992188 0.440625 0.975000 0.439063 0.973437 0.439063 0.971875 0.440625 0.970313 0.440625 0.956250 0.442188 0.954688 0.440625 0.953125 0.440625 0.946875 0.443750 0.943750 0.446875 0.943750 0.450000 0.946875 0.448437 0.948438 0.448437 0.954688 0.450000 0.956250 0.451562 0.954688 0.451562 0.953125 0.453125 0.951562 0.456250 0.951562 0.457813 0.953125 0.457813 0.957812 0.459375 0.957812 0.459375 0.953125 0.460938 0.951562 0.462500 0.951562 0.464062 0.953125 0.464062 0.956250 0.465625 0.957812 0.465625 0.959375 0.464062 0.960938 0.464062 0.962500 0.459375 0.967187 0.457813 0.967187 0.456250 0.965625 0.454688 0.965625 0.453125 0.964063 0.453125 0.962500 0.450000 0.959375 0.448437 0.960938 0.448437 0.962500 0.446875 0.964063 0.446875 0.965625 0.445312 0.967187 0.445312 0.982812 0.446875 0.982812 0.453125 0.976562 0.456250 0.976562 0.460938 0.981250 0.462500 0.981250 0.465625 0.984375 0.465625 0.995313 0.464062 0.996875 0.464062 0.998437 0.471875 0.998437 0.471875 0.992188 0.473438 0.990625 0.473438 0.984375 0.471875 0.982812 0.471875 0.979688 0.476562 0.975000 0.487500 0.975000 0.489063 0.976562 0.490625 0.976562 0.492188 0.978125 0.489063 0.981250 0.489063 0.987500 0.487500 0.989062 0.489063 0.990625 0.490625 0.989062 0.490625 0.987500 0.489063 0.985938 0.492188 0.982812 0.495312 0.982812 0.496875 0.984375 0.503125 0.984375 0.504687 0.985938 0.504687 0.987500 0.503125 0.989062 0.504687 0.989062 0.506250 0.990625 0.506250 0.998437 0.514062 0.998437 0.514062 0.995313 0.512500 0.993750 0.512500 0.989062 0.510938 0.987500 0.510938 0.984375 0.512500 0.982812 0.512500 0.978125 0.515625 0.975000 0.525000 0.975000 0.528125 0.978125 0.525000 0.981250 0.523438 0.981250 0.525000 0.982812 0.526563 0.982812 0.528125 0.984375 0.529687 0.984375 0.531250 0.982812 0.534375 0.982812 0.535937 0.984375 0.535937 0.989062 0.540625 0.993750 0.539062 0.995313 0.539062 0.998437 0.562500 0.998437 0.560937 0.996875 0.554688 0.996875 0.553125 0.995313 0.551562 0.995313 0.550000 0.993750 0.550000 0.992188 0.553125 0.989062 0.551562 0.987500 0.551562 0.984375 0.554688 0.981250 0.557813 0.981250 0.559375 0.982812 0.560937 0.981250 0.560937 0.975000 0.562500 0.973437 0.562500 0.970313 0.564063 0.968750 0.565625 0.970313 0.565625 0.975000 0.568750 0.978125 0.568750 0.981250 0.567187 0.982812 0.567187 0.987500 0.565625 0.989062 0.567187 0.990625 0.571875 0.990625 0.575000 0.993750 0.573438 0.995313 0.571875 0.995313 0.570312 0.996875 0.570312 0.998437 0.579688 0.998437 0.578125 0.998437 0.575000 0.995313 0.575000 0.992188 0.576562 0.990625 0.576562 0.987500 0.575000 0.985938 0.576562 0.984375 0.578125 0.984375 0.579688 0.982812 0.582812 0.985938 0.582812 0.989062 0.584375 0.990625 0.585938 0.990625 0.587500 0.992188 0.587500 0.993750 0.585938 0.995313 0.585938 0.998437 0.589063 0.998437 0.589063 0.995313 0.590625 0.993750 0.592187 0.995313 0.592187 0.998437 0.596875 0.998437 0.596875 0.996875 0.600000 0.993750 0.600000 0.992188 0.601562 0.990625 0.601562 0.989062 0.600000 0.987500 0.600000 0.978125 0.598437 0.976562 0.598437 0.973437 0.603125 0.968750 0.607812 0.968750 0.609375 0.967187 0.612500 0.967187 0.612500 0.964063 0.610938 0.964063 0.607812 0.960938 0.607812 0.959375 0.609375 0.957812 0.612500 0.957812 0.614062 0.956250 0.614062 0.954688 0.614062 0.956250 0.612500 0.957812 0.609375 0.957812 0.607812 0.956250 0.607812 0.945312 0.609375 0.943750 0.612500 0.943750 0.614062 0.945312 0.617188 0.945312 0.618750 0.946875 0.617188 0.948438 0.617188 0.951562 0.618750 0.951562 0.621875 0.954688 0.621875 0.956250 0.618750 0.959375 0.617188 0.959375 0.615625 0.960938 0.615625 0.968750 0.620313 0.968750 0.621875 0.970313 0.625000 0.967187 0.626563 0.967187 0.628125 0.965625 0.629687 0.965625 0.631250 0.967187 0.634375 0.967187 0.635938 0.968750 0.637500 0.968750 0.640625 0.971875 0.640625 0.975000 0.634375 0.981250 0.632812 0.981250 0.635938 0.981250 0.637500 0.982812 0.639062 0.982812 0.640625 0.984375 0.640625 0.985938 0.637500 0.989062 0.640625 0.992188 0.642188 0.992188 0.645312 0.989062 0.646875 0.990625 0.650000 0.990625 0.650000 0.987500 0.648438 0.987500 0.646875 0.989062 0.645312 0.989062 0.642188 0.985938 0.643750 0.984375 0.648438 0.984375 0.648438 0.981250 0.645312 0.978125 0.645312 0.975000 0.646875 0.973437 0.646875 0.971875 0.650000 0.968750 0.651563 0.968750 0.653125 0.967187 0.654687 0.967187 0.656250 0.965625 0.656250 0.964063 0.650000 0.964063 0.648438 0.965625 0.646875 0.965625 0.645312 0.967187 0.640625 0.962500 0.640625 0.957812 0.639062 0.956250 0.639062 0.948438 0.637500 0.946875 0.637500 0.942187 0.640625 0.939063 0.643750 0.939063 0.645312 0.940625 0.646875 0.940625 0.648438 0.939063 0.653125 0.939063 0.654687 0.940625 0.657813 0.940625 0.659375 0.939063 0.662500 0.939063 0.664062 0.940625 0.665625 0.940625 0.667188 0.939063 0.667188 0.935937 0.665625 0.935937 0.662500 0.932813 0.662500 0.928125 0.660937 0.926562 0.660937 0.925000 0.657813 0.921875 0.657813 0.920312 0.653125 0.915625 0.651563 0.915625 0.650000 0.914062 0.650000 0.912500 0.653125 0.909375 0.656250 0.909375 0.656250 0.904687 0.654687 0.903125 0.654687 0.901563 0.653125 0.900000 0.651563 0.900000 0.646875 0.895312 0.646875 0.884375 0.645312 0.882812 0.645312 0.878125 0.643750 0.879687 0.642188 0.879687 0.639062 0.876563 0.639062 0.875000 0.640625 0.873437 0.640625 0.871875 0.637500 0.868750 0.635938 0.868750 0.634375 0.870313 0.632812 0.868750 0.632812 0.867188 0.634375 0.865625 0.635938 0.865625 0.637500 0.864062 0.639062 0.865625 0.645312 0.865625 0.646875 0.864062 0.648438 0.864062 0.648438 0.860938 0.651563 0.857812 0.653125 0.857812 0.654687 0.859375 0.656250 0.859375 0.657813 0.860938 0.657813 0.864062 0.657813 0.860938 0.660937 0.857812 0.660937 0.856250 0.657813 0.853125 0.657813 0.848437 0.656250 0.848437 0.656250 0.851562 0.653125 0.854688 0.651563 0.853125 0.650000 0.853125 0.648438 0.851562 0.648438 0.848437 0.646875 0.846875 0.646875 0.845313 0.648438 0.843750 0.648438 0.842187 0.650000 0.840625 0.646875 0.837500 0.646875 0.835938 0.645312 0.834375 0.645312 0.832812 0.643750 0.831250 0.643750 0.829688 0.642188 0.828125 0.640625 0.828125 0.639062 0.826562 0.639062 0.825000 0.637500 0.823438 0.635938 0.823438 0.634375 0.821875 0.632812 0.823438 0.631250 0.823438 0.629687 0.825000 0.626563 0.825000 0.623437 0.821875 0.623437 0.820312 0.625000 0.818750 0.632812 0.818750 0.632812 0.817187 0.634375 0.815625 0.634375 0.807813 0.629687 0.807813 0.628125 0.806250 0.628125 0.803125 0.625000 0.800000 0.625000 0.792188 0.620313 0.787500 0.620313 0.785937 0.617188 0.782813 0.618750 0.781250 0.620313 0.781250 0.623437 0.778125 0.620313 0.775000 0.620313 0.773438 0.618750 0.771875 0.618750 0.762500 0.615625 0.759375 0.615625 0.757812 0.617188 0.756250 0.621875 0.756250 0.623437 0.757812 0.623437 0.771875 0.628125 0.776563 0.628125 0.779687 0.631250 0.782813 0.631250 0.793750 0.632812 0.795312 0.632812 0.796875 0.634375 0.798438 0.631250 0.801562 0.631250 0.803125 0.632812 0.803125 0.634375 0.804688 0.637500 0.804688 0.639062 0.806250 0.639062 0.812500 0.640625 0.814063 0.640625 0.818750 0.642188 0.820312 0.645312 0.820312 0.648438 0.823438 0.650000 0.823438 0.651563 0.825000 0.710938 0.825000 0.712500 0.826562 0.714063 0.825000 0.726562 0.825000 0.728125 0.826562 0.729688 0.826562 0.731250 0.825000 0.732812 0.825000 0.734375 0.826562 0.735938 0.826562 0.737500 0.825000 0.740625 0.825000 0.742188 0.826562 0.792188 0.826562 0.793750 0.828125 0.875000 0.828125 0.876563 0.829688 0.878125 0.828125 0.889062 0.828125 0.890625 0.829688 0.893750 0.829688 0.895312 0.828125 0.896875 0.828125 0.898438 0.829688 0.901563 0.829688 0.903125 0.828125 0.904687 0.828125 0.906250 0.829688 0.907813 0.829688 0.909375 0.828125 0.912500 0.828125 0.914062 0.829688 0.925000 0.829688 0.926562 0.828125 0.928125 0.829688 0.932813 0.829688 0.934375 0.828125 0.935937 0.829688 0.940625 0.829688 0.942187 0.828125 0.943750 0.828125 0.945312 0.829688 0.998437 0.829688 0.998437 0.731250 0.996875 0.729688 0.995313 0.729688 0.993750 0.728125 0.996875 0.725000 0.998437 0.725000 0.998437 0.560937 0.996875 0.560937 0.995313 0.559375 0.990625 0.559375 0.989062 0.560937 0.987500 0.559375 0.979688 0.559375 0.978125 0.557813 0.976562 0.559375 0.967187 0.559375 0.965625 0.557813 0.959375 0.557813 0.957812 0.559375 0.956250 0.557813 0.948438 0.557813 0.946875 0.556250 0.898438 0.556250 0.896875 0.554688 0.846875 0.554688 0.845313 0.556250 0.842187 0.556250 0.840625 0.554688 0.818750 0.554688 0.817187 0.553125 0.812500 0.553125 0.810937 0.554688 0.807813 0.554688 0.806250 0.553125 0.784375 0.553125 0.782813 0.551562 0.781250 0.553125 0.776563 0.553125 0.775000 0.551562 0.773438 0.551562 0.771875 0.553125 0.770312 0.553125 0.768750 0.551562 0.765625 0.551562 0.764062 0.553125 0.762500 0.553125 0.760938 0.551562 0.756250 0.551562 0.754687 0.553125 0.753125 0.551562 0.698438 0.551562 0.696875 0.550000 0.695312 0.550000 0.693750 0.551562 0.690625 0.551562 0.689063 0.550000 0.687500 0.550000 0.685937 0.551562 0.684375 0.551562 0.682813 0.550000 0.678125 0.550000 0.676562 0.551562 0.675000 0.550000 0.660937 0.550000 0.659375 0.548438 0.657813 0.548438 0.656250 0.546875 0.654687 0.546875 0.653125 0.545312 0.626563 0.545312 0.625000 0.543750 0.618750 0.543750 0.617188 0.545312 0.592187 0.545312 0.590625 0.543750 0.585938 0.543750 0.584375 0.545312 0.581250 0.545312 0.579688 0.543750 0.570312 0.543750 0.568750 0.545312 0.565625 0.545312 0.564063 0.543750 0.556250 0.543750 0.553125 0.546875 0.553125 0.548438 0.551562 0.550000 0.548438 0.546875 0.548438 0.543750 0.542188 0.537500 0.542188 0.535937 0.540625 0.534375 0.540625 0.528125 0.539062 0.526563 0.539062 0.523438 0.542188 0.520312 0.540625 0.520312 0.539062 0.518750 0.537500 0.518750 0.535937 0.517188 0.535937 0.515625 0.537500 0.514062 0.540625 0.514062 0.542188 0.515625 0.545312 0.515625 0.546875 0.517188 0.546875 0.518750 0.545312 0.520312 0.548438 0.523438 0.551562 0.523438 0.553125 0.521875 0.556250 0.521875 0.557813 0.520312 0.560937 0.520312 0.564063 0.523438 0.564063 0.525000 0.562500 0.526563 0.562500 0.528125 0.564063 0.529687 0.567187 0.529687 0.568750 0.528125 0.576562 0.528125 0.578125 0.529687 0.581250 0.529687 0.582812 0.528125 0.587500 0.528125 0.584375 0.528125 0.582812 0.526563 0.582812 0.523438 0.584375 0.521875 0.587500 0.521875 0.589063 0.520312 0.590625 0.520312 0.592187 0.521875 0.600000 0.521875 0.601562 0.520312 0.623437 0.520312 0.625000 0.521875 0.642188 0.521875 0.643750 0.523438 0.645312 0.523438 0.646875 0.521875 0.657813 0.521875 0.659375 0.523438 0.682813 0.523438 0.684375 0.525000 0.685937 0.523438 0.710938 0.523438 0.712500 0.525000 0.721875 0.525000 0.723437 0.523438 0.726562 0.526563 0.729688 0.526563 0.731250 0.525000 0.732812 0.525000 0.734375 0.526563 0.735938 0.526563 0.737500 0.525000 0.739062 0.525000 0.740625 0.526563 0.742188 0.526563 0.743750 0.528125 0.746875 0.525000 0.751563 0.525000 0.753125 0.523438 0.756250 0.523438 0.759375 0.526563 0.762500 0.523438 0.767188 0.528125 0.770312 0.525000 0.771875 0.525000 0.775000 0.528125 0.775000 0.526563 0.776563 0.525000 0.779687 0.525000 0.781250 0.526563 0.781250 0.528125 0.782813 0.528125 0.785937 0.525000 0.789062 0.528125 0.792188 0.528125 0.793750 0.526563 0.795312 0.526563 0.796875 0.528125 0.800000 0.528125 0.801562 0.526563 0.803125 0.526563 0.804688 0.528125 0.807813 0.528125 0.809375 0.526563 0.810937 0.528125 0.818750 0.528125 0.820312 0.529687 0.823438 0.529687 0.825000 0.528125 0.826562 0.528125 0.828125 0.529687 0.829688 0.529687 0.831250 0.528125 0.834375 0.528125 0.835938 0.529687 0.842187 0.529687 0.843750 0.528125 0.856250 0.528125 0.857812 0.529687 0.871875 0.529687 0.873437 0.531250 0.876563 0.531250 0.878125 0.532813 0.878125 0.534375 0.876563 0.535937 0.876563 0.537500 0.875000 0.539062 0.875000 0.540625 0.871875 0.543750 0.868750 0.543750 0.865625 0.540625 0.865625 0.539062 0.864062 0.537500 0.864062 0.535937 0.862500 0.537500 0.860938 0.537500 0.859375 0.539062 0.857812 0.539062 0.854688 0.542188 0.853125 0.542188 0.848437 0.537500 0.846875 0.539062 0.842187 0.539062 0.842187 0.540625 0.840625 0.542188 0.834375 0.542188 0.832812 0.540625 0.831250 0.540625 0.829688 0.539062 0.828125 0.539062 0.825000 0.542188 0.820312 0.542188 0.818750 0.540625 0.814063 0.540625 0.812500 0.539062 0.810937 0.539062 0.809375 0.537500 0.806250 0.540625 0.804688 0.540625 0.803125 0.539062 0.796875 0.539062 0.795312 0.540625 0.795312 0.542188 0.793750 0.543750 0.792188 0.542188 0.789062 0.542188 0.789062 0.543750 0.796875 0.543750 0.798438 0.545312 0.800000 0.543750 0.842187 0.543750 0.843750 0.545312 0.846875 0.545312 0.848437 0.543750 0.857812 0.543750 0.859375 0.545312 0.864062 0.545312 0.865625 0.543750 0.884375 0.543750 0.882812 0.543750 0.881250 0.542188 0.881250 0.540625 0.884375 0.537500 0.885938 0.537500 0.887500 0.539062 0.889062 0.539062 0.890625 0.540625 0.890625 0.543750 0.892188 0.543750 0.892188 0.540625 0.893750 0.539062 0.896875 0.539062 0.898438 0.537500 0.909375 0.537500 0.910937 0.539062 0.912500 0.537500 0.917188 0.537500 0.918750 0.539062 0.920312 0.539062 0.921875 0.540625 0.921875 0.542188 0.920312 0.543750 0.931250 0.543750 0.926562 0.543750 0.925000 0.542188 0.925000 0.540625 0.926562 0.539062 0.928125 0.539062 0.929688 0.537500 0.942187 0.537500 0.943750 0.535937 0.942187 0.534375 0.939063 0.534375 0.937500 0.532813 0.939063 0.531250 0.940625 0.531250 0.942187 0.529687 0.945312 0.529687 0.946875 0.528125 0.940625 0.521875 0.939063 0.521875 0.937500 0.520312 0.932813 0.520312 0.931250 0.518750 0.929688 0.518750 0.928125 0.517188 0.928125 0.515625 0.926562 0.514062 0.925000 0.514062 0.923438 0.512500 0.921875 0.512500 0.920312 0.510938 0.917188 0.510938 0.915625 0.509375 0.914062 0.509375 0.910937 0.506250 0.907813 0.506250 0.906250 0.504687 0.903125 0.504687 0.901563 0.503125 0.900000 0.503125 0.895312 0.498437 0.892188 0.498437 0.889062 0.495312 0.887500 0.495312 0.885938 0.493750 0.884375 0.493750 0.882812 0.492188 0.881250 0.492188 0.879687 0.490625 0.878125 0.490625 0.876563 0.489063 0.873437 0.489063 0.871875 0.487500 0.868750 0.487500 0.864062 0.482812 0.862500 0.482812 0.859375 0.479687 0.856250 0.479687 0.854688 0.478125 0.853125 0.478125 0.851562 0.476562 0.850000 0.476562 0.848437 0.475000 0.846875 0.475000 0.845313 0.473438 0.842187 0.473438 0.840625 0.471875 0.837500 0.471875 0.832812 0.467187 0.829688 0.467187 0.826562 0.464062 0.823438 0.464062 0.820312 0.460938 0.818750 0.460938 0.817187 0.459375 0.815625 0.459375 0.814063 0.457813 0.812500 0.457813 0.810937 0.456250 0.807813 0.456250 0.804688 0.453125 0.803125 0.453125 0.801562 0.451562 0.792188 0.451562 0.790625 0.450000 0.785937 0.450000 0.784375 0.448437 0.781250 0.448437 0.778125 0.451562 0.776563 0.450000 0.771875 0.450000 0.770312 0.448437 0.764062 0.448437 0.762500 0.450000 0.760938 0.448437 0.754687 0.448437 0.753125 0.446875 0.743750 0.446875 0.742188 0.448437 0.742188 0.450000 0.740625 0.451562 0.726562 0.451562 0.725000 0.450000 0.721875 0.450000 0.720313 0.448437 0.718750 0.448437 0.715625 0.451562 0.712500 0.448437 0.706250 0.448437 0.704688 0.446875 0.704688 0.442188 0.707812 0.439063 0.709375 0.439063 0.710938 0.437500 0.715625 0.437500 0.717187 0.435937 0.718750 0.435937 0.720313 0.434375 0.720313 0.431250 0.718750 0.429688 0.717187 0.429688 0.715625 0.428125 0.714063 0.428125 0.712500 0.426563 0.707812 0.426563 0.706250 0.425000 0.696875 0.425000 0.695312 0.423438 0.682813 0.423438 0.681250 0.421875 0.635938 0.421875 0.634375 0.423438 0.632812 0.421875 0.604688 0.421875 0.603125 0.420312 0.600000 0.420312 0.598437 0.421875 0.596875 0.420312 0.589063 0.420312 0.587500 0.418750 0.585938 0.418750 0.584375 0.420312 0.582812 0.420312 0.581250 0.418750 0.578125 0.418750 0.576562 0.420312 0.575000 0.420312 0.573438 0.418750 0.560937 0.418750 0.559375 0.420312 0.557813 0.418750 0.534375 0.418750 0.532813 0.417187 0.531250 0.417187 0.529687 0.418750 0.526563 0.418750 0.525000 0.417187 0.517188 0.417187 0.515625 0.418750 0.514062 0.418750 0.512500 0.420312 0.510938 0.418750 0.503125 0.418750 0.501563 0.417187 0.500000 0.417187 0.498437 0.418750 0.495312 0.418750 0.493750 0.417187 0.484375 0.417187 0.482812 0.418750 0.476562 0.418750 0.475000 0.417187 0.471875 0.417187 0.470313 0.418750 0.459375 0.418750 0.457813 0.417187 0.456250 0.418750 0.454688 0.418750 0.451562 0.415625 0.414062 0.415625 0.412500 0.414062 0.403125 0.414062 0.401562 0.415625 0.400000 0.415625 0.398438 0.414062 0.357812 0.414062 0.356250 0.412500 0.354687 0.412500 0.353125 0.414062 0.351562 0.412500 0.285938 0.412500 0.284375 0.414062 0.282813 0.414062 0.282813 0.443750 0.279687 0.446875 0.279687 0.448437 0.276562 0.451562 0.275000 0.451562 0.273438 0.453125 0.273438 0.454688 0.268750 0.459375 0.267188 0.459375 0.262500 0.464062 0.260937 0.464062 0.259375 0.465625 0.257812 0.465625 0.256250 0.467187 0.254688 0.467187 0.253125 0.468750 0.237500 0.468750 0.235937 0.470313 0.195312 0.470313 0.193750 0.468750 0.187500 0.468750 0.185938 0.467187 0.184375 0.467187 0.182812 0.465625 0.181250 0.465625 0.178125 0.462500 0.171875 0.462500 0.170313 0.460938 0.168750 0.460938 0.167187 0.462500 0.165625 0.462500 0.164062 0.460938 0.162500 0.460938 0.160938 0.459375 0.157812 0.459375 0.153125 0.454688 0.153125 0.451562 0.154688 0.450000 0.153125 0.448437 0.153125 0.442188 0.150000 0.439063 0.151562 0.437500 0.151562 0.432812 0.150000 0.431250 0.150000 0.429688 0.151562 0.428125 0.151562 0.426563 0.150000 0.425000 0.150000 0.420312 0.148438 0.418750 0.148438 0.412500 0.145313 0.409375 0.132812 0.409375 0.131250 0.407813 0.131250 0.406250 0.132812 0.404687 0.135937 0.404687 0.137500 0.406250 0.139063 0.406250 0.140625 0.404687 0.145313 0.404687 0.145313 0.403125 0.143750 0.401562 0.140625 0.401562 0.139063 0.400000 0.135937 0.400000 0.134375 0.401562 0.132812 0.400000 0.100000 0.400000 0.098437 0.398438 0.089063 0.398438 0.087500 0.400000 0.085938 0.400000 0.084375 0.398438 0.073438 0.398438 0.071875 0.400000 0.070312 0.398438 0.057813 0.398438 0.056250 0.400000 0.054688 0.400000 0.053125 0.398438