0 0.987500 0.990625 0.985938 0.992188 0.984375 0.992188 0.984375 0.995313 0.985938 0.996875 0.985938 0.998437 0.985938 0.996875 0.987500 0.995313 0.992188 0.995313 0.993750 0.993750 0.998437 0.993750 0.996875 0.992188 0.993750 0.992188 0.992188 0.990625
0 0.987500 0.976562 0.985938 0.978125 0.985938 0.979688 0.987500 0.978125 0.989062 0.978125 0.989062 0.976562
0 0.700000 0.973437 0.700000 0.979688 0.698438 0.981250 0.701562 0.981250 0.701562 0.975000
0 0.903125 0.960938 0.901563 0.962500 0.903125 0.964063 0.903125 0.965625
0 0.675000 0.957812 0.675000 0.962500 0.676562 0.964063 0.676562 0.965625 0.676562 0.962500 0.678125 0.960938 0.678125 0.959375 0.679688 0.957812
0 0.884375 0.926562 0.882812 0.928125 0.884375 0.929688 0.887500 0.929688 0.887500 0.926562
0 0.004687 0.812500 0.003125 0.814063 0.004687 0.815625
0 0.157812 0.254688 0.156250 0.256250 0.154688 0.256250 0.153125 0.257812 0.153125 0.259375 0.159375 0.259375 0.160938 0.257812 0.167187 0.257812 0.168750 0.256250 0.168750 0.254688
0 0.132812 0.254688 0.134375 0.256250 0.135937 0.256250 0.134375 0.254688
0 0.242188 0.240625 0.245312 0.243750 0.248438 0.243750 0.250000 0.242188 0.248438 0.240625
0 0.257812 0.239063 0.256250 0.240625 0.254688 0.240625 0.257812 0.243750 0.259375 0.243750 0.260937 0.245312 0.264062 0.245312 0.264062 0.242188 0.262500 0.240625 0.260937 0.240625 0.259375 0.239063
0 0.437500 0.229687 0.435937 0.231250 0.429688 0.231250 0.428125 0.232813 0.418750 0.232813 0.417187 0.234375 0.409375 0.234375 0.407813 0.235937 0.403125 0.235937 0.401562 0.237500 0.395313 0.237500 0.393750 0.239063 0.384375 0.239063 0.382812 0.240625 0.370312 0.240625 0.368750 0.242188 0.362500 0.242188 0.360938 0.243750 0.351562 0.243750 0.350000 0.245312 0.340625 0.245312 0.339062 0.246875 0.335938 0.246875 0.334375 0.248438 0.325000 0.248438 0.323437 0.250000 0.318750 0.250000 0.317188 0.251563 0.314063 0.251563 0.312500 0.253125 0.304688 0.253125 0.303125 0.254688 0.298438 0.254688 0.296875 0.256250 0.289062 0.256250 0.287500 0.257812 0.284375 0.257812 0.282813 0.259375 0.276562 0.259375 0.275000 0.260937 0.271875 0.260937 0.270313 0.262500 0.265625 0.262500 0.264062 0.264062 0.257812 0.264062 0.256250 0.265625 0.253125 0.265625 0.251563 0.267188 0.246875 0.267188 0.245312 0.268750 0.240625 0.268750 0.239063 0.270313 0.234375 0.270313 0.232813 0.271875 0.226562 0.271875 0.225000 0.273438 0.220312 0.273438 0.218750 0.275000 0.212500 0.275000 0.210938 0.276562 0.204687 0.276562 0.203125 0.278125 0.201563 0.278125 0.200000 0.279687 0.195312 0.279687 0.193750 0.281250 0.190625 0.281250 0.189062 0.282813 0.184375 0.282813 0.182812 0.284375 0.176563 0.284375 0.175000 0.285938 0.171875 0.285938 0.170313 0.287500 0.160938 0.287500 0.159375 0.289062 0.154688 0.289062 0.153125 0.290625 0.145313 0.290625 0.143750 0.292187 0.134375 0.292187 0.132812 0.293750 0.131250 0.293750 0.129688 0.295312 0.126562 0.295312 0.125000 0.296875 0.121875 0.296875 0.120313 0.298438 0.117188 0.298438 0.115625 0.300000 0.109375 0.300000 0.107813 0.301563 0.103125 0.301563 0.101562 0.303125 0.095312 0.303125 0.093750 0.304688 0.085938 0.304688 0.084375 0.306250 0.081250 0.306250 0.079687 0.307812 0.078125 0.307812 0.075000 0.310937 0.070312 0.310937 0.067187 0.314063 0.064062 0.314063 0.062500 0.315625 0.054688 0.315625 0.053125 0.317188 0.050000 0.317188 0.048438 0.318750 0.042188 0.318750 0.040625 0.320312 0.037500 0.320312 0.035937 0.321875 0.034375 0.321875 0.032813 0.323437 0.025000 0.323437 0.023438 0.325000 0.018750 0.325000 0.017188 0.326562 0.014063 0.326562 0.012500 0.328125 0.010937 0.328125 0.007812 0.331250 0.004687 0.331250 0.003125 0.332813 0.000000 0.332813 0.000000 0.729688 0.004687 0.734375 0.006250 0.734375 0.007812 0.732812 0.009375 0.732812 0.010937 0.734375 0.028125 0.734375 0.031250 0.737500 0.037500 0.737500 0.039062 0.739062 0.045312 0.739062 0.046875 0.740625 0.053125 0.740625 0.054688 0.742188 0.065625 0.742188 0.067187 0.743750 0.070312 0.743750 0.071875 0.745313 0.079687 0.745313 0.081250 0.746875 0.084375 0.746875 0.085938 0.748437 0.092188 0.748437 0.093750 0.750000 0.104688 0.750000 0.106250 0.751563 0.107813 0.751563 0.109375 0.753125 0.117188 0.753125 0.118750 0.754687 0.120313 0.753125 0.121875 0.753125 0.123438 0.754687 0.126562 0.754687 0.128125 0.756250 0.132812 0.756250 0.134375 0.757812 0.135937 0.756250 0.137500 0.756250 0.139063 0.757812 0.145313 0.757812 0.146875 0.759375 0.150000 0.759375 0.151562 0.760938 0.157812 0.760938 0.159375 0.762500 0.164062 0.762500 0.165625 0.764062 0.179688 0.764062 0.181250 0.765625 0.187500 0.765625 0.189062 0.767188 0.190625 0.767188 0.192188 0.768750 0.201563 0.768750 0.203125 0.770312 0.207813 0.770312 0.209375 0.771875 0.212500 0.771875 0.214062 0.773438 0.217188 0.773438 0.220312 0.776563 0.225000 0.776563 0.228125 0.779687 0.226562 0.781250 0.221875 0.781250 0.220312 0.779687 0.217188 0.779687 0.215625 0.778125 0.214062 0.778125 0.212500 0.776563 0.190625 0.776563 0.189062 0.775000 0.187500 0.775000 0.185938 0.773438 0.182812 0.773438 0.181250 0.771875 0.171875 0.771875 0.170313 0.770312 0.167187 0.770312 0.165625 0.768750 0.154688 0.768750 0.153125 0.767188 0.151562 0.767188 0.150000 0.765625 0.137500 0.765625 0.134375 0.762500 0.123438 0.762500 0.121875 0.760938 0.110937 0.760938 0.109375 0.759375 0.107813 0.759375 0.106250 0.757812 0.096875 0.757812 0.095312 0.756250 0.093750 0.756250 0.092188 0.754687 0.089063 0.754687 0.087500 0.753125 0.075000 0.753125 0.071875 0.750000 0.059375 0.750000 0.057813 0.748437 0.054688 0.748437 0.053125 0.746875 0.045312 0.746875 0.043750 0.745313 0.032813 0.745313 0.029687 0.742188 0.021875 0.742188 0.020313 0.740625 0.018750 0.742188 0.017188 0.742188 0.015625 0.740625 0.014063 0.740625 0.012500 0.739062 0.004687 0.739062 0.001563 0.742188 0.000000 0.742188 0.000000 0.775000 0.003125 0.778125 0.003125 0.782813 0.004687 0.784375 0.006250 0.784375 0.010937 0.789062 0.010937 0.792188 0.009375 0.793750 0.006250 0.790625 0.006250 0.789062 0.004687 0.789062 0.004687 0.807813 0.006250 0.809375 0.009375 0.809375 0.010937 0.807813 0.012500 0.807813 0.014063 0.806250 0.014063 0.804688 0.015625 0.803125 0.020313 0.803125 0.021875 0.804688 0.021875 0.806250 0.006250 0.821875 0.006250 0.823438 0.000000 0.829688 0.001563 0.831250 0.001563 0.834375 0.000000 0.835938 0.000000 0.837500 0.003125 0.840625 0.003125 0.850000 0.001563 0.851562 0.001563 0.857812 0.000000 0.859375 0.000000 0.862500 0.001563 0.864062 0.000000 0.865625 0.000000 0.870313 0.001563 0.871875 0.001563 0.873437 0.000000 0.875000 0.000000 0.876563 0.001563 0.878125 0.001563 0.893750 0.003125 0.895312 0.001563 0.896875 0.001563 0.901563 0.003125 0.903125 0.001563 0.904687 0.001563 0.914062 0.000000 0.915625 0.001563 0.917188 0.001563 0.948438 0.003125 0.950000 0.003125 0.951562 0.001563 0.953125 0.001563 0.954688 0.003125 0.956250 0.003125 0.959375 0.001563 0.960938 0.001563 0.962500 0.003125 0.964063 0.003125 0.993750 0.006250 0.996875 0.006250 0.998437 0.570312 0.998437 0.571875 0.996875 0.573438 0.996875 0.575000 0.995313 0.576562 0.995313 0.578125 0.996875 0.579688 0.996875 0.581250 0.998437 0.654687 0.998437 0.657813 0.995313 0.664062 0.995313 0.665625 0.996875 0.667188 0.995313 0.668750 0.995313 0.671875 0.998437 0.690625 0.998437 0.689063 0.996875 0.689063 0.995313 0.687500 0.993750 0.685937 0.993750 0.684375 0.992188 0.682813 0.992188 0.681250 0.990625 0.676562 0.990625 0.675000 0.989062 0.670312 0.989062 0.668750 0.990625 0.665625 0.987500 0.665625 0.985938 0.664062 0.984375 0.664062 0.982812 0.659375 0.978125 0.657813 0.978125 0.656250 0.976562 0.653125 0.976562 0.650000 0.973437 0.650000 0.971875 0.651563 0.970313 0.651563 0.964063 0.653125 0.962500 0.653125 0.960938 0.656250 0.957812 0.656250 0.956250 0.657813 0.954688 0.657813 0.951562 0.656250 0.950000 0.656250 0.945312 0.659375 0.942187 0.659375 0.937500 0.667188 0.929688 0.668750 0.929688 0.670312 0.931250 0.670312 0.932813 0.671875 0.934375 0.671875 0.937500 0.670312 0.939063 0.670312 0.942187 0.668750 0.943750 0.668750 0.950000 0.670312 0.950000 0.671875 0.948438 0.673438 0.948438 0.675000 0.950000 0.675000 0.951562 0.682813 0.951562 0.684375 0.953125 0.684375 0.956250 0.682813 0.957812 0.684375 0.959375 0.685937 0.959375 0.687500 0.957812 0.684375 0.954688 0.685937 0.953125 0.687500 0.953125 0.689063 0.951562 0.690625 0.953125 0.696875 0.953125 0.698438 0.954688 0.696875 0.956250 0.690625 0.956250 0.690625 0.965625 0.692187 0.965625 0.693750 0.967187 0.695312 0.965625 0.696875 0.967187 0.698438 0.967187 0.700000 0.968750 0.701562 0.967187 0.706250 0.967187 0.707812 0.968750 0.710938 0.968750 0.712500 0.970313 0.710938 0.971875 0.707812 0.971875 0.707812 0.973437 0.706250 0.975000 0.706250 0.976562 0.704688 0.978125 0.706250 0.979688 0.706250 0.981250 0.707812 0.982812 0.710938 0.982812 0.714063 0.985938 0.707812 0.992188 0.707812 0.993750 0.709375 0.993750 0.709375 0.992188 0.710938 0.990625 0.712500 0.990625 0.715625 0.993750 0.717187 0.992188 0.717187 0.984375 0.718750 0.982812 0.721875 0.982812 0.725000 0.985938 0.725000 0.987500 0.723437 0.989062 0.723437 0.992188 0.726562 0.995313 0.732812 0.995313 0.735938 0.998437 0.737500 0.998437 0.739062 0.996875 0.739062 0.995313 0.740625 0.993750 0.740625 0.971875 0.742188 0.970313 0.742188 0.956250 0.743750 0.954688 0.743750 0.953125 0.748437 0.948438 0.750000 0.950000 0.751563 0.950000 0.753125 0.948438 0.756250 0.948438 0.757812 0.950000 0.771875 0.950000 0.775000 0.953125 0.776563 0.951562 0.778125 0.951562 0.779687 0.953125 0.781250 0.953125 0.782813 0.954688 0.787500 0.954688 0.790625 0.957812 0.789062 0.959375 0.785937 0.959375 0.784375 0.960938 0.781250 0.960938 0.779687 0.959375 0.775000 0.959375 0.773438 0.957812 0.770312 0.957812 0.768750 0.959375 0.768750 0.964063 0.770312 0.965625 0.778125 0.965625 0.779687 0.967187 0.784375 0.967187 0.785937 0.968750 0.796875 0.968750 0.798438 0.970313 0.796875 0.971875 0.793750 0.971875 0.792188 0.973437 0.785937 0.973437 0.785937 0.975000 0.784375 0.976562 0.784375 0.978125 0.785937 0.979688 0.785937 0.981250 0.787500 0.981250 0.789062 0.982812 0.790625 0.982812 0.793750 0.985938 0.790625 0.989062 0.795312 0.993750 0.796875 0.993750 0.798438 0.995313 0.806250 0.995313 0.807813 0.996875 0.807813 0.998437 0.814063 0.998437 0.814063 0.996875 0.817187 0.993750 0.817187 0.985938 0.818750 0.984375 0.818750 0.982812 0.820312 0.981250 0.820312 0.979688 0.825000 0.975000 0.839063 0.975000 0.840625 0.976562 0.840625 0.978125 0.848437 0.978125 0.853125 0.982812 0.854688 0.982812 0.856250 0.981250 0.864062 0.981250 0.865625 0.982812 0.868750 0.982812 0.871875 0.985938 0.868750 0.989062 0.867188 0.989062 0.865625 0.987500 0.864062 0.987500 0.864062 0.989062 0.862500 0.990625 0.862500 0.993750 0.865625 0.993750 0.868750 0.990625 0.870313 0.990625 0.871875 0.992188 0.876563 0.992188 0.878125 0.993750 0.879687 0.993750 0.881250 0.995313 0.884375 0.995313 0.885938 0.993750 0.887500 0.993750 0.890625 0.996875 0.890625 0.998437 0.900000 0.998437 0.901563 0.996875 0.901563 0.995313 0.903125 0.993750 0.901563 0.992188 0.901563 0.984375 0.900000 0.982812 0.900000 0.981250 0.896875 0.981250 0.895312 0.982812 0.893750 0.981250 0.893750 0.978125 0.892188 0.978125 0.890625 0.976562 0.889062 0.976562 0.885938 0.973437 0.889062 0.970313 0.889062 0.968750 0.890625 0.967187 0.890625 0.960938 0.887500 0.957812 0.887500 0.948438 0.889062 0.946875 0.887500 0.945312 0.887500 0.942187 0.884375 0.939063 0.881250 0.942187 0.879687 0.942187 0.876563 0.945312 0.875000 0.943750 0.875000 0.940625 0.873437 0.939063 0.873437 0.937500 0.871875 0.935937 0.871875 0.934375 0.873437 0.932813 0.873437 0.926562 0.871875 0.925000 0.868750 0.925000 0.867188 0.926562 0.864062 0.926562 0.864062 0.929688 0.868750 0.934375 0.867188 0.935937 0.867188 0.937500 0.864062 0.940625 0.862500 0.940625 0.857812 0.935937 0.857812 0.932813 0.859375 0.931250 0.859375 0.926562 0.857812 0.925000 0.857812 0.923438 0.856250 0.921875 0.856250 0.918750 0.854688 0.920312 0.853125 0.920312 0.851562 0.921875 0.851562 0.923438 0.850000 0.925000 0.846875 0.925000 0.845313 0.923438 0.840625 0.923438 0.837500 0.920312 0.835938 0.920312 0.831250 0.915625 0.829688 0.915625 0.828125 0.914062 0.826562 0.914062 0.823438 0.910937 0.804688 0.910937 0.803125 0.909375 0.801562 0.910937 0.800000 0.910937 0.798438 0.912500 0.796875 0.912500 0.795312 0.910937 0.785937 0.910937 0.785937 0.914062 0.787500 0.915625 0.785937 0.917188 0.785937 0.918750 0.782813 0.921875 0.779687 0.918750 0.779687 0.917188 0.778125 0.917188 0.776563 0.918750 0.775000 0.918750 0.770312 0.923438 0.768750 0.921875 0.767188 0.921875 0.764062 0.918750 0.764062 0.906250 0.762500 0.904687 0.762500 0.903125 0.759375 0.900000 0.759375 0.898438 0.757812 0.896875 0.756250 0.896875 0.754687 0.895312 0.750000 0.895312 0.748437 0.893750 0.746875 0.893750 0.745313 0.892188 0.739062 0.892188 0.737500 0.890625 0.712500 0.890625 0.710938 0.889062 0.709375 0.889062 0.707812 0.890625 0.704688 0.890625 0.701562 0.887500 0.701562 0.884375 0.703125 0.882812 0.703125 0.879687 0.700000 0.879687 0.698438 0.878125 0.695312 0.878125 0.693750 0.879687 0.689063 0.879687 0.687500 0.878125 0.682813 0.878125 0.681250 0.876563 0.678125 0.876563 0.676562 0.878125 0.675000 0.876563 0.668750 0.876563 0.665625 0.873437 0.662500 0.873437 0.660937 0.871875 0.656250 0.871875 0.654687 0.870313 0.651563 0.870313 0.650000 0.868750 0.642188 0.868750 0.640625 0.867188 0.639062 0.867188 0.635938 0.864062 0.628125 0.864062 0.626563 0.862500 0.620313 0.862500 0.618750 0.860938 0.610938 0.860938 0.609375 0.859375 0.607812 0.860938 0.606250 0.860938 0.603125 0.857812 0.601562 0.857812 0.600000 0.856250 0.595313 0.856250 0.593750 0.857812 0.585938 0.857812 0.584375 0.856250 0.581250 0.856250 0.579688 0.857812 0.578125 0.856250 0.576562 0.856250 0.573438 0.853125 0.565625 0.853125 0.560937 0.848437 0.557813 0.848437 0.556250 0.846875 0.554688 0.848437 0.542188 0.848437 0.540625 0.846875 0.539062 0.848437 0.532813 0.848437 0.531250 0.846875 0.528125 0.846875 0.526563 0.845313 0.525000 0.845313 0.521875 0.842187 0.517188 0.842187 0.515625 0.843750 0.509375 0.843750 0.503125 0.850000 0.500000 0.850000 0.498437 0.851562 0.496875 0.850000 0.490625 0.850000 0.489063 0.851562 0.487500 0.851562 0.485938 0.850000 0.484375 0.851562 0.481250 0.851562 0.479687 0.850000 0.478125 0.850000 0.476562 0.848437 0.476562 0.846875 0.475000 0.845313 0.473438 0.845313 0.471875 0.843750 0.464062 0.843750 0.462500 0.842187 0.460938 0.842187 0.459375 0.843750 0.443750 0.843750 0.442188 0.845313 0.440625 0.843750 0.432812 0.843750 0.431250 0.842187 0.423438 0.842187 0.421875 0.840625 0.417187 0.840625 0.415625 0.839063 0.414062 0.839063 0.412500 0.840625 0.410938 0.840625 0.409375 0.839063 0.407813 0.839063 0.406250 0.837500 0.406250 0.834375 0.409375 0.831250 0.409375 0.828125 0.410938 0.826562 0.410938 0.823438 0.412500 0.821875 0.407813 0.817187 0.404687 0.817187 0.403125 0.815625 0.395313 0.815625 0.393750 0.814063 0.389062 0.814063 0.387500 0.812500 0.384375 0.812500 0.382812 0.810937 0.378125 0.810937 0.376563 0.809375 0.373437 0.809375 0.371875 0.807813 0.364063 0.807813 0.362500 0.806250 0.356250 0.806250 0.354687 0.804688 0.345313 0.804688 0.343750 0.803125 0.340625 0.803125 0.339062 0.801562 0.334375 0.801562 0.332813 0.800000 0.315625 0.800000 0.314063 0.798438 0.306250 0.798438 0.304688 0.796875 0.296875 0.796875 0.293750 0.800000 0.290625 0.800000 0.289062 0.798438 0.289062 0.795312 0.287500 0.793750 0.285938 0.793750 0.284375 0.792188 0.282813 0.792188 0.281250 0.790625 0.278125 0.790625 0.276562 0.789062 0.270313 0.789062 0.268750 0.787500 0.260937 0.787500 0.259375 0.785937 0.245312 0.785937 0.243750 0.784375 0.231250 0.784375 0.228125 0.781250 0.229687 0.779687 0.264062 0.779687 0.264062 0.778125 0.271875 0.770312 0.271875 0.768750 0.273438 0.767188 0.273438 0.765625 0.275000 0.764062 0.275000 0.762500 0.276562 0.760938 0.276562 0.759375 0.279687 0.756250 0.279687 0.750000 0.281250 0.748437 0.281250 0.746875 0.284375 0.743750 0.284375 0.740625 0.285938 0.739062 0.285938 0.731250 0.292187 0.725000 0.292187 0.720313 0.290625 0.718750 0.290625 0.717187 0.289062 0.715625 0.289062 0.714063 0.282813 0.707812 0.281250 0.707812 0.279687 0.706250 0.278125 0.706250 0.276562 0.704688 0.276562 0.696875 0.278125 0.695312 0.278125 0.685937 0.276562 0.684375 0.276562 0.681250 0.275000 0.679688 0.275000 0.668750 0.273438 0.668750 0.271875 0.667188 0.268750 0.667188 0.267188 0.665625 0.267188 0.664062 0.268750 0.662500 0.270313 0.662500 0.273438 0.659375 0.273438 0.657813 0.271875 0.656250 0.270313 0.656250 0.268750 0.654687 0.265625 0.654687 0.264062 0.653125 0.260937 0.653125 0.259375 0.651563 0.256250 0.651563 0.254688 0.650000 0.254688 0.646875 0.253125 0.645312 0.254688 0.643750 0.254688 0.637500 0.253125 0.635938 0.253125 0.626563 0.256250 0.623437 0.256250 0.621875 0.262500 0.615625 0.264062 0.615625 0.265625 0.614062 0.265625 0.609375 0.264062 0.607812 0.264062 0.603125 0.265625 0.601562 0.265625 0.600000 0.260937 0.595313 0.260937 0.592187 0.259375 0.590625 0.259375 0.587500 0.260937 0.585938 0.260937 0.579688 0.265625 0.575000 0.267188 0.575000 0.271875 0.570312 0.273438 0.570312 0.275000 0.568750 0.275000 0.565625 0.273438 0.564063 0.273438 0.560937 0.270313 0.557813 0.268750 0.557813 0.267188 0.556250 0.267188 0.554688 0.264062 0.551562 0.264062 0.543750 0.260937 0.540625 0.260937 0.539062 0.256250 0.534375 0.256250 0.531250 0.254688 0.529687 0.254688 0.526563 0.253125 0.525000 0.254688 0.523438 0.254688 0.521875 0.256250 0.520312 0.256250 0.518750 0.257812 0.517188 0.257812 0.515625 0.260937 0.512500 0.260937 0.510938 0.264062 0.507812 0.265625 0.507812 0.268750 0.504687 0.270313 0.504687 0.270313 0.503125 0.268750 0.501563 0.268750 0.500000 0.267188 0.500000 0.265625 0.498437 0.264062 0.498437 0.260937 0.495312 0.259375 0.495312 0.254688 0.490625 0.253125 0.490625 0.251563 0.489063 0.251563 0.487500 0.256250 0.482812 0.257812 0.482812 0.259375 0.481250 0.259375 0.479687 0.260937 0.478125 0.260937 0.475000 0.262500 0.473438 0.260937 0.471875 0.260937 0.470313 0.262500 0.468750 0.262500 0.467187 0.264062 0.465625 0.264062 0.464062 0.267188 0.460938 0.268750 0.460938 0.270313 0.459375 0.273438 0.459375 0.275000 0.457813 0.278125 0.457813 0.279687 0.456250 0.290625 0.456250 0.292187 0.454688 0.295312 0.454688 0.296875 0.453125 0.300000 0.453125 0.301563 0.451562 0.317188 0.451562 0.318750 0.450000 0.325000 0.450000 0.326562 0.448437 0.331250 0.448437 0.332813 0.446875 0.334375 0.446875 0.335938 0.445312 0.340625 0.445312 0.342187 0.446875 0.354687 0.446875 0.356250 0.445312 0.359375 0.445312 0.360938 0.443750 0.364063 0.443750 0.365625 0.442188 0.367188 0.442188 0.368750 0.440625 0.368750 0.439063 0.373437 0.434375 0.375000 0.434375 0.375000 0.432812 0.376563 0.431250 0.376563 0.428125 0.378125 0.426563 0.376563 0.425000 0.376563 0.421875 0.375000 0.420312 0.375000 0.418750 0.373437 0.417187 0.373437 0.412500 0.375000 0.410938 0.375000 0.409375 0.376563 0.407813 0.378125 0.407813 0.379688 0.406250 0.381250 0.406250 0.385937 0.401562 0.387500 0.401562 0.390625 0.398438 0.392188 0.398438 0.396875 0.393750 0.396875 0.384375 0.398438 0.382812 0.398438 0.373437 0.400000 0.371875 0.400000 0.365625 0.401562 0.364063 0.401562 0.356250 0.403125 0.354687 0.403125 0.353125 0.407813 0.348438 0.409375 0.348438 0.423438 0.334375 0.425000 0.334375 0.426563 0.332813 0.428125 0.332813 0.431250 0.329688 0.431250 0.328125 0.432812 0.326562 0.432812 0.325000 0.437500 0.320312 0.437500 0.318750 0.439063 0.317188 0.439063 0.315625 0.437500 0.314063 0.439063 0.312500 0.439063 0.310937 0.440625 0.309375 0.440625 0.307812 0.442188 0.306250 0.442188 0.295312 0.443750 0.293750 0.443750 0.282813 0.445312 0.281250 0.445312 0.275000 0.446875 0.273438 0.446875 0.260937 0.448437 0.259375 0.448437 0.256250 0.450000 0.254688 0.450000 0.250000 0.448437 0.248438 0.448437 0.242188 0.450000 0.240625 0.450000 0.234375 0.451562 0.232813 0.451562 0.231250 0.450000 0.229687
0 0.245312 0.226562 0.245312 0.228125 0.248438 0.228125 0.248438 0.226562
0 0.439063 0.206250 0.437500 0.207813 0.437500 0.209375 0.448437 0.209375 0.448437 0.207813 0.440625 0.207813
0 0.337500 0.196875 0.339062 0.196875 0.340625 0.198437 0.342187 0.196875 0.343750 0.196875
0 0.259375 0.196875 0.260937 0.198437 0.260937 0.200000 0.264062 0.200000 0.262500 0.198437 0.262500 0.196875
0 0.245312 0.196875 0.245312 0.200000 0.246875 0.200000 0.246875 0.196875
0 0.353125 0.193750 0.351562 0.195312 0.351562 0.196875 0.353125 0.196875 0.354687 0.198437 0.356250 0.198437 0.357812 0.196875 0.356250 0.195312 0.354687 0.195312
0 0.320312 0.187500 0.318750 0.189062 0.317188 0.189062 0.318750 0.189062 0.321875 0.192188 0.321875 0.195312 0.320312 0.196875 0.320312 0.198437 0.318750 0.200000 0.320312 0.198437 0.321875 0.200000 0.325000 0.200000 0.325000 0.198437 0.326562 0.196875 0.321875 0.192188 0.321875 0.190625 0.323437 0.189062 0.321875 0.187500
0 0.290625 0.184375 0.287500 0.187500 0.285938 0.187500 0.285938 0.189062 0.287500 0.189062 0.289062 0.190625 0.293750 0.190625 0.295312 0.189062 0.295312 0.184375
0 0.257812 0.176563 0.259375 0.178125 0.260937 0.176563