0 0.868750 0.978125 0.868750 0.981250 0.864062 0.985938 0.864062 0.992188 0.862500 0.993750 0.865625 0.996875 0.865625 0.998437 0.890625 0.998437 0.890625 0.996875 0.892188 0.995313 0.896875 0.995313 0.900000 0.998437 0.900000 0.996875 0.901563 0.995313 0.901563 0.993750 0.898438 0.990625 0.896875 0.990625 0.887500 0.981250 0.887500 0.979688 0.885938 0.979688 0.884375 0.978125 0.884375 0.981250 0.881250 0.984375 0.875000 0.984375 0.871875 0.981250 0.871875 0.978125
0 0.815625 0.882812 0.815625 0.884375 0.817187 0.884375 0.817187 0.882812
0 0.814063 0.845313 0.814063 0.850000 0.815625 0.851562 0.817187 0.851562 0.818750 0.850000 0.818750 0.848437 0.815625 0.845313
0 0.718750 0.771875 0.718750 0.778125 0.721875 0.778125 0.723437 0.776563 0.723437 0.775000 0.720313 0.771875
0 0.673438 0.767188 0.673438 0.771875 0.675000 0.771875 0.676562 0.770312 0.678125 0.770312 0.678125 0.767188
0 0.703125 0.754687 0.703125 0.759375 0.701562 0.760938 0.701562 0.764062 0.700000 0.765625 0.698438 0.764062 0.693750 0.764062 0.692187 0.765625 0.690625 0.764062 0.689063 0.764062 0.687500 0.765625 0.687500 0.770312 0.689063 0.771875 0.690625 0.770312 0.693750 0.770312 0.695312 0.771875 0.701562 0.771875 0.703125 0.773438 0.703125 0.775000 0.704688 0.776563 0.704688 0.778125 0.706250 0.776563 0.706250 0.775000 0.709375 0.771875 0.714063 0.771875 0.715625 0.770312 0.712500 0.767188 0.712500 0.765625 0.709375 0.762500 0.709375 0.759375 0.707812 0.757812 0.707812 0.756250 0.706250 0.756250 0.704688 0.754687
0 0.689063 0.750000 0.689063 0.753125 0.687500 0.754687 0.689063 0.756250 0.689063 0.760938 0.692187 0.757812 0.695312 0.757812 0.696875 0.756250 0.696875 0.754687 0.695312 0.753125 0.693750 0.753125 0.692187 0.751563 0.690625 0.751563
0 0.057813 0.570312 0.056250 0.571875 0.046875 0.571875 0.043750 0.575000 0.042188 0.573438 0.039062 0.573438 0.037500 0.575000 0.037500 0.576562 0.039062 0.578125 0.039062 0.582812 0.037500 0.584375 0.032813 0.584375 0.028125 0.589063 0.015625 0.589063 0.014063 0.590625 0.009375 0.590625 0.007812 0.592187 0.007812 0.593750 0.009375 0.595313 0.009375 0.598437 0.014063 0.598437 0.015625 0.600000 0.026562 0.600000 0.028125 0.598437 0.031250 0.601562 0.039062 0.601562 0.040625 0.600000 0.045312 0.600000 0.046875 0.601562 0.054688 0.601562 0.056250 0.600000 0.057813 0.601562 0.059375 0.601562 0.064062 0.606250 0.065625 0.604688 0.070312 0.604688 0.071875 0.606250 0.075000 0.603125 0.078125 0.606250 0.082812 0.606250 0.087500 0.601562 0.089063 0.601562 0.090625 0.600000 0.092188 0.600000 0.092188 0.593750 0.090625 0.592187 0.090625 0.587500 0.087500 0.584375 0.087500 0.579688 0.084375 0.576562 0.084375 0.575000 0.081250 0.571875 0.078125 0.571875 0.076563 0.570312
0 0.009375 0.537500 0.007812 0.539062 0.004687 0.539062 0.000000 0.543750 0.000000 0.559375 0.001563 0.559375 0.003125 0.560937 0.006250 0.560937 0.007812 0.562500 0.009375 0.562500 0.012500 0.565625 0.014063 0.565625 0.015625 0.564063 0.018750 0.567187 0.020313 0.567187 0.020313 0.554688 0.021875 0.553125 0.021875 0.543750 0.020313 0.542188 0.020313 0.540625 0.017188 0.540625 0.015625 0.539062 0.015625 0.537500
0 0.559375 0.532813 0.559375 0.534375 0.560937 0.532813
0 0.392188 0.404687 0.390625 0.406250 0.389062 0.406250 0.387500 0.407813 0.382812 0.407813 0.379688 0.410938 0.378125 0.410938 0.371875 0.417187 0.370312 0.417187 0.364063 0.410938 0.364063 0.409375 0.362500 0.409375 0.360938 0.407813 0.353125 0.407813 0.351562 0.406250 0.343750 0.406250 0.342187 0.407813 0.329688 0.407813 0.328125 0.409375 0.326562 0.409375 0.325000 0.410938 0.320312 0.410938 0.318750 0.412500 0.314063 0.412500 0.312500 0.414062 0.310937 0.414062 0.309375 0.415625 0.303125 0.415625 0.301563 0.417187 0.298438 0.417187 0.295312 0.420312 0.281250 0.420312 0.279687 0.421875 0.276562 0.421875 0.275000 0.423438 0.271875 0.423438 0.270313 0.425000 0.268750 0.425000 0.267188 0.426563 0.265625 0.426563 0.264062 0.428125 0.264062 0.439063 0.262500 0.440625 0.262500 0.442188 0.259375 0.445312 0.259375 0.448437 0.260937 0.448437 0.262500 0.450000 0.260937 0.451562 0.253125 0.451562 0.251563 0.453125 0.251563 0.454688 0.250000 0.456250 0.250000 0.460938 0.251563 0.462500 0.251563 0.465625 0.250000 0.467187 0.250000 0.470313 0.251563 0.471875 0.251563 0.479687 0.253125 0.481250 0.253125 0.482812 0.254688 0.484375 0.254688 0.485938 0.256250 0.487500 0.256250 0.503125 0.253125 0.506250 0.250000 0.506250 0.250000 0.507812 0.248438 0.509375 0.248438 0.512500 0.246875 0.514062 0.232813 0.514062 0.231250 0.512500 0.228125 0.512500 0.226562 0.514062 0.225000 0.514062 0.221875 0.517188 0.221875 0.520312 0.220312 0.521875 0.215625 0.521875 0.212500 0.518750 0.212500 0.517188 0.209375 0.517188 0.210938 0.518750 0.210938 0.521875 0.209375 0.523438 0.209375 0.531250 0.207813 0.532813 0.203125 0.532813 0.201563 0.531250 0.201563 0.526563 0.198437 0.523438 0.198437 0.521875 0.196875 0.520312 0.196875 0.518750 0.193750 0.515625 0.193750 0.514062 0.192188 0.512500 0.192188 0.510938 0.190625 0.510938 0.189062 0.512500 0.187500 0.510938 0.185938 0.510938 0.182812 0.507812 0.182812 0.506250 0.181250 0.506250 0.178125 0.509375 0.175000 0.509375 0.171875 0.512500 0.170313 0.512500 0.168750 0.514062 0.167187 0.512500 0.160938 0.512500 0.160938 0.514062 0.162500 0.515625 0.162500 0.517188 0.159375 0.520312 0.159375 0.521875 0.160938 0.521875 0.162500 0.523438 0.162500 0.526563 0.164062 0.528125 0.164062 0.540625 0.165625 0.542188 0.165625 0.550000 0.160938 0.554688 0.156250 0.554688 0.153125 0.551562 0.153125 0.543750 0.151562 0.542188 0.151562 0.539062 0.150000 0.537500 0.150000 0.534375 0.146875 0.534375 0.145313 0.532813 0.142187 0.532813 0.142187 0.545312 0.145313 0.548438 0.145313 0.556250 0.146875 0.557813 0.146875 0.559375 0.148438 0.560937 0.148438 0.584375 0.143750 0.589063 0.140625 0.589063 0.135937 0.584375 0.135937 0.579688 0.134375 0.578125 0.134375 0.575000 0.129688 0.570312 0.131250 0.568750 0.131250 0.564063 0.125000 0.557813 0.125000 0.556250 0.120313 0.551562 0.120313 0.548438 0.118750 0.546875 0.115625 0.546875 0.114062 0.545312 0.110937 0.545312 0.109375 0.546875 0.107813 0.546875 0.106250 0.548438 0.101562 0.548438 0.101562 0.551562 0.098437 0.554688 0.098437 0.559375 0.101562 0.562500 0.101562 0.564063 0.103125 0.565625 0.103125 0.573438 0.101562 0.575000 0.103125 0.576562 0.103125 0.578125 0.107813 0.582812 0.107813 0.596875 0.109375 0.598437 0.109375 0.601562 0.110937 0.603125 0.110937 0.609375 0.109375 0.610938 0.109375 0.614062 0.106250 0.617188 0.101562 0.617188 0.100000 0.618750 0.090625 0.618750 0.089063 0.617188 0.070312 0.617188 0.068750 0.615625 0.065625 0.615625 0.064062 0.617188 0.062500 0.615625 0.031250 0.615625 0.029687 0.614062 0.014063 0.614062 0.012500 0.615625 0.009375 0.615625 0.007812 0.617188 0.006250 0.617188 0.004687 0.618750 0.006250 0.620313 0.006250 0.621875 0.009375 0.625000 0.012500 0.625000 0.014063 0.626563 0.014063 0.632812 0.015625 0.634375 0.015625 0.642188 0.017188 0.643750 0.017188 0.645312 0.021875 0.650000 0.021875 0.654687 0.023438 0.656250 0.023438 0.659375 0.025000 0.660937 0.025000 0.664062 0.026562 0.665625 0.026562 0.668750 0.025000 0.670312 0.025000 0.676562 0.023438 0.678125 0.021875 0.678125 0.020313 0.679688 0.017188 0.679688 0.015625 0.681250 0.014063 0.681250 0.014063 0.682813 0.012500 0.684375 0.000000 0.684375 0.000000 0.998437 0.654687 0.998437 0.654687 0.996875 0.656250 0.995313 0.657813 0.995313 0.660937 0.998437 0.662500 0.998437 0.664062 0.996875 0.668750 0.996875 0.670312 0.995313 0.678125 0.995313 0.682813 0.990625 0.685937 0.990625 0.689063 0.993750 0.690625 0.993750 0.692187 0.995313 0.693750 0.993750 0.704688 0.993750 0.706250 0.995313 0.740625 0.995313 0.743750 0.998437 0.746875 0.998437 0.748437 0.996875 0.748437 0.995313 0.751563 0.992188 0.753125 0.993750 0.754687 0.993750 0.759375 0.998437 0.762500 0.998437 0.762500 0.996875 0.767188 0.992188 0.768750 0.992188 0.770312 0.990625 0.778125 0.990625 0.779687 0.989062 0.790625 0.989062 0.793750 0.985938 0.793750 0.978125 0.795312 0.976562 0.795312 0.967187 0.796875 0.965625 0.796875 0.956250 0.795312 0.954688 0.796875 0.953125 0.796875 0.951562 0.800000 0.948438 0.801562 0.948438 0.801562 0.939063 0.806250 0.934375 0.806250 0.925000 0.809375 0.921875 0.809375 0.918750 0.810937 0.917188 0.810937 0.906250 0.812500 0.904687 0.812500 0.895312 0.810937 0.893750 0.810937 0.889062 0.812500 0.887500 0.812500 0.875000 0.814063 0.873437 0.815625 0.873437 0.817187 0.875000 0.817187 0.873437 0.818750 0.871875 0.818750 0.870313 0.820312 0.868750 0.820312 0.867188 0.818750 0.865625 0.818750 0.862500 0.817187 0.860938 0.817187 0.856250 0.812500 0.860938 0.812500 0.862500 0.809375 0.865625 0.807813 0.865625 0.806250 0.867188 0.804688 0.865625 0.804688 0.862500 0.803125 0.860938 0.792188 0.860938 0.790625 0.859375 0.787500 0.859375 0.785937 0.857812 0.782813 0.857812 0.781250 0.856250 0.781250 0.848437 0.776563 0.843750 0.775000 0.843750 0.770312 0.839063 0.770312 0.837500 0.768750 0.835938 0.768750 0.832812 0.767188 0.832812 0.764062 0.829688 0.760938 0.829688 0.759375 0.828125 0.750000 0.828125 0.748437 0.826562 0.743750 0.826562 0.742188 0.828125 0.725000 0.828125 0.723437 0.826562 0.707812 0.826562 0.706250 0.828125 0.704688 0.828125 0.703125 0.826562 0.701562 0.826562 0.700000 0.825000 0.698438 0.826562 0.687500 0.826562 0.685937 0.825000 0.685937 0.820312 0.681250 0.820312 0.675000 0.814063 0.670312 0.814063 0.668750 0.812500 0.667188 0.812500 0.665625 0.814063 0.664062 0.812500 0.640625 0.812500 0.637500 0.809375 0.635938 0.809375 0.634375 0.807813 0.632812 0.807813 0.631250 0.806250 0.629687 0.806250 0.626563 0.803125 0.626563 0.801562 0.625000 0.800000 0.625000 0.798438 0.623437 0.796875 0.623437 0.790625 0.625000 0.789062 0.625000 0.787500 0.626563 0.785937 0.626563 0.781250 0.629687 0.778125 0.629687 0.776563 0.631250 0.775000 0.631250 0.773438 0.632812 0.771875 0.632812 0.770312 0.634375 0.768750 0.634375 0.765625 0.635938 0.764062 0.635938 0.762500 0.640625 0.757812 0.640625 0.756250 0.642188 0.754687 0.640625 0.753125 0.640625 0.750000 0.642188 0.748437 0.643750 0.748437 0.645312 0.746875 0.645312 0.745313 0.643750 0.745313 0.639062 0.740625 0.637500 0.740625 0.635938 0.739062 0.620313 0.739062 0.618750 0.737500 0.609375 0.737500 0.607812 0.739062 0.606250 0.739062 0.604688 0.737500 0.603125 0.737500 0.601562 0.735938 0.596875 0.735938 0.595313 0.734375 0.592187 0.734375 0.587500 0.729688 0.587500 0.728125 0.585938 0.726562 0.585938 0.720313 0.587500 0.718750 0.585938 0.717187 0.585938 0.715625 0.587500 0.714063 0.587500 0.712500 0.589063 0.710938 0.589063 0.709375 0.592187 0.706250 0.592187 0.704688 0.593750 0.703125 0.593750 0.701562 0.595313 0.700000 0.595313 0.696875 0.598437 0.693750 0.598437 0.689063 0.600000 0.687500 0.600000 0.684375 0.603125 0.681250 0.603125 0.678125 0.604688 0.676562 0.604688 0.675000 0.607812 0.671875 0.607812 0.670312 0.609375 0.668750 0.609375 0.660937 0.607812 0.660937 0.606250 0.659375 0.600000 0.659375 0.598437 0.657813 0.578125 0.657813 0.576562 0.659375 0.568750 0.659375 0.564063 0.654687 0.564063 0.653125 0.562500 0.651563 0.562500 0.642188 0.564063 0.640625 0.564063 0.639062 0.565625 0.637500 0.565625 0.635938 0.568750 0.632812 0.568750 0.631250 0.570312 0.629687 0.570312 0.628125 0.571875 0.626563 0.571875 0.625000 0.573438 0.623437 0.573438 0.620313 0.575000 0.618750 0.576562 0.618750 0.579688 0.615625 0.579688 0.604688 0.578125 0.603125 0.578125 0.601562 0.571875 0.595313 0.571875 0.593750 0.567187 0.589063 0.567187 0.587500 0.564063 0.584375 0.564063 0.581250 0.562500 0.579688 0.562500 0.567187 0.559375 0.564063 0.564063 0.559375 0.564063 0.556250 0.567187 0.553125 0.567187 0.551562 0.559375 0.551562 0.556250 0.548438 0.556250 0.535937 0.551562 0.535937 0.548438 0.532813 0.546875 0.532813 0.546875 0.540625 0.543750 0.543750 0.542188 0.542188 0.539062 0.542188 0.535937 0.545312 0.529687 0.545312 0.525000 0.540625 0.525000 0.532813 0.526563 0.531250 0.526563 0.528125 0.529687 0.525000 0.529687 0.518750 0.528125 0.517188 0.531250 0.514062 0.531250 0.512500 0.532813 0.510938 0.534375 0.510938 0.535937 0.509375 0.537500 0.509375 0.540625 0.506250 0.540625 0.504687 0.543750 0.501563 0.543750 0.496875 0.545312 0.495312 0.545312 0.471875 0.543750 0.470313 0.543750 0.464062 0.540625 0.460938 0.539062 0.460938 0.537500 0.459375 0.537500 0.457813 0.535937 0.456250 0.520312 0.456250 0.518750 0.454688 0.495312 0.454688 0.493750 0.453125 0.467187 0.453125 0.465625 0.451562 0.460938 0.451562 0.454688 0.445312 0.456250 0.443750 0.456250 0.442188 0.453125 0.439063 0.456250 0.435937 0.457813 0.435937 0.460938 0.432812 0.460938 0.431250 0.462500 0.429688 0.464062 0.429688 0.465625 0.428125 0.465625 0.423438 0.464062 0.421875 0.462500 0.421875 0.460938 0.420312 0.460938 0.418750 0.457813 0.415625 0.453125 0.415625 0.450000 0.418750 0.448437 0.417187 0.448437 0.415625 0.445312 0.415625 0.443750 0.414062 0.439063 0.414062 0.437500 0.412500 0.434375 0.412500 0.432812 0.410938 0.431250 0.410938 0.428125 0.407813 0.426563 0.407813 0.425000 0.406250 0.412500 0.406250 0.410938 0.404687 0.407813 0.404687 0.406250 0.406250 0.395313 0.406250 0.393750 0.404687