0 0.020313 0.984375 0.018750 0.985938 0.018750 0.987500 0.020313 0.989062 0.020313 0.993750 0.028125 0.993750 0.028125 0.990625 0.025000 0.993750 0.020313 0.989062 0.021875 0.987500 0.021875 0.984375
0 0.989062 0.973437 0.987500 0.975000 0.987500 0.976562 0.985938 0.978125 0.985938 0.981250 0.984375 0.982812 0.984375 0.998437 0.987500 0.998437 0.989062 0.996875 0.990625 0.998437 0.993750 0.998437 0.993750 0.996875 0.995313 0.995313 0.995313 0.990625 0.993750 0.989062 0.993750 0.984375 0.992188 0.982812 0.992188 0.979688 0.990625 0.978125 0.990625 0.976562 0.992188 0.975000 0.990625 0.973437
0 0.989062 0.928125 0.989062 0.931250 0.985938 0.934375 0.990625 0.934375 0.990625 0.929688
0 0.006250 0.915625 0.004687 0.917188 0.004687 0.995313 0.010937 0.995313 0.012500 0.993750 0.014063 0.993750 0.014063 0.990625 0.015625 0.989062 0.015625 0.985938 0.014063 0.984375 0.014063 0.982812 0.012500 0.981250 0.012500 0.968750 0.012500 0.970313 0.009375 0.973437 0.007812 0.971875 0.007812 0.951562 0.009375 0.950000 0.010937 0.950000 0.012500 0.951562 0.012500 0.962500 0.012500 0.946875 0.012500 0.948438 0.010937 0.950000 0.009375 0.950000 0.007812 0.948438 0.007812 0.934375 0.006250 0.932813
0 0.004687 0.887500 0.004687 0.910937 0.006250 0.912500 0.006250 0.909375 0.004687 0.907813 0.006250 0.906250 0.006250 0.887500
0 0.118750 0.884375 0.118750 0.887500 0.120313 0.885938 0.121875 0.885938 0.123438 0.884375
0 0.004687 0.870313 0.004687 0.873437 0.006250 0.873437 0.007812 0.871875 0.006250 0.870313
0 0.012500 0.868750 0.012500 0.870313 0.010937 0.871875 0.012500 0.871875
0 0.028125 0.839063 0.026562 0.840625 0.025000 0.840625 0.026562 0.842187 0.028125 0.842187 0.029687 0.840625
0 0.246875 0.823438 0.246875 0.825000 0.248438 0.825000 0.248438 0.823438
0 0.098437 0.823438 0.098437 0.825000 0.101562 0.825000 0.101562 0.823438
0 0.084375 0.823438 0.082812 0.825000 0.085938 0.825000 0.085938 0.823438
0 0.068750 0.823438 0.067187 0.825000 0.070312 0.825000
0 0.043750 0.823438 0.042188 0.825000 0.035937 0.825000 0.037500 0.826562 0.039062 0.825000 0.043750 0.825000
0 0.254688 0.821875 0.254688 0.825000 0.257812 0.825000
0 0.114062 0.817187 0.114062 0.820312 0.112500 0.821875 0.112500 0.826562 0.117188 0.826562 0.118750 0.825000 0.121875 0.825000 0.123438 0.823438 0.123438 0.821875 0.121875 0.820312 0.117188 0.820312
0 0.176563 0.814063 0.176563 0.820312 0.178125 0.821875 0.175000 0.825000 0.175000 0.826562 0.176563 0.828125 0.176563 0.829688 0.182812 0.823438 0.182812 0.820312 0.181250 0.820312 0.178125 0.817187 0.178125 0.815625
0 0.160938 0.814063 0.160938 0.815625 0.159375 0.817187 0.159375 0.826562 0.164062 0.826562 0.165625 0.825000 0.167187 0.825000 0.167187 0.823438 0.168750 0.821875 0.168750 0.820312 0.165625 0.820312 0.162500 0.817187 0.162500 0.815625
0 0.145313 0.814063 0.145313 0.815625 0.143750 0.817187 0.143750 0.821875 0.142187 0.823438 0.137500 0.818750 0.132812 0.818750 0.131250 0.817187 0.129688 0.817187 0.129688 0.820312 0.128125 0.821875 0.128125 0.823438 0.126562 0.825000 0.129688 0.828125 0.131250 0.828125 0.132812 0.826562 0.135937 0.826562 0.137500 0.825000 0.140625 0.825000 0.145313 0.829688 0.145313 0.832812 0.145313 0.829688 0.148438 0.826562 0.150000 0.826562 0.153125 0.823438 0.153125 0.818750 0.151562 0.818750 0.150000 0.820312 0.146875 0.817187 0.146875 0.815625
0 0.973437 0.600000 0.973437 0.603125 0.975000 0.603125 0.975000 0.600000
0 0.993750 0.596875 0.992188 0.598437 0.990625 0.598437 0.987500 0.601562 0.987500 0.604688 0.990625 0.604688 0.992188 0.603125 0.992188 0.601562 0.993750 0.600000
0 0.993750 0.579688 0.990625 0.582812 0.987500 0.582812 0.985938 0.584375 0.985938 0.589063 0.984375 0.590625 0.990625 0.590625 0.992188 0.589063 0.992188 0.587500 0.995313 0.584375 0.995313 0.582812 0.993750 0.581250
0 0.993750 0.562500 0.990625 0.565625 0.989062 0.565625 0.987500 0.567187 0.984375 0.567187 0.984375 0.568750 0.985938 0.570312 0.985938 0.575000 0.989062 0.575000 0.990625 0.573438 0.992188 0.573438 0.993750 0.571875 0.998437 0.571875 0.996875 0.571875 0.995313 0.570312 0.995313 0.565625 0.993750 0.564063
0 0.896875 0.534375 0.895312 0.535937 0.893750 0.535937 0.893750 0.537500 0.895312 0.539062 0.895312 0.545312 0.898438 0.545312 0.898438 0.542188 0.896875 0.540625 0.898438 0.539062 0.901563 0.539062 0.903125 0.540625 0.906250 0.537500 0.907813 0.537500 0.909375 0.539062 0.909375 0.540625 0.906250 0.543750 0.907813 0.545312 0.909375 0.545312 0.910937 0.546875 0.912500 0.545312 0.912500 0.539062 0.915625 0.535937 0.912500 0.535937 0.910937 0.534375 0.909375 0.535937 0.906250 0.535937 0.904687 0.534375
0 0.895312 0.510938 0.893750 0.512500 0.893750 0.514062 0.895312 0.515625 0.895312 0.518750 0.893750 0.520312 0.893750 0.521875 0.895312 0.523438 0.895312 0.526563 0.893750 0.528125 0.895312 0.529687 0.907813 0.529687 0.909375 0.531250 0.912500 0.531250 0.914062 0.529687 0.914062 0.525000 0.915625 0.523438 0.917188 0.523438 0.920312 0.526563 0.920312 0.528125 0.923438 0.531250 0.925000 0.531250 0.926562 0.532813 0.925000 0.534375 0.923438 0.534375 0.921875 0.535937 0.921875 0.539062 0.923438 0.540625 0.921875 0.542188 0.921875 0.545312 0.923438 0.546875 0.923438 0.548438 0.920312 0.551562 0.920312 0.553125 0.921875 0.554688 0.921875 0.560937 0.925000 0.564063 0.923438 0.565625 0.920312 0.565625 0.918750 0.567187 0.917188 0.565625 0.915625 0.565625 0.912500 0.562500 0.912500 0.556250 0.917188 0.551562 0.915625 0.551562 0.914062 0.550000 0.904687 0.550000 0.903125 0.548438 0.900000 0.548438 0.898438 0.550000 0.895312 0.550000 0.893750 0.551562 0.892188 0.551562 0.892188 0.553125 0.893750 0.554688 0.893750 0.557813 0.892188 0.559375 0.895312 0.562500 0.895312 0.564063 0.892188 0.567187 0.892188 0.568750 0.893750 0.570312 0.893750 0.575000 0.896875 0.575000 0.896875 0.570312 0.900000 0.567187 0.903125 0.567187 0.906250 0.570312 0.906250 0.575000 0.907813 0.576562 0.909375 0.576562 0.910937 0.578125 0.912500 0.578125 0.914062 0.579688 0.914062 0.582812 0.920312 0.582812 0.921875 0.584375 0.923438 0.584375 0.926562 0.587500 0.929688 0.587500 0.931250 0.585938 0.932813 0.585938 0.935937 0.589063 0.935937 0.590625 0.937500 0.592187 0.939063 0.592187 0.940625 0.593750 0.942187 0.593750 0.945312 0.596875 0.945312 0.598437 0.946875 0.600000 0.948438 0.600000 0.950000 0.598437 0.951562 0.600000 0.956250 0.600000 0.957812 0.601562 0.964063 0.601562 0.965625 0.603125 0.965625 0.604688 0.965625 0.603125 0.967187 0.601562 0.967187 0.598437 0.965625 0.596875 0.965625 0.593750 0.968750 0.590625 0.968750 0.587500 0.970313 0.585938 0.971875 0.587500 0.971875 0.589063 0.975000 0.589063 0.975000 0.587500 0.976562 0.585938 0.976562 0.584375 0.978125 0.582812 0.968750 0.582812 0.965625 0.579688 0.965625 0.578125 0.968750 0.575000 0.968750 0.570312 0.970313 0.568750 0.971875 0.570312 0.971875 0.571875 0.973437 0.573438 0.975000 0.571875 0.975000 0.570312 0.976562 0.568750 0.978125 0.568750 0.978125 0.565625 0.976562 0.567187 0.975000 0.567187 0.973437 0.568750 0.971875 0.567187 0.967187 0.567187 0.965625 0.565625 0.965625 0.560937 0.967187 0.559375 0.967187 0.556250 0.970313 0.553125 0.971875 0.554688 0.971875 0.556250 0.973437 0.557813 0.975000 0.557813 0.975000 0.556250 0.976562 0.554688 0.976562 0.553125 0.978125 0.551562 0.970313 0.551562 0.968750 0.550000 0.967187 0.550000 0.965625 0.548438 0.968750 0.545312 0.982812 0.545312 0.984375 0.546875 0.989062 0.546875 0.990625 0.548438 0.990625 0.551562 0.987500 0.554688 0.987500 0.557813 0.989062 0.559375 0.990625 0.559375 0.995313 0.554688 0.995313 0.548438 0.993750 0.546875 0.993750 0.545312 0.992188 0.545312 0.990625 0.543750 0.987500 0.543750 0.985938 0.542188 0.984375 0.542188 0.982812 0.543750 0.981250 0.543750 0.978125 0.540625 0.976562 0.540625 0.975000 0.539062 0.971875 0.539062 0.968750 0.535937 0.965625 0.535937 0.964063 0.534375 0.959375 0.534375 0.956250 0.531250 0.953125 0.531250 0.951562 0.529687 0.950000 0.529687 0.948438 0.528125 0.946875 0.528125 0.945312 0.526563 0.940625 0.526563 0.939063 0.525000 0.932813 0.525000 0.931250 0.523438 0.929688 0.523438 0.928125 0.521875 0.926562 0.521875 0.925000 0.520312 0.920312 0.520312 0.918750 0.518750 0.915625 0.518750 0.912500 0.515625 0.910937 0.515625 0.909375 0.514062 0.904687 0.514062 0.903125 0.512500 0.898438 0.512500 0.896875 0.510938
0 0.542188 0.500000 0.542188 0.501563 0.543750 0.501563 0.543750 0.500000
0 0.746875 0.459375 0.743750 0.462500 0.743750 0.470313 0.742188 0.471875 0.742188 0.482812 0.740625 0.484375 0.740625 0.485938 0.739062 0.487500 0.739062 0.498437 0.737500 0.500000 0.737500 0.509375 0.735938 0.510938 0.735938 0.529687 0.734375 0.531250 0.734375 0.539062 0.735938 0.540625 0.735938 0.545312 0.740625 0.545312 0.743750 0.542188 0.746875 0.542188 0.748437 0.543750 0.748437 0.545312 0.750000 0.546875 0.750000 0.554688 0.748437 0.556250 0.748437 0.557813 0.746875 0.559375 0.745313 0.557813 0.743750 0.557813 0.742188 0.556250 0.742188 0.554688 0.743750 0.553125 0.745313 0.553125 0.745313 0.551562 0.743750 0.550000 0.735938 0.550000 0.731250 0.554688 0.726562 0.550000 0.723437 0.550000 0.721875 0.548438 0.717187 0.548438 0.715625 0.550000 0.714063 0.550000 0.712500 0.548438 0.706250 0.548438 0.704688 0.546875 0.698438 0.546875 0.693750 0.542188 0.692187 0.542188 0.690625 0.540625 0.684375 0.540625 0.682813 0.539062 0.679688 0.539062 0.678125 0.537500 0.673438 0.537500 0.671875 0.539062 0.667188 0.539062 0.665625 0.537500 0.656250 0.537500 0.653125 0.540625 0.651563 0.539062 0.651563 0.537500 0.635938 0.537500 0.634375 0.535937 0.631250 0.535937 0.629687 0.537500 0.620313 0.537500 0.618750 0.535937 0.617188 0.535937 0.615625 0.537500 0.610938 0.537500 0.609375 0.539062 0.606250 0.539062 0.604688 0.537500 0.603125 0.537500 0.596875 0.543750 0.595313 0.543750 0.595313 0.550000 0.593750 0.551562 0.593750 0.560937 0.595313 0.560937 0.596875 0.562500 0.601562 0.562500 0.603125 0.564063 0.601562 0.565625 0.601562 0.567187 0.603125 0.568750 0.604688 0.567187 0.610938 0.567187 0.612500 0.568750 0.617188 0.568750 0.618750 0.570312 0.620313 0.568750 0.620313 0.567187 0.618750 0.565625 0.617188 0.565625 0.615625 0.564063 0.618750 0.560937 0.623437 0.560937 0.625000 0.562500 0.625000 0.565625 0.623437 0.567187 0.623437 0.568750 0.626563 0.568750 0.628125 0.570312 0.629687 0.570312 0.631250 0.568750 0.635938 0.568750 0.637500 0.567187 0.639062 0.567187 0.642188 0.570312 0.648438 0.570312 0.650000 0.568750 0.654687 0.568750 0.657813 0.571875 0.657813 0.573438 0.659375 0.575000 0.662500 0.575000 0.664062 0.573438 0.664062 0.571875 0.665625 0.570312 0.667188 0.571875 0.668750 0.571875 0.670312 0.573438 0.670312 0.575000 0.671875 0.575000 0.673438 0.576562 0.679688 0.576562 0.681250 0.575000 0.682813 0.575000 0.682813 0.573438 0.681250 0.571875 0.684375 0.568750 0.685937 0.570312 0.685937 0.575000 0.687500 0.576562 0.696875 0.576562 0.698438 0.575000 0.701562 0.575000 0.703125 0.576562 0.714063 0.576562 0.715625 0.575000 0.717187 0.576562 0.725000 0.576562 0.726562 0.575000 0.726562 0.571875 0.728125 0.570312 0.729688 0.570312 0.731250 0.568750 0.737500 0.575000 0.740625 0.575000 0.742188 0.573438 0.742188 0.571875 0.743750 0.570312 0.748437 0.570312 0.750000 0.571875 0.750000 0.575000 0.751563 0.576562 0.756250 0.576562 0.756250 0.571875 0.757812 0.570312 0.762500 0.570312 0.765625 0.573438 0.765625 0.575000 0.768750 0.575000 0.770312 0.573438 0.770312 0.568750 0.771875 0.567187 0.771875 0.565625 0.770312 0.564063 0.770312 0.560937 0.771875 0.559375 0.771875 0.554688 0.775000 0.551562 0.775000 0.540625 0.776563 0.539062 0.776563 0.537500 0.778125 0.535937 0.778125 0.523438 0.779687 0.521875 0.779687 0.512500 0.781250 0.510938 0.781250 0.509375 0.782813 0.507812 0.782813 0.493750 0.784375 0.492188 0.784375 0.490625 0.785937 0.489063 0.785937 0.482812 0.787500 0.481250 0.787500 0.473438 0.785937 0.473438 0.784375 0.471875 0.782813 0.471875 0.781250 0.470313 0.778125 0.470313 0.776563 0.468750 0.775000 0.468750 0.773438 0.467187 0.771875 0.467187 0.770312 0.465625 0.765625 0.465625 0.764062 0.464062 0.760938 0.464062 0.757812 0.460938 0.754687 0.460938 0.753125 0.459375
0 0.750000 0.418750 0.751563 0.420312 0.751563 0.418750
0 0.735938 0.418750 0.737500 0.418750 0.739062 0.420312 0.740625 0.418750 0.742188 0.418750
0 0.750000 0.409375 0.748437 0.410938 0.750000 0.412500 0.759375 0.412500 0.760938 0.410938 0.759375 0.409375
0 0.735938 0.406250 0.735938 0.409375 0.740625 0.409375 0.742188 0.410938 0.743750 0.410938 0.743750 0.407813 0.737500 0.407813
0 0.500000 0.371875 0.500000 0.373437 0.501563 0.375000 0.501563 0.378125 0.501563 0.376563 0.503125 0.375000 0.503125 0.371875
0 0.460938 0.360938 0.459375 0.362500 0.457813 0.362500 0.454688 0.365625 0.454688 0.367188 0.453125 0.368750 0.453125 0.371875 0.450000 0.375000 0.445312 0.375000 0.443750 0.376563 0.442188 0.376563 0.440625 0.378125 0.439063 0.378125 0.437500 0.379688 0.428125 0.379688 0.428125 0.381250 0.429688 0.382812 0.429688 0.384375 0.431250 0.385937 0.432812 0.385937 0.446875 0.400000 0.450000 0.400000 0.451562 0.401562 0.451562 0.404687 0.453125 0.406250 0.453125 0.409375 0.457813 0.414062 0.459375 0.414062 0.460938 0.415625 0.465625 0.415625 0.467187 0.417187 0.467187 0.420312 0.465625 0.421875 0.465625 0.423438 0.467187 0.425000 0.467187 0.426563 0.479687 0.439063 0.479687 0.440625 0.484375 0.445312 0.485938 0.445312 0.487500 0.446875 0.487500 0.448437 0.490625 0.451562 0.492188 0.451562 0.493750 0.453125 0.493750 0.454688 0.495312 0.456250 0.495312 0.457813 0.496875 0.457813 0.509375 0.470313 0.509375 0.471875 0.510938 0.473438 0.512500 0.473438 0.517188 0.478125 0.520312 0.478125 0.521875 0.479687 0.521875 0.481250 0.523438 0.482812 0.523438 0.484375 0.525000 0.485938 0.525000 0.487500 0.526563 0.489063 0.528125 0.489063 0.529687 0.490625 0.531250 0.490625 0.532813 0.492188 0.532813 0.493750 0.535937 0.496875 0.537500 0.496875 0.537500 0.495312 0.542188 0.490625 0.542188 0.485938 0.543750 0.484375 0.543750 0.479687 0.545312 0.478125 0.545312 0.473438 0.546875 0.471875 0.546875 0.470313 0.548438 0.468750 0.548438 0.450000 0.550000 0.448437 0.550000 0.443750 0.551562 0.442188 0.551562 0.429688 0.553125 0.428125 0.553125 0.421875 0.554688 0.420312 0.554688 0.415625 0.556250 0.414062 0.556250 0.407813 0.557813 0.406250 0.557813 0.404687 0.559375 0.403125 0.567187 0.403125 0.567187 0.401562 0.568750 0.400000 0.568750 0.392188 0.567187 0.390625 0.567187 0.389062 0.564063 0.385937 0.562500 0.385937 0.560937 0.387500 0.559375 0.387500 0.557813 0.385937 0.556250 0.385937 0.553125 0.382812 0.545312 0.382812 0.542188 0.379688 0.532813 0.379688 0.532813 0.384375 0.531250 0.385937 0.531250 0.389062 0.532813 0.390625 0.532813 0.406250 0.531250 0.407813 0.531250 0.435937 0.532813 0.437500 0.529687 0.440625 0.528125 0.440625 0.526563 0.442188 0.523438 0.442188 0.520312 0.445312 0.506250 0.445312 0.503125 0.442188 0.501563 0.442188 0.496875 0.437500 0.496875 0.435937 0.495312 0.434375 0.496875 0.432812 0.496875 0.421875 0.498437 0.420312 0.498437 0.417187 0.492188 0.417187 0.490625 0.418750 0.476562 0.418750 0.468750 0.410938 0.468750 0.406250 0.467187 0.404687 0.467187 0.400000 0.468750 0.398438 0.468750 0.390625 0.470313 0.389062 0.470313 0.385937 0.471875 0.384375 0.471875 0.381250 0.470313 0.379688 0.473438 0.376563 0.473438 0.364063 0.471875 0.362500 0.471875 0.360938
0 0.368750 0.346875 0.367188 0.348438 0.362500 0.348438 0.362500 0.350000 0.360938 0.351562 0.360938 0.354687 0.359375 0.356250 0.359375 0.364063 0.357812 0.365625 0.357812 0.368750 0.356250 0.370312 0.354687 0.370312 0.353125 0.371875 0.348438 0.371875 0.346875 0.373437 0.343750 0.373437 0.342187 0.375000 0.342187 0.376563 0.340625 0.378125 0.340625 0.400000 0.342187 0.401562 0.342187 0.410938 0.339062 0.414062 0.337500 0.414062 0.334375 0.417187 0.326562 0.417187 0.325000 0.418750 0.320312 0.418750 0.318750 0.417187 0.314063 0.417187 0.312500 0.415625 0.306250 0.415625 0.304688 0.414062 0.300000 0.414062 0.298438 0.412500 0.292187 0.412500 0.290625 0.410938 0.275000 0.410938 0.273438 0.409375 0.243750 0.409375 0.242188 0.407813 0.220312 0.407813 0.218750 0.406250 0.165625 0.406250 0.164062 0.404687 0.117188 0.404687 0.115625 0.403125 0.093750 0.403125 0.092188 0.401562 0.064062 0.401562 0.062500 0.403125 0.031250 0.403125 0.029687 0.404687 0.025000 0.404687 0.023438 0.406250 0.017188 0.406250 0.015625 0.407813 0.010937 0.407813 0.009375 0.409375 0.006250 0.409375 0.004687 0.410938 0.003125 0.410938 0.001563 0.412500 0.000000 0.412500 0.000000 0.792188 0.021875 0.792188 0.023438 0.790625 0.057813 0.790625 0.059375 0.789062 0.060937 0.790625 0.071875 0.790625 0.073438 0.789062 0.076563 0.789062 0.078125 0.790625 0.081250 0.790625 0.082812 0.789062 0.084375 0.789062 0.085938 0.790625 0.087500 0.790625 0.089063 0.789062 0.128125 0.789062 0.129688 0.787500 0.131250 0.787500 0.132812 0.789062 0.151562 0.789062 0.153125 0.787500 0.207813 0.787500 0.209375 0.785937 0.248438 0.785937 0.250000 0.784375 0.264062 0.784375 0.265625 0.782813 0.317188 0.782813 0.318750 0.781250 0.400000 0.781250 0.401562 0.779687 0.407813 0.779687 0.409375 0.781250 0.428125 0.781250 0.429688 0.779687 0.443750 0.779687 0.445312 0.781250 0.450000 0.781250 0.451562 0.782813 0.451562 0.784375 0.453125 0.785937 0.453125 0.790625 0.454688 0.792188 0.454688 0.795312 0.457813 0.798438 0.457813 0.806250 0.459375 0.807813 0.459375 0.817187 0.460938 0.818750 0.460938 0.826562 0.462500 0.828125 0.462500 0.840625 0.464062 0.842187 0.464062 0.845313 0.465625 0.846875 0.465625 0.856250 0.467187 0.857812 0.467187 0.871875 0.468750 0.873437 0.468750 0.879687 0.470313 0.881250 0.470313 0.885938 0.471875 0.887500 0.471875 0.893750 0.473438 0.895312 0.473438 0.901563 0.475000 0.903125 0.475000 0.914062 0.476562 0.915625 0.476562 0.921875 0.478125 0.923438 0.478125 0.928125 0.479687 0.929688 0.479687 0.935937 0.481250 0.937500 0.481250 0.943750 0.482812 0.945312 0.482812 0.946875 0.484375 0.948438 0.484375 0.950000 0.485938 0.951562 0.485938 0.953125 0.487500 0.954688 0.485938 0.956250 0.485938 0.957812 0.487500 0.959375 0.487500 0.962500 0.489063 0.964063 0.489063 0.968750 0.490625 0.970313 0.490625 0.978125 0.492188 0.979688 0.492188 0.982812 0.495312 0.985938 0.495312 0.998437 0.937500 0.998437 0.939063 0.996875 0.942187 0.996875 0.943750 0.998437 0.951562 0.998437 0.953125 0.996875 0.954688 0.996875 0.956250 0.995313 0.957812 0.995313 0.960938 0.998437 0.971875 0.998437 0.971875 0.996875 0.973437 0.995313 0.975000 0.995313 0.975000 0.992188 0.973437 0.990625 0.971875 0.990625 0.970313 0.989062 0.965625 0.989062 0.962500 0.985938 0.962500 0.984375 0.960938 0.982812 0.960938 0.981250 0.959375 0.979688 0.959375 0.978125 0.957812 0.976562 0.956250 0.976562 0.954688 0.975000 0.950000 0.975000 0.946875 0.971875 0.946875 0.965625 0.943750 0.962500 0.943750 0.960938 0.942187 0.959375 0.939063 0.959375 0.937500 0.957812 0.934375 0.957812 0.931250 0.954688 0.931250 0.953125 0.934375 0.950000 0.935937 0.950000 0.935937 0.948438 0.934375 0.946875 0.934375 0.945312 0.932813 0.943750 0.931250 0.943750 0.929688 0.942187 0.928125 0.942187 0.925000 0.939063 0.928125 0.935937 0.934375 0.935937 0.934375 0.926562 0.935937 0.925000 0.937500 0.925000 0.939063 0.923438 0.946875 0.923438 0.948438 0.921875 0.954688 0.921875 0.956250 0.920312 0.959375 0.920312 0.960938 0.921875 0.964063 0.921875 0.965625 0.920312 0.984375 0.920312 0.985938 0.921875 0.987500 0.920312 0.993750 0.920312 0.995313 0.918750 0.996875 0.918750 0.998437 0.917188 0.998437 0.914062 0.996875 0.914062 0.990625 0.907813 0.993750 0.904687 0.995313 0.904687 0.996875 0.903125 0.998437 0.903125 0.998437 0.900000 0.996875 0.900000 0.995313 0.898438 0.995313 0.896875 0.993750 0.895312 0.993750 0.893750 0.992188 0.892188 0.993750 0.890625 0.995313 0.890625 0.996875 0.889062 0.998437 0.889062 0.998437 0.759375 0.996875 0.759375 0.995313 0.757812 0.970313 0.757812 0.968750 0.756250 0.940625 0.756250 0.939063 0.754687 0.937500 0.756250 0.931250 0.756250 0.929688 0.754687 0.928125 0.754687 0.926562 0.756250 0.915625 0.756250 0.914062 0.754687 0.912500 0.756250 0.865625 0.756250 0.864062 0.754687 0.862500 0.756250 0.856250 0.756250 0.854688 0.754687 0.846875 0.754687 0.845313 0.756250 0.840625 0.756250 0.839063 0.754687 0.834375 0.754687 0.832812 0.756250 0.809375 0.756250 0.807813 0.754687 0.803125 0.754687 0.801562 0.756250 0.781250 0.756250 0.779687 0.757812 0.778125 0.757812 0.776563 0.756250 0.740625 0.756250 0.739062 0.757812 0.729688 0.757812 0.728125 0.756250 0.726562 0.756250 0.725000 0.757812 0.703125 0.757812 0.701562 0.756250 0.700000 0.756250 0.687500 0.743750 0.687500 0.742188 0.685937 0.740625 0.685937 0.739062 0.681250 0.734375 0.681250 0.732812 0.678125 0.729688 0.678125 0.726562 0.676562 0.726562 0.671875 0.721875 0.671875 0.720313 0.667188 0.715625 0.667188 0.714063 0.664062 0.710938 0.664062 0.709375 0.659375 0.704688 0.659375 0.703125 0.656250 0.700000 0.656250 0.698438 0.653125 0.695312 0.653125 0.693750 0.650000 0.690625 0.650000 0.689063 0.643750 0.682813 0.643750 0.681250 0.639062 0.676562 0.639062 0.675000 0.634375 0.670312 0.634375 0.668750 0.631250 0.665625 0.631250 0.664062 0.623437 0.656250 0.623437 0.654687 0.621875 0.653125 0.621875 0.651563 0.617188 0.646875 0.617188 0.645312 0.609375 0.637500 0.609375 0.635938 0.600000 0.626563 0.600000 0.625000 0.593750 0.618750 0.593750 0.617188 0.584375 0.607812 0.584375 0.606250 0.582812 0.604688 0.582812 0.603125 0.581250 0.601562 0.581250 0.600000 0.576562 0.595313 0.576562 0.593750 0.573438 0.590625 0.573438 0.589063 0.571875 0.589063 0.570312 0.587500 0.570312 0.584375 0.565625 0.579688 0.565625 0.578125 0.554688 0.567187 0.554688 0.565625 0.550000 0.560937 0.550000 0.559375 0.546875 0.556250 0.546875 0.554688 0.539062 0.546875 0.539062 0.543750 0.537500 0.542188 0.537500 0.540625 0.526563 0.529687 0.526563 0.528125 0.523438 0.525000 0.523438 0.521875 0.517188 0.515625 0.517188 0.514062 0.510938 0.507812 0.510938 0.506250 0.507812 0.503125 0.507812 0.501563 0.500000 0.493750 0.500000 0.492188 0.498437 0.490625 0.496875 0.490625 0.495312 0.489063 0.495312 0.487500 0.492188 0.484375 0.492188 0.482812 0.490625 0.481250 0.490625 0.479687 0.487500 0.476562 0.487500 0.475000 0.484375 0.471875 0.482812 0.471875 0.479687 0.468750 0.479687 0.467187 0.478125 0.465625 0.478125 0.464062 0.475000 0.460938 0.475000 0.459375 0.468750 0.453125 0.468750 0.451562 0.467187 0.450000 0.465625 0.450000 0.464062 0.448437 0.464062 0.446875 0.462500 0.445312 0.462500 0.443750 0.456250 0.437500 0.456250 0.435937 0.448437 0.428125 0.448437 0.426563 0.443750 0.421875 0.443750 0.420312 0.437500 0.414062 0.437500 0.412500 0.431250 0.406250 0.431250 0.404687 0.429688 0.403125 0.429688 0.401562 0.426563 0.398438 0.426563 0.396875 0.423438 0.393750 0.421875 0.393750 0.420312 0.392188 0.420312 0.390625 0.418750 0.389062 0.418750 0.387500 0.414062 0.382812 0.414062 0.381250 0.406250 0.373437 0.406250 0.371875 0.404687 0.370312 0.403125 0.370312 0.401562 0.368750 0.401562 0.365625 0.400000 0.364063 0.400000 0.362500 0.398438 0.362500 0.387500 0.351562 0.387500 0.350000 0.385937 0.348438 0.382812 0.348438 0.381250 0.346875