0 0.985938 0.943750 0.985938 0.946875 0.984375 0.948438 0.982812 0.948438 0.981250 0.950000 0.984375 0.950000 0.985938 0.951562 0.987500 0.950000 0.990625 0.950000 0.992188 0.951562 0.992188 0.953125 0.993750 0.954688 0.993750 0.956250 0.989062 0.960938 0.987500 0.960938 0.987500 0.962500 0.989062 0.962500 0.992188 0.965625 0.992188 0.967187 0.993750 0.968750 0.993750 0.970313 0.990625 0.973437 0.985938 0.973437 0.985938 0.975000 0.982812 0.978125 0.982812 0.981250 0.984375 0.982812 0.984375 0.993750 0.990625 0.993750 0.992188 0.995313 0.993750 0.995313 0.995313 0.993750 0.998437 0.993750 0.995313 0.990625 0.995313 0.984375 0.996875 0.982812 0.998437 0.982812 0.998437 0.978125 0.996875 0.978125 0.993750 0.975000 0.993750 0.968750 0.995313 0.967187 0.995313 0.962500 0.993750 0.960938 0.993750 0.953125 0.996875 0.950000 0.998437 0.950000 0.998437 0.946875 0.995313 0.946875 0.993750 0.945312 0.993750 0.943750
0 0.964063 0.931250 0.964063 0.932813 0.962500 0.934375 0.965625 0.934375 0.965625 0.931250
0 0.962500 0.912500 0.962500 0.915625 0.960938 0.917188 0.960938 0.918750 0.962500 0.918750 0.964063 0.920312 0.967187 0.920312 0.967187 0.914062 0.964063 0.914062
0 0.932813 0.612500 0.931250 0.614062 0.932813 0.615625 0.934375 0.615625 0.934375 0.612500
0 0.923438 0.570312 0.921875 0.571875 0.921875 0.575000 0.923438 0.576562 0.926562 0.576562 0.928125 0.575000 0.928125 0.573438 0.926562 0.571875 0.926562 0.570312
0 0.929688 0.553125 0.928125 0.554688 0.926562 0.554688 0.928125 0.556250 0.931250 0.553125
0 0.923438 0.548438 0.923438 0.551562 0.925000 0.551562 0.923438 0.550000
0 0.098437 0.546875 0.096875 0.548438 0.096875 0.551562 0.100000 0.551562 0.098437 0.550000
0 0.050000 0.528125 0.051562 0.529687 0.054688 0.529687 0.056250 0.528125 0.057813 0.528125
0 0.145313 0.521875 0.143750 0.523438 0.129688 0.523438 0.128125 0.525000 0.128125 0.531250 0.129688 0.531250 0.134375 0.526563 0.146875 0.526563 0.146875 0.523438
0 0.671875 0.520312 0.673438 0.521875 0.673438 0.520312
0 0.112500 0.520312 0.112500 0.521875 0.114062 0.523438 0.114062 0.526563 0.112500 0.528125 0.114062 0.529687 0.115625 0.528125 0.115625 0.526563 0.114062 0.525000 0.115625 0.523438 0.115625 0.520312
0 0.082812 0.520312 0.081250 0.521875 0.079687 0.521875 0.078125 0.523438 0.075000 0.523438 0.073438 0.525000 0.070312 0.525000 0.068750 0.526563 0.065625 0.526563 0.064062 0.528125 0.062500 0.528125 0.064062 0.529687 0.065625 0.529687 0.067187 0.531250 0.068750 0.529687 0.073438 0.529687 0.075000 0.528125 0.079687 0.528125 0.081250 0.529687 0.085938 0.529687 0.087500 0.528125 0.090625 0.528125 0.090625 0.525000 0.093750 0.521875 0.095312 0.521875 0.098437 0.525000 0.096875 0.526563 0.096875 0.529687 0.100000 0.529687 0.100000 0.526563 0.098437 0.525000 0.101562 0.521875 0.107813 0.521875 0.109375 0.520312
0 0.125000 0.510938 0.123438 0.512500 0.110937 0.512500 0.110937 0.514062 0.142187 0.514062 0.143750 0.515625 0.145313 0.515625 0.146875 0.514062 0.151562 0.514062 0.153125 0.512500 0.154688 0.514062 0.181250 0.514062 0.182812 0.512500 0.185938 0.512500 0.187500 0.514062 0.193750 0.514062 0.195312 0.512500 0.204687 0.512500 0.206250 0.514062 0.209375 0.514062 0.210938 0.512500 0.217188 0.512500 0.218750 0.514062 0.220312 0.514062 0.221875 0.512500 0.209375 0.512500 0.207813 0.510938 0.206250 0.512500 0.193750 0.512500 0.192188 0.510938 0.189062 0.510938 0.187500 0.512500 0.181250 0.512500 0.179688 0.510938
0 0.257812 0.500000 0.256250 0.501563 0.253125 0.501563 0.251563 0.503125 0.248438 0.503125 0.246875 0.504687 0.248438 0.506250 0.250000 0.506250 0.254688 0.510938 0.254688 0.512500 0.256250 0.514062 0.257812 0.514062 0.259375 0.515625 0.260937 0.515625 0.267188 0.521875 0.270313 0.521875 0.275000 0.526563 0.275000 0.528125 0.276562 0.528125 0.278125 0.529687 0.279687 0.529687 0.285938 0.535937 0.287500 0.535937 0.289062 0.537500 0.290625 0.537500 0.292187 0.539062 0.293750 0.539062 0.296875 0.542188 0.296875 0.543750 0.298438 0.545312 0.300000 0.545312 0.304688 0.550000 0.304688 0.556250 0.301563 0.559375 0.300000 0.559375 0.298438 0.560937 0.284375 0.560937 0.282813 0.562500 0.264062 0.562500 0.262500 0.564063 0.254688 0.564063 0.253125 0.565625 0.234375 0.565625 0.232813 0.567187 0.223438 0.567187 0.221875 0.568750 0.204687 0.568750 0.203125 0.570312 0.171875 0.570312 0.170313 0.571875 0.156250 0.571875 0.154688 0.573438 0.132812 0.573438 0.131250 0.575000 0.114062 0.575000 0.112500 0.576562 0.081250 0.576562 0.079687 0.578125 0.064062 0.578125 0.062500 0.579688 0.051562 0.579688 0.050000 0.581250 0.034375 0.581250 0.032813 0.582812 0.015625 0.582812 0.014063 0.584375 0.000000 0.584375 0.000000 0.603125 0.001563 0.604688 0.001563 0.606250 0.000000 0.607812 0.000000 0.873437 0.001563 0.875000 0.001563 0.896875 0.003125 0.898438 0.003125 0.909375 0.001563 0.910937 0.001563 0.937500 0.003125 0.939063 0.003125 0.960938 0.001563 0.962500 0.003125 0.964063 0.003125 0.965625 0.001563 0.967187 0.001563 0.971875 0.000000 0.973437 0.001563 0.975000 0.001563 0.984375 0.000000 0.985938 0.000000 0.990625 0.001563 0.992188 0.001563 0.993750 0.003125 0.995313 0.003125 0.998437 0.921875 0.998437 0.921875 0.996875 0.923438 0.995313 0.926562 0.995313 0.929688 0.998437 0.934375 0.998437 0.935937 0.996875 0.935937 0.995313 0.939063 0.992188 0.940625 0.993750 0.943750 0.993750 0.945312 0.995313 0.950000 0.995313 0.951562 0.993750 0.951562 0.976562 0.948438 0.973437 0.948438 0.970313 0.951562 0.967187 0.951562 0.960938 0.946875 0.956250 0.945312 0.956250 0.945312 0.957812 0.943750 0.959375 0.943750 0.962500 0.945312 0.964063 0.945312 0.973437 0.943750 0.975000 0.943750 0.979688 0.945312 0.981250 0.945312 0.984375 0.942187 0.987500 0.940625 0.987500 0.937500 0.984375 0.937500 0.971875 0.935937 0.970313 0.935937 0.962500 0.937500 0.960938 0.937500 0.957812 0.935937 0.956250 0.935937 0.950000 0.937500 0.948438 0.937500 0.940625 0.935937 0.939063 0.935937 0.937500 0.937500 0.935937 0.937500 0.926562 0.935937 0.925000 0.935937 0.921875 0.937500 0.920312 0.937500 0.914062 0.939063 0.912500 0.940625 0.912500 0.942187 0.914062 0.942187 0.915625 0.943750 0.917188 0.943750 0.918750 0.945312 0.920312 0.945312 0.921875 0.946875 0.923438 0.945312 0.925000 0.945312 0.935937 0.946875 0.937500 0.946875 0.940625 0.945312 0.942187 0.945312 0.943750 0.943750 0.945312 0.943750 0.948438 0.946875 0.951562 0.946875 0.953125 0.948438 0.951562 0.950000 0.951562 0.950000 0.950000 0.951562 0.948438 0.951562 0.945312 0.950000 0.943750 0.948438 0.943750 0.946875 0.942187 0.948438 0.940625 0.948438 0.939063 0.951562 0.935937 0.951562 0.929688 0.948438 0.926562 0.950000 0.925000 0.950000 0.923438 0.951562 0.921875 0.951562 0.912500 0.950000 0.910937 0.950000 0.907813 0.954688 0.903125 0.956250 0.904687 0.960938 0.904687 0.962500 0.906250 0.965625 0.906250 0.967187 0.904687 0.968750 0.904687 0.970313 0.903125 0.973437 0.903125 0.975000 0.904687 0.978125 0.904687 0.979688 0.906250 0.982812 0.906250 0.984375 0.907813 0.984375 0.910937 0.981250 0.914062 0.979688 0.914062 0.978125 0.912500 0.979688 0.914062 0.976562 0.917188 0.976562 0.918750 0.978125 0.918750 0.979688 0.920312 0.982812 0.920312 0.985938 0.923438 0.984375 0.925000 0.984375 0.931250 0.981250 0.934375 0.982812 0.934375 0.984375 0.935937 0.985938 0.935937 0.987500 0.934375 0.989062 0.934375 0.990625 0.935937 0.996875 0.935937 0.998437 0.934375 0.998437 0.931250 0.993750 0.926562 0.993750 0.921875 0.996875 0.918750 0.998437 0.918750 0.998437 0.915625 0.995313 0.912500 0.995313 0.910937 0.993750 0.909375 0.993750 0.907813 0.996875 0.904687 0.998437 0.904687 0.998437 0.896875 0.996875 0.896875 0.995313 0.895312 0.995313 0.892188 0.996875 0.890625 0.998437 0.890625 0.998437 0.881250 0.996875 0.881250 0.995313 0.879687 0.995313 0.878125 0.998437 0.875000 0.998437 0.818750 0.996875 0.817187 0.996875 0.814063 0.998437 0.812500 0.998437 0.801562 0.995313 0.798438 0.998437 0.795312 0.998437 0.770312 0.996875 0.768750 0.996875 0.767188 0.998437 0.765625 0.998437 0.756250 0.995313 0.753125 0.995313 0.750000 0.996875 0.748437 0.998437 0.748437 0.998437 0.740625 0.996875 0.739062 0.996875 0.735938 0.998437 0.734375 0.998437 0.706250 0.996875 0.704688 0.996875 0.703125 0.998437 0.701562 0.998437 0.696875 0.996875 0.696875 0.995313 0.695312 0.995313 0.693750 0.993750 0.692187 0.984375 0.692187 0.981250 0.689063 0.979688 0.689063 0.978125 0.687500 0.973437 0.687500 0.971875 0.685937 0.970313 0.685937 0.965625 0.681250 0.960938 0.681250 0.959375 0.679688 0.954688 0.679688 0.953125 0.678125 0.951562 0.678125 0.950000 0.676562 0.946875 0.676562 0.945312 0.675000 0.942187 0.675000 0.940625 0.673438 0.937500 0.673438 0.935937 0.671875 0.934375 0.671875 0.932813 0.670312 0.928125 0.670312 0.926562 0.668750 0.925000 0.668750 0.921875 0.665625 0.920312 0.665625 0.918750 0.664062 0.910937 0.664062 0.909375 0.662500 0.907813 0.662500 0.906250 0.660937 0.903125 0.660937 0.901563 0.659375 0.896875 0.659375 0.895312 0.657813 0.892188 0.657813 0.890625 0.656250 0.887500 0.656250 0.884375 0.653125 0.882812 0.653125 0.879687 0.650000 0.878125 0.650000 0.876563 0.648438 0.873437 0.648438 0.871875 0.646875 0.868750 0.646875 0.867188 0.645312 0.864062 0.645312 0.862500 0.643750 0.854688 0.643750 0.850000 0.639062 0.845313 0.639062 0.843750 0.637500 0.842187 0.637500 0.840625 0.635938 0.837500 0.635938 0.835938 0.634375 0.834375 0.634375 0.832812 0.632812 0.828125 0.632812 0.826562 0.631250 0.823438 0.631250 0.821875 0.629687 0.820312 0.629687 0.818750 0.628125 0.814063 0.628125 0.812500 0.626563 0.806250 0.626563 0.804688 0.625000 0.803125 0.625000 0.801562 0.623437 0.795312 0.623437 0.793750 0.621875 0.792188 0.621875 0.790625 0.620313 0.787500 0.620313 0.785937 0.618750 0.781250 0.618750 0.779687 0.617188 0.771875 0.617188 0.770312 0.615625 0.764062 0.615625 0.762500 0.614062 0.759375 0.614062 0.757812 0.612500 0.756250 0.612500 0.754687 0.610938 0.750000 0.610938 0.748437 0.609375 0.743750 0.609375 0.742188 0.607812 0.737500 0.607812 0.735938 0.606250 0.732812 0.606250 0.731250 0.604688 0.728125 0.604688 0.726562 0.603125 0.725000 0.603125 0.723437 0.601562 0.715625 0.601562 0.714063 0.600000 0.709375 0.600000 0.707812 0.598437 0.703125 0.598437 0.701562 0.596875 0.698438 0.596875 0.695312 0.593750 0.692187 0.593750 0.690625 0.592187 0.685937 0.592187 0.684375 0.590625 0.681250 0.590625 0.679688 0.589063 0.678125 0.589063 0.676562 0.587500 0.671875 0.587500 0.670312 0.585938 0.664062 0.585938 0.662500 0.584375 0.651563 0.584375 0.650000 0.582812 0.645312 0.582812 0.643750 0.581250 0.639062 0.581250 0.637500 0.579688 0.634375 0.579688 0.632812 0.578125 0.629687 0.578125 0.628125 0.576562 0.623437 0.576562 0.621875 0.575000 0.618750 0.575000 0.617188 0.573438 0.615625 0.573438 0.614062 0.571875 0.609375 0.571875 0.607812 0.570312 0.598437 0.570312 0.596875 0.568750 0.589063 0.568750 0.587500 0.567187 0.584375 0.567187 0.582812 0.565625 0.578125 0.565625 0.576562 0.564063 0.575000 0.564063 0.573438 0.562500 0.571875 0.562500 0.570312 0.560937 0.565625 0.560937 0.564063 0.559375 0.557813 0.559375 0.556250 0.557813 0.553125 0.557813 0.551562 0.556250 0.543750 0.556250 0.542188 0.554688 0.532813 0.554688 0.531250 0.553125 0.521875 0.553125 0.520312 0.551562 0.515625 0.551562 0.514062 0.550000 0.509375 0.550000 0.506250 0.546875 0.498437 0.546875 0.496875 0.545312 0.490625 0.545312 0.489063 0.543750 0.485938 0.543750 0.484375 0.542188 0.481250 0.542188 0.479687 0.540625 0.476562 0.540625 0.475000 0.539062 0.468750 0.539062 0.467187 0.537500 0.451562 0.537500 0.450000 0.535937 0.446875 0.535937 0.445312 0.534375 0.437500 0.534375 0.435937 0.532813 0.432812 0.532813 0.431250 0.531250 0.429688 0.531250 0.428125 0.529687 0.418750 0.529687 0.417187 0.528125 0.414062 0.528125 0.412500 0.526563 0.409375 0.526563 0.407813 0.525000 0.403125 0.525000 0.401562 0.523438 0.395313 0.523438 0.393750 0.521875 0.371875 0.521875 0.370312 0.520312 0.365625 0.520312 0.364063 0.518750 0.354687 0.518750 0.353125 0.517188 0.351562 0.517188 0.350000 0.515625 0.345313 0.515625 0.343750 0.514062 0.340625 0.514062 0.339062 0.512500 0.334375 0.512500 0.332813 0.510938 0.329688 0.510938 0.328125 0.509375 0.323437 0.509375 0.321875 0.507812 0.312500 0.507812 0.310937 0.506250 0.306250 0.506250 0.304688 0.504687 0.298438 0.504687 0.296875 0.503125 0.290625 0.503125 0.289062 0.501563 0.287500 0.501563 0.285938 0.500000 0.284375 0.500000 0.282813 0.501563 0.281250 0.500000
0 0.223438 0.495312 0.221875 0.496875 0.223438 0.496875
0 0.428125 0.473438 0.428125 0.475000 0.437500 0.475000 0.437500 0.473438
0 0.412500 0.473438 0.412500 0.475000 0.420312 0.475000 0.420312 0.473438
0 0.398438 0.473438 0.400000 0.475000 0.401562 0.473438
0 0.004687 0.465625 0.003125 0.467187 0.001563 0.467187 0.000000 0.468750 0.000000 0.498437 0.001563 0.498437 0.003125 0.500000 0.003125 0.501563 0.007812 0.506250 0.014063 0.506250 0.015625 0.504687 0.017188 0.504687 0.018750 0.506250 0.023438 0.506250 0.025000 0.504687 0.034375 0.504687 0.035937 0.506250 0.037500 0.504687 0.054688 0.504687 0.054688 0.501563 0.057813 0.498437 0.059375 0.498437 0.060937 0.500000 0.065625 0.500000 0.067187 0.501563 0.067187 0.503125 0.065625 0.504687 0.076563 0.504687 0.079687 0.501563 0.082812 0.504687 0.109375 0.504687 0.110937 0.503125 0.112500 0.504687 0.121875 0.504687 0.123438 0.503125 0.125000 0.503125 0.126562 0.501563 0.128125 0.503125 0.132812 0.503125 0.134375 0.501563 0.143750 0.501563 0.145313 0.503125 0.146875 0.503125 0.148438 0.501563 0.153125 0.501563 0.154688 0.500000 0.157812 0.500000 0.159375 0.501563 0.160938 0.501563 0.162500 0.500000 0.165625 0.500000 0.167187 0.498437 0.175000 0.498437 0.176563 0.500000 0.178125 0.498437 0.195312 0.498437 0.196875 0.496875 0.198437 0.498437 0.210938 0.498437 0.212500 0.496875 0.218750 0.496875 0.217188 0.495312 0.217188 0.493750 0.215625 0.492188 0.214062 0.493750 0.212500 0.493750 0.210938 0.492188 0.210938 0.490625 0.209375 0.490625 0.207813 0.489063 0.207813 0.485938 0.207813 0.489063 0.204687 0.492188 0.203125 0.492188 0.200000 0.495312 0.193750 0.495312 0.192188 0.493750 0.192188 0.492188 0.193750 0.490625 0.193750 0.485938 0.182812 0.485938 0.182812 0.487500 0.181250 0.489063 0.175000 0.489063 0.173437 0.487500 0.170313 0.490625 0.164062 0.490625 0.162500 0.489063 0.162500 0.485938 0.165625 0.482812 0.170313 0.482812 0.168750 0.481250 0.164062 0.481250 0.162500 0.479687 0.157812 0.479687 0.156250 0.478125 0.148438 0.478125 0.146875 0.476562 0.129688 0.476562 0.128125 0.475000 0.121875 0.475000 0.120313 0.473438 0.110937 0.473438 0.109375 0.471875 0.092188 0.471875 0.090625 0.470313 0.089063 0.471875 0.087500 0.471875 0.084375 0.468750 0.054688 0.468750 0.053125 0.467187 0.037500 0.467187 0.035937 0.465625
0 0.359375 0.462500 0.359375 0.464062 0.360938 0.465625 0.360938 0.471875 0.359375 0.473438 0.359375 0.475000 0.362500 0.478125 0.364063 0.478125 0.368750 0.473438 0.365625 0.473438 0.362500 0.470313 0.362500 0.468750 0.364063 0.467187 0.364063 0.462500