0 0.768750 0.976562 0.767188 0.978125 0.768750 0.978125 0.770312 0.979688 0.770312 0.976562
0 0.829688 0.975000 0.828125 0.976562 0.828125 0.978125 0.826562 0.979688 0.826562 0.982812 0.828125 0.984375 0.828125 0.990625 0.826562 0.992188 0.826562 0.995313 0.828125 0.996875 0.828125 0.998437 0.831250 0.998437 0.831250 0.996875 0.832812 0.995313 0.834375 0.995313 0.835938 0.993750 0.834375 0.992188 0.834375 0.990625 0.832812 0.989062 0.832812 0.979688 0.829688 0.976562
0 0.814063 0.975000 0.814063 0.976562 0.812500 0.978125 0.812500 0.981250 0.814063 0.982812 0.815625 0.982812 0.817187 0.984375 0.817187 0.985938 0.818750 0.987500 0.818750 0.989062 0.817187 0.990625 0.815625 0.990625 0.812500 0.993750 0.814063 0.995313 0.815625 0.995313 0.817187 0.993750 0.818750 0.995313 0.820312 0.995313 0.821875 0.996875 0.821875 0.998437 0.821875 0.996875 0.823438 0.995313 0.823438 0.992188 0.821875 0.990625 0.821875 0.989062 0.818750 0.985938 0.823438 0.981250 0.821875 0.979688 0.821875 0.976562 0.820312 0.975000
0 0.828125 0.965625 0.828125 0.967187 0.829688 0.967187 0.829688 0.965625
0 0.814063 0.945312 0.814063 0.946875 0.812500 0.948438 0.812500 0.950000 0.815625 0.950000 0.815625 0.948438 0.817187 0.946875 0.820312 0.950000 0.821875 0.950000 0.821875 0.948438 0.820312 0.946875 0.815625 0.946875
0 0.739062 0.939063 0.739062 0.942187 0.740625 0.940625 0.740625 0.939063
0 0.814063 0.931250 0.812500 0.932813 0.812500 0.934375 0.815625 0.934375 0.817187 0.932813 0.817187 0.931250
0 0.801562 0.931250 0.801562 0.937500 0.801562 0.935937 0.803125 0.934375 0.803125 0.931250
0 0.712500 0.921875 0.712500 0.923438 0.714063 0.923438
0 0.751563 0.920312 0.750000 0.921875 0.750000 0.926562 0.756250 0.926562 0.759375 0.923438 0.759375 0.921875 0.757812 0.920312 0.756250 0.921875 0.754687 0.920312
0 0.814063 0.915625 0.814063 0.917188 0.812500 0.918750 0.814063 0.920312
0 0.812500 0.903125 0.812500 0.904687 0.814063 0.903125
0 0.595313 0.234375 0.593750 0.235937 0.592187 0.235937 0.592187 0.237500 0.589063 0.240625 0.587500 0.240625 0.585938 0.242188 0.582812 0.242188 0.581250 0.243750 0.579688 0.243750 0.579688 0.246875 0.578125 0.248438 0.578125 0.250000 0.576562 0.251563 0.576562 0.254688 0.575000 0.256250 0.573438 0.256250 0.571875 0.257812 0.560937 0.257812 0.559375 0.259375 0.548438 0.259375 0.550000 0.260937 0.551562 0.260937 0.553125 0.262500 0.551562 0.264062 0.546875 0.264062 0.545312 0.265625 0.545312 0.285938 0.539062 0.292187 0.539062 0.293750 0.537500 0.295312 0.535937 0.295312 0.531250 0.300000 0.526563 0.300000 0.525000 0.301563 0.495312 0.301563 0.493750 0.303125 0.471875 0.303125 0.470313 0.304688 0.470313 0.312500 0.468750 0.314063 0.468750 0.318750 0.464062 0.323437 0.462500 0.323437 0.460938 0.325000 0.440625 0.325000 0.440625 0.326562 0.442188 0.328125 0.442188 0.331250 0.443750 0.332813 0.443750 0.335938 0.442188 0.337500 0.442188 0.342187 0.435937 0.348438 0.435937 0.367188 0.437500 0.368750 0.437500 0.384375 0.439063 0.385937 0.439063 0.389062 0.440625 0.390625 0.440625 0.398438 0.442188 0.400000 0.442188 0.406250 0.443750 0.407813 0.443750 0.415625 0.445312 0.417187 0.445312 0.418750 0.446875 0.420312 0.446875 0.421875 0.448437 0.423438 0.448437 0.429688 0.450000 0.431250 0.450000 0.434375 0.451562 0.435937 0.450000 0.437500 0.450000 0.445312 0.448437 0.446875 0.448437 0.450000 0.445312 0.453125 0.445312 0.457813 0.443750 0.459375 0.443750 0.470313 0.442188 0.471875 0.442188 0.473438 0.440625 0.475000 0.435937 0.475000 0.434375 0.473438 0.432812 0.475000 0.429688 0.475000 0.428125 0.476562 0.428125 0.479687 0.426563 0.481250 0.426563 0.482812 0.423438 0.485938 0.423438 0.487500 0.421875 0.489063 0.421875 0.490625 0.420312 0.492188 0.420312 0.495312 0.417187 0.498437 0.417187 0.500000 0.414062 0.503125 0.414062 0.504687 0.412500 0.506250 0.412500 0.509375 0.404687 0.517188 0.404687 0.518750 0.403125 0.520312 0.400000 0.520312 0.398438 0.521875 0.390625 0.521875 0.389062 0.520312 0.389062 0.518750 0.387500 0.517188 0.387500 0.515625 0.385937 0.515625 0.382812 0.512500 0.381250 0.512500 0.379688 0.510938 0.378125 0.512500 0.376563 0.512500 0.375000 0.510938 0.375000 0.506250 0.379688 0.501563 0.379688 0.500000 0.381250 0.498437 0.381250 0.484375 0.379688 0.482812 0.379688 0.478125 0.381250 0.476562 0.381250 0.470313 0.384375 0.467187 0.384375 0.462500 0.385937 0.460938 0.385937 0.459375 0.387500 0.457813 0.387500 0.456250 0.392188 0.451562 0.393750 0.451562 0.395313 0.450000 0.396875 0.450000 0.398438 0.448437 0.403125 0.448437 0.404687 0.446875 0.404687 0.445312 0.406250 0.443750 0.406250 0.437500 0.407813 0.435937 0.407813 0.434375 0.406250 0.432812 0.406250 0.398438 0.407813 0.396875 0.407813 0.371875 0.410938 0.368750 0.410938 0.364063 0.412500 0.362500 0.412500 0.351562 0.414062 0.350000 0.414062 0.348438 0.409375 0.343750 0.409375 0.340625 0.407813 0.339062 0.407813 0.337500 0.412500 0.332813 0.412500 0.326562 0.410938 0.325000 0.410938 0.321875 0.407813 0.321875 0.406250 0.320312 0.406250 0.318750 0.404687 0.317188 0.400000 0.317188 0.396875 0.320312 0.395313 0.320312 0.390625 0.325000 0.390625 0.348438 0.389062 0.350000 0.389062 0.353125 0.390625 0.354687 0.390625 0.375000 0.392188 0.376563 0.392188 0.379688 0.395313 0.379688 0.400000 0.384375 0.400000 0.385937 0.401562 0.387500 0.395313 0.393750 0.392188 0.393750 0.392188 0.395313 0.385937 0.401562 0.384375 0.401562 0.382812 0.403125 0.381250 0.403125 0.379688 0.404687 0.376563 0.404687 0.375000 0.406250 0.373437 0.406250 0.371875 0.407813 0.346875 0.407813 0.345313 0.406250 0.343750 0.407813 0.340625 0.407813 0.339062 0.406250 0.328125 0.406250 0.326562 0.404687 0.321875 0.404687 0.318750 0.401562 0.318750 0.398438 0.321875 0.395313 0.323437 0.395313 0.321875 0.393750 0.320312 0.393750 0.318750 0.392188 0.318750 0.390625 0.320312 0.389062 0.326562 0.389062 0.326562 0.384375 0.328125 0.382812 0.332813 0.382812 0.334375 0.381250 0.342187 0.381250 0.343750 0.379688 0.343750 0.376563 0.345313 0.375000 0.348438 0.375000 0.348438 0.371875 0.350000 0.370312 0.350000 0.359375 0.351562 0.357812 0.351562 0.353125 0.350000 0.351562 0.350000 0.348438 0.348438 0.346875 0.348438 0.345313 0.346875 0.346875 0.340625 0.346875 0.339062 0.348438 0.335938 0.348438 0.334375 0.350000 0.332813 0.350000 0.331250 0.351562 0.329688 0.351562 0.325000 0.356250 0.321875 0.356250 0.320312 0.357812 0.318750 0.357812 0.317188 0.359375 0.312500 0.359375 0.309375 0.362500 0.306250 0.362500 0.304688 0.364063 0.303125 0.364063 0.300000 0.367188 0.296875 0.367188 0.296875 0.368750 0.295312 0.370312 0.295312 0.371875 0.293750 0.373437 0.287500 0.373437 0.285938 0.375000 0.279687 0.375000 0.278125 0.376563 0.275000 0.376563 0.271875 0.379688 0.270313 0.379688 0.268750 0.381250 0.267188 0.381250 0.264062 0.384375 0.262500 0.384375 0.259375 0.387500 0.257812 0.387500 0.256250 0.389062 0.254688 0.389062 0.253125 0.390625 0.248438 0.390625 0.246875 0.392188 0.243750 0.392188 0.240625 0.395313 0.239063 0.395313 0.235937 0.398438 0.234375 0.398438 0.232813 0.400000 0.231250 0.400000 0.231250 0.401562 0.228125 0.404687 0.223438 0.404687 0.221875 0.406250 0.218750 0.406250 0.217188 0.407813 0.215625 0.407813 0.210938 0.412500 0.209375 0.412500 0.206250 0.415625 0.204687 0.415625 0.203125 0.417187 0.203125 0.418750 0.201563 0.420312 0.200000 0.420312 0.198437 0.421875 0.196875 0.421875 0.195312 0.423438 0.193750 0.423438 0.189062 0.428125 0.189062 0.432812 0.192188 0.435937 0.198437 0.435937 0.200000 0.437500 0.212500 0.437500 0.214062 0.439063 0.220312 0.439063 0.221875 0.437500 0.228125 0.437500 0.229687 0.439063 0.232813 0.439063 0.237500 0.443750 0.237500 0.445312 0.240625 0.448437 0.240625 0.450000 0.242188 0.451562 0.243750 0.451562 0.245312 0.453125 0.246875 0.453125 0.248438 0.454688 0.253125 0.454688 0.254688 0.453125 0.256250 0.453125 0.257812 0.454688 0.260937 0.454688 0.262500 0.456250 0.264062 0.454688 0.268750 0.454688 0.270313 0.456250 0.273438 0.453125 0.278125 0.453125 0.284375 0.459375 0.285938 0.459375 0.287500 0.460938 0.290625 0.460938 0.292187 0.462500 0.292187 0.464062 0.295312 0.467187 0.295312 0.468750 0.296875 0.470313 0.296875 0.475000 0.298438 0.476562 0.298438 0.479687 0.300000 0.481250 0.300000 0.482812 0.298438 0.484375 0.298438 0.485938 0.296875 0.487500 0.296875 0.496875 0.295312 0.498437 0.295312 0.500000 0.293750 0.501563 0.293750 0.504687 0.292187 0.506250 0.292187 0.507812 0.290625 0.509375 0.290625 0.514062 0.295312 0.518750 0.296875 0.518750 0.300000 0.521875 0.301563 0.521875 0.304688 0.525000 0.304688 0.526563 0.306250 0.528125 0.306250 0.539062 0.304688 0.540625 0.304688 0.545312 0.303125 0.546875 0.303125 0.548438 0.296875 0.554688 0.296875 0.556250 0.295312 0.557813 0.295312 0.559375 0.293750 0.560937 0.292187 0.560937 0.289062 0.564063 0.289062 0.565625 0.284375 0.570312 0.282813 0.570312 0.279687 0.573438 0.279687 0.575000 0.278125 0.576562 0.276562 0.576562 0.275000 0.578125 0.275000 0.579688 0.262500 0.592187 0.260937 0.592187 0.260937 0.593750 0.245312 0.609375 0.245312 0.610938 0.232813 0.623437 0.232813 0.625000 0.225000 0.632812 0.225000 0.634375 0.212500 0.646875 0.210938 0.646875 0.209375 0.648438 0.209375 0.650000 0.201563 0.657813 0.201563 0.659375 0.196875 0.664062 0.195312 0.664062 0.195312 0.665625 0.187500 0.673438 0.187500 0.675000 0.184375 0.678125 0.182812 0.678125 0.178125 0.682813 0.178125 0.684375 0.164062 0.698438 0.164062 0.700000 0.153125 0.710938 0.151562 0.710938 0.143750 0.718750 0.143750 0.720313 0.128125 0.735938 0.128125 0.737500 0.120313 0.745313 0.120313 0.746875 0.118750 0.748437 0.117188 0.748437 0.115625 0.750000 0.115625 0.751563 0.107813 0.759375 0.107813 0.760938 0.104688 0.764062 0.103125 0.764062 0.096875 0.770312 0.096875 0.771875 0.095312 0.773438 0.093750 0.773438 0.093750 0.775000 0.084375 0.784375 0.084375 0.785937 0.082812 0.787500 0.081250 0.787500 0.078125 0.790625 0.078125 0.792188 0.068750 0.801562 0.068750 0.803125 0.067187 0.804688 0.065625 0.804688 0.064062 0.806250 0.064062 0.807813 0.060937 0.810937 0.060937 0.812500 0.057813 0.815625 0.057813 0.817187 0.056250 0.818750 0.054688 0.818750 0.053125 0.820312 0.053125 0.821875 0.051562 0.823438 0.051562 0.825000 0.040625 0.835938 0.039062 0.835938 0.039062 0.837500 0.031250 0.845313 0.031250 0.846875 0.023438 0.854688 0.023438 0.856250 0.015625 0.864062 0.015625 0.865625 0.004687 0.876563 0.004687 0.878125 0.003125 0.879687 0.003125 0.881250 0.001563 0.882812 0.001563 0.884375 0.000000 0.885938 0.000000 0.889062 0.001563 0.890625 0.001563 0.896875 0.000000 0.898438 0.000000 0.912500 0.001563 0.914062 0.001563 0.998437 0.704688 0.998437 0.706250 0.996875 0.706250 0.981250 0.704688 0.979688 0.704688 0.968750 0.706250 0.967187 0.706250 0.962500 0.701562 0.957812 0.701562 0.954688 0.700000 0.953125 0.700000 0.942187 0.698438 0.940625 0.698438 0.937500 0.700000 0.935937 0.700000 0.934375 0.698438 0.932813 0.698438 0.917188 0.696875 0.915625 0.696875 0.906250 0.695312 0.904687 0.695312 0.896875 0.696875 0.895312 0.696875 0.893750 0.698438 0.892188 0.695312 0.889062 0.695312 0.884375 0.696875 0.882812 0.696875 0.853125 0.695312 0.853125 0.693750 0.854688 0.687500 0.848437 0.687500 0.839063 0.685937 0.837500 0.685937 0.801562 0.684375 0.800000 0.684375 0.793750 0.682813 0.792188 0.682813 0.784375 0.681250 0.782813 0.681250 0.776563 0.679688 0.775000 0.684375 0.770312 0.681250 0.770312 0.679688 0.768750 0.678125 0.768750 0.676562 0.767188 0.676562 0.756250 0.675000 0.754687 0.675000 0.746875 0.678125 0.743750 0.678125 0.742188 0.676562 0.740625 0.676562 0.729688 0.675000 0.728125 0.675000 0.715625 0.673438 0.714063 0.673438 0.707812 0.675000 0.706250 0.675000 0.700000 0.673438 0.698438 0.673438 0.696875 0.671875 0.695312 0.671875 0.692187 0.670312 0.690625 0.670312 0.689063 0.671875 0.687500 0.671875 0.684375 0.668750 0.681250 0.668750 0.671875 0.667188 0.670312 0.667188 0.656250 0.665625 0.654687 0.665625 0.646875 0.667188 0.645312 0.667188 0.643750 0.665625 0.642188 0.665625 0.640625 0.664062 0.639062 0.664062 0.632812 0.665625 0.631250 0.670312 0.631250 0.671875 0.629687 0.668750 0.626563 0.668750 0.625000 0.671875 0.621875 0.675000 0.621875 0.676562 0.623437 0.679688 0.623437 0.681250 0.625000 0.682813 0.625000 0.684375 0.626563 0.684375 0.631250 0.687500 0.634375 0.689063 0.634375 0.689063 0.632812 0.687500 0.632812 0.685937 0.631250 0.685937 0.628125 0.687500 0.626563 0.690625 0.626563 0.693750 0.629687 0.693750 0.631250 0.695312 0.632812 0.695312 0.634375 0.696875 0.634375 0.700000 0.631250 0.701562 0.632812 0.704688 0.632812 0.704688 0.626563 0.701562 0.626563 0.700000 0.625000 0.695312 0.625000 0.693750 0.626563 0.687500 0.626563 0.684375 0.623437 0.684375 0.620313 0.682813 0.618750 0.682813 0.615625 0.684375 0.614062 0.685937 0.615625 0.685937 0.617188 0.687500 0.618750 0.693750 0.618750 0.695312 0.620313 0.696875 0.620313 0.700000 0.617188 0.700000 0.615625 0.701562 0.614062 0.698438 0.610938 0.698438 0.598437 0.696875 0.596875 0.696875 0.584375 0.695312 0.582812 0.695312 0.573438 0.693750 0.571875 0.693750 0.564063 0.692187 0.562500 0.692187 0.556250 0.690625 0.554688 0.690625 0.551562 0.689063 0.550000 0.689063 0.548438 0.685937 0.545312 0.685937 0.539062 0.684375 0.537500 0.684375 0.534375 0.682813 0.532813 0.682813 0.520312 0.681250 0.518750 0.681250 0.509375 0.679688 0.507812 0.679688 0.504687 0.678125 0.503125 0.678125 0.492188 0.676562 0.490625 0.676562 0.485938 0.675000 0.484375 0.675000 0.476562 0.673438 0.475000 0.673438 0.470313 0.670312 0.467187 0.670312 0.464062 0.668750 0.462500 0.668750 0.459375 0.667188 0.457813 0.667188 0.442188 0.665625 0.440625 0.665625 0.434375 0.664062 0.432812 0.664062 0.425000 0.662500 0.423438 0.662500 0.414062 0.660937 0.412500 0.660937 0.407813 0.659375 0.406250 0.659375 0.398438 0.657813 0.396875 0.657813 0.393750 0.656250 0.392188 0.656250 0.389062 0.654687 0.387500 0.654687 0.384375 0.653125 0.382812 0.653125 0.379688 0.651563 0.378125 0.651563 0.370312 0.650000 0.368750 0.650000 0.364063 0.648438 0.362500 0.648438 0.357812 0.646875 0.356250 0.646875 0.350000 0.645312 0.348438 0.645312 0.346875 0.643750 0.345313 0.643750 0.339062 0.642188 0.337500 0.642188 0.331250 0.640625 0.329688 0.640625 0.325000 0.639062 0.323437 0.639062 0.317188 0.637500 0.315625 0.637500 0.310937 0.635938 0.309375 0.635938 0.301563 0.634375 0.300000 0.634375 0.289062 0.632812 0.287500 0.632812 0.281250 0.631250 0.279687 0.631250 0.273438 0.629687 0.271875 0.629687 0.268750 0.628125 0.267188 0.628125 0.262500 0.626563 0.260937 0.626563 0.257812 0.625000 0.256250 0.625000 0.251563 0.623437 0.250000 0.623437 0.245312 0.621875 0.243750 0.621875 0.240625 0.620313 0.239063 0.620313 0.235937 0.618750 0.234375