0 0.278125 0.492188 0.278125 0.498437 0.279687 0.496875 0.281250 0.496875 0.279687 0.495312 0.279687 0.492188
0 0.309375 0.476562 0.307812 0.478125 0.307812 0.481250 0.309375 0.481250 0.310937 0.479687 0.310937 0.478125
0 0.229687 0.465625 0.231250 0.467187 0.232813 0.465625
0 0.387500 0.464062 0.385937 0.465625 0.387500 0.467187 0.389062 0.465625
0 0.364063 0.464062 0.362500 0.465625 0.370312 0.465625 0.371875 0.467187 0.373437 0.465625 0.373437 0.464062 0.371875 0.464062 0.370312 0.465625 0.365625 0.465625
0 0.426563 0.445312 0.425000 0.446875 0.425000 0.450000 0.432812 0.450000 0.434375 0.451562 0.435937 0.450000 0.435937 0.446875 0.434375 0.445312 0.431250 0.448437 0.429688 0.448437 0.428125 0.446875 0.428125 0.445312
0 0.450000 0.432812 0.448437 0.434375 0.450000 0.434375
0 0.442188 0.432812 0.440625 0.434375 0.445312 0.434375 0.443750 0.434375
0 0.356250 0.415625 0.356250 0.417187 0.354687 0.418750 0.353125 0.418750 0.354687 0.418750 0.356250 0.417187
0 0.410938 0.414062 0.409375 0.415625 0.410938 0.417187 0.412500 0.415625
0 0.401562 0.414062 0.401562 0.415625 0.403125 0.417187 0.404687 0.415625 0.406250 0.415625 0.404687 0.414062
0 0.432812 0.412500 0.432812 0.414062 0.429688 0.417187 0.429688 0.418750 0.432812 0.421875 0.432812 0.423438 0.428125 0.428125 0.426563 0.428125 0.425000 0.429688 0.417187 0.429688 0.415625 0.431250 0.414062 0.431250 0.412500 0.429688 0.410938 0.429688 0.409375 0.431250 0.406250 0.431250 0.404687 0.429688 0.403125 0.429688 0.401562 0.431250 0.390625 0.431250 0.389062 0.429688 0.371875 0.429688 0.370312 0.431250 0.354687 0.431250 0.353125 0.432812 0.348438 0.432812 0.346875 0.434375 0.346875 0.435937 0.348438 0.435937 0.350000 0.437500 0.354687 0.437500 0.356250 0.439063 0.354687 0.440625 0.354687 0.442188 0.353125 0.443750 0.351562 0.443750 0.350000 0.442188 0.348438 0.442188 0.345313 0.445312 0.342187 0.442188 0.342187 0.437500 0.343750 0.435937 0.343750 0.434375 0.340625 0.431250 0.339062 0.432812 0.337500 0.432812 0.335938 0.434375 0.334375 0.434375 0.334375 0.435937 0.335938 0.435937 0.337500 0.437500 0.339062 0.437500 0.340625 0.439063 0.340625 0.440625 0.337500 0.443750 0.334375 0.440625 0.331250 0.440625 0.329688 0.442188 0.328125 0.440625 0.318750 0.440625 0.317188 0.442188 0.307812 0.442188 0.306250 0.443750 0.303125 0.443750 0.301563 0.445312 0.298438 0.445312 0.296875 0.446875 0.284375 0.446875 0.282813 0.448437 0.276562 0.448437 0.275000 0.450000 0.270313 0.450000 0.271875 0.451562 0.275000 0.451562 0.276562 0.453125 0.279687 0.453125 0.281250 0.454688 0.284375 0.454688 0.285938 0.453125 0.293750 0.453125 0.295312 0.454688 0.300000 0.454688 0.301563 0.456250 0.301563 0.457813 0.298438 0.460938 0.296875 0.460938 0.295312 0.459375 0.293750 0.459375 0.292187 0.460938 0.289062 0.460938 0.287500 0.459375 0.285938 0.459375 0.284375 0.460938 0.276562 0.460938 0.276562 0.462500 0.275000 0.464062 0.273438 0.464062 0.270313 0.460938 0.267188 0.464062 0.262500 0.459375 0.259375 0.462500 0.257812 0.462500 0.256250 0.460938 0.253125 0.460938 0.251563 0.462500 0.250000 0.462500 0.248438 0.460938 0.246875 0.460938 0.242188 0.465625 0.240625 0.464062 0.239063 0.465625 0.237500 0.465625 0.239063 0.467187 0.240625 0.465625 0.243750 0.465625 0.245312 0.467187 0.248438 0.467187 0.250000 0.465625 0.268750 0.465625 0.270313 0.467187 0.279687 0.467187 0.281250 0.465625 0.284375 0.465625 0.285938 0.467187 0.296875 0.467187 0.298438 0.465625 0.300000 0.467187 0.328125 0.467187 0.329688 0.465625 0.331250 0.467187 0.342187 0.467187 0.343750 0.465625 0.346875 0.465625 0.348438 0.467187 0.351562 0.467187 0.353125 0.465625 0.354687 0.467187 0.357812 0.467187 0.359375 0.465625 0.357812 0.464062 0.357812 0.462500 0.356250 0.462500 0.353125 0.465625 0.351562 0.464062 0.350000 0.464062 0.348438 0.462500 0.345313 0.465625 0.340625 0.460938 0.337500 0.464062 0.335938 0.464062 0.332813 0.460938 0.329688 0.464062 0.326562 0.460938 0.323437 0.460938 0.321875 0.462500 0.320312 0.462500 0.318750 0.460938 0.315625 0.460938 0.314063 0.462500 0.312500 0.460938 0.310937 0.460938 0.309375 0.459375 0.307812 0.460938 0.304688 0.460938 0.301563 0.457813 0.301563 0.456250 0.303125 0.454688 0.346875 0.454688 0.348438 0.453125 0.351562 0.453125 0.353125 0.454688 0.357812 0.454688 0.359375 0.453125 0.376563 0.453125 0.378125 0.451562 0.382812 0.451562 0.384375 0.453125 0.390625 0.453125 0.392188 0.451562 0.398438 0.451562 0.400000 0.453125 0.404687 0.453125 0.407813 0.450000 0.409375 0.451562 0.417187 0.451562 0.418750 0.453125 0.421875 0.450000 0.421875 0.446875 0.420312 0.445312 0.420312 0.443750 0.418750 0.443750 0.415625 0.446875 0.414062 0.446875 0.412500 0.445312 0.412500 0.443750 0.410938 0.443750 0.407813 0.446875 0.404687 0.443750 0.401562 0.443750 0.401562 0.445312 0.400000 0.446875 0.398438 0.446875 0.396875 0.445312 0.395313 0.445312 0.392188 0.448437 0.387500 0.443750 0.384375 0.446875 0.382812 0.446875 0.381250 0.445312 0.378125 0.445312 0.376563 0.446875 0.375000 0.446875 0.371875 0.443750 0.368750 0.446875 0.365625 0.443750 0.364063 0.443750 0.360938 0.446875 0.357812 0.443750 0.357812 0.442188 0.356250 0.440625 0.356250 0.439063 0.357812 0.437500 0.367188 0.437500 0.368750 0.435937 0.370312 0.437500 0.389062 0.437500 0.390625 0.435937 0.398438 0.435937 0.400000 0.437500 0.421875 0.437500 0.423438 0.435937 0.435937 0.435937 0.437500 0.434375 0.437500 0.428125 0.439063 0.426563 0.440625 0.428125 0.443750 0.428125 0.443750 0.426563 0.439063 0.426563 0.435937 0.423438 0.435937 0.421875 0.437500 0.420312 0.437500 0.418750 0.435937 0.417187 0.435937 0.412500
0 0.495312 0.410938 0.496875 0.412500 0.496875 0.410938
0 0.487500 0.410938 0.489063 0.412500 0.490625 0.412500 0.490625 0.410938
0 0.306250 0.410938 0.304688 0.412500 0.301563 0.412500 0.298438 0.415625 0.296875 0.414062 0.292187 0.414062 0.290625 0.415625 0.287500 0.415625 0.284375 0.418750 0.282813 0.418750 0.285938 0.418750 0.287500 0.420312 0.312500 0.420312 0.312500 0.415625 0.314063 0.414062 0.315625 0.414062 0.317188 0.415625 0.315625 0.417187 0.315625 0.418750 0.317188 0.420312 0.340625 0.420312 0.342187 0.418750 0.343750 0.418750 0.342187 0.417187 0.342187 0.412500 0.340625 0.410938 0.339062 0.410938 0.337500 0.412500 0.335938 0.410938
0 0.526563 0.409375 0.523438 0.412500 0.523438 0.415625 0.517188 0.421875 0.515625 0.421875 0.515625 0.423438 0.512500 0.426563 0.509375 0.426563 0.507812 0.428125 0.506250 0.428125 0.506250 0.429688 0.504687 0.431250 0.503125 0.431250 0.500000 0.434375 0.496875 0.434375 0.496875 0.435937 0.493750 0.439063 0.493750 0.440625 0.492188 0.442188 0.490625 0.442188 0.489063 0.443750 0.489063 0.445312 0.485938 0.448437 0.482812 0.448437 0.481250 0.450000 0.479687 0.450000 0.476562 0.453125 0.476562 0.454688 0.470313 0.460938 0.465625 0.460938 0.457813 0.468750 0.454688 0.468750 0.451562 0.471875 0.450000 0.471875 0.448437 0.473438 0.446875 0.473438 0.445312 0.475000 0.445312 0.476562 0.435937 0.485938 0.434375 0.485938 0.432812 0.487500 0.431250 0.487500 0.417187 0.501563 0.415625 0.501563 0.412500 0.504687 0.410938 0.504687 0.407813 0.507812 0.398438 0.507812 0.396875 0.506250 0.393750 0.506250 0.392188 0.507812 0.387500 0.507812 0.376563 0.518750 0.375000 0.518750 0.373437 0.520312 0.371875 0.520312 0.370312 0.521875 0.368750 0.521875 0.364063 0.526563 0.362500 0.526563 0.354687 0.534375 0.353125 0.534375 0.350000 0.537500 0.348438 0.537500 0.345313 0.540625 0.342187 0.540625 0.337500 0.545312 0.335938 0.545312 0.329688 0.551562 0.326562 0.551562 0.325000 0.553125 0.323437 0.553125 0.321875 0.554688 0.320312 0.554688 0.317188 0.557813 0.315625 0.557813 0.312500 0.560937 0.310937 0.560937 0.306250 0.565625 0.304688 0.565625 0.301563 0.568750 0.300000 0.568750 0.298438 0.570312 0.295312 0.570312 0.293750 0.571875 0.292187 0.571875 0.292187 0.573438 0.290625 0.575000 0.289062 0.575000 0.282813 0.581250 0.279687 0.581250 0.278125 0.582812 0.276562 0.582812 0.275000 0.584375 0.273438 0.584375 0.271875 0.585938 0.270313 0.585938 0.267188 0.589063 0.265625 0.589063 0.262500 0.592187 0.260937 0.592187 0.254688 0.598437 0.253125 0.598437 0.251563 0.600000 0.248438 0.600000 0.246875 0.601562 0.245312 0.601562 0.237500 0.609375 0.235937 0.609375 0.232813 0.612500 0.231250 0.612500 0.229687 0.614062 0.228125 0.614062 0.226562 0.615625 0.225000 0.615625 0.223438 0.617188 0.221875 0.617188 0.220312 0.618750 0.218750 0.618750 0.217188 0.620313 0.217188 0.621875 0.215625 0.623437 0.214062 0.623437 0.209375 0.628125 0.207813 0.628125 0.206250 0.629687 0.204687 0.629687 0.203125 0.631250 0.200000 0.631250 0.198437 0.632812 0.196875 0.632812 0.195312 0.634375 0.193750 0.634375 0.190625 0.637500 0.189062 0.637500 0.181250 0.645312 0.179688 0.645312 0.175000 0.650000 0.173437 0.650000 0.167187 0.656250 0.165625 0.656250 0.162500 0.659375 0.160938 0.659375 0.157812 0.662500 0.154688 0.662500 0.153125 0.664062 0.151562 0.664062 0.143750 0.671875 0.142187 0.671875 0.140625 0.673438 0.139063 0.673438 0.134375 0.678125 0.132812 0.678125 0.131250 0.679688 0.129688 0.679688 0.123438 0.685937 0.121875 0.685937 0.120313 0.687500 0.118750 0.687500 0.110937 0.695312 0.106250 0.695312 0.098437 0.703125 0.096875 0.703125 0.093750 0.706250 0.092188 0.706250 0.090625 0.707812 0.089063 0.707812 0.085938 0.710938 0.082812 0.710938 0.081250 0.712500 0.081250 0.714063 0.078125 0.717187 0.076563 0.717187 0.071875 0.721875 0.070312 0.721875 0.067187 0.725000 0.065625 0.725000 0.064062 0.726562 0.062500 0.726562 0.060937 0.728125 0.059375 0.728125 0.048438 0.739062 0.045312 0.739062 0.043750 0.740625 0.042188 0.740625 0.040625 0.742188 0.039062 0.742188 0.037500 0.743750 0.035937 0.743750 0.029687 0.750000 0.028125 0.750000 0.025000 0.753125 0.023438 0.753125 0.020313 0.756250 0.018750 0.756250 0.017188 0.757812 0.015625 0.757812 0.014063 0.759375 0.012500 0.759375 0.010937 0.760938 0.009375 0.760938 0.003125 0.767188 0.003125 0.768750 0.001563 0.770312 0.000000 0.770312 0.000000 0.809375 0.003125 0.812500 0.003125 0.815625 0.000000 0.818750 0.000000 0.873437 0.003125 0.876563 0.003125 0.998437 0.998437 0.998437 0.998437 0.917188 0.996875 0.918750 0.995313 0.918750 0.993750 0.920312 0.993750 0.921875 0.989062 0.926562 0.989062 0.928125 0.985938 0.931250 0.984375 0.931250 0.984375 0.932813 0.982812 0.934375 0.982812 0.937500 0.971875 0.948438 0.967187 0.948438 0.965625 0.950000 0.954688 0.950000 0.953125 0.948438 0.951562 0.948438 0.943750 0.940625 0.943750 0.939063 0.942187 0.937500 0.942187 0.928125 0.940625 0.926562 0.940625 0.925000 0.934375 0.918750 0.931250 0.918750 0.929688 0.917188 0.928125 0.917188 0.926562 0.915625 0.920312 0.915625 0.918750 0.914062 0.909375 0.914062 0.907813 0.915625 0.904687 0.915625 0.903125 0.914062 0.901563 0.915625 0.892188 0.915625 0.890625 0.914062 0.884375 0.914062 0.882812 0.912500 0.878125 0.912500 0.876563 0.910937 0.873437 0.910937 0.871875 0.909375 0.856250 0.909375 0.854688 0.907813 0.853125 0.907813 0.848437 0.903125 0.848437 0.900000 0.845313 0.896875 0.845313 0.893750 0.842187 0.890625 0.840625 0.890625 0.839063 0.889062 0.839063 0.887500 0.835938 0.884375 0.835938 0.882812 0.832812 0.879687 0.832812 0.875000 0.834375 0.873437 0.834375 0.871875 0.837500 0.868750 0.839063 0.868750 0.840625 0.867188 0.842187 0.867188 0.843750 0.865625 0.845313 0.865625 0.846875 0.864062 0.846875 0.862500 0.848437 0.860938 0.848437 0.859375 0.851562 0.856250 0.851562 0.854688 0.853125 0.853125 0.853125 0.846875 0.851562 0.845313 0.851562 0.837500 0.850000 0.835938 0.842187 0.835938 0.839063 0.832812 0.839063 0.831250 0.840625 0.829688 0.845313 0.829688 0.846875 0.828125 0.860938 0.828125 0.862500 0.826562 0.868750 0.826562 0.870313 0.825000 0.873437 0.825000 0.875000 0.826562 0.885938 0.826562 0.887500 0.825000 0.889062 0.825000 0.890625 0.826562 0.892188 0.826562 0.893750 0.825000 0.898438 0.825000 0.898438 0.818750 0.896875 0.817187 0.895312 0.817187 0.890625 0.812500 0.890625 0.810937 0.889062 0.810937 0.884375 0.806250 0.882812 0.806250 0.881250 0.804688 0.879687 0.804688 0.876563 0.801562 0.873437 0.801562 0.871875 0.800000 0.870313 0.800000 0.867188 0.796875 0.865625 0.796875 0.862500 0.793750 0.860938 0.793750 0.859375 0.792188 0.859375 0.784375 0.857812 0.782813 0.857812 0.776563 0.856250 0.775000 0.857812 0.773438 0.857812 0.771875 0.860938 0.768750 0.864062 0.768750 0.865625 0.767188 0.875000 0.767188 0.879687 0.762500 0.881250 0.762500 0.882812 0.760938 0.882812 0.759375 0.889062 0.753125 0.889062 0.751563 0.890625 0.750000 0.890625 0.748437 0.892188 0.746875 0.893750 0.746875 0.898438 0.742188 0.900000 0.742188 0.903125 0.745313 0.904687 0.745313 0.906250 0.746875 0.910937 0.746875 0.912500 0.748437 0.915625 0.748437 0.917188 0.746875 0.920312 0.746875 0.921875 0.748437 0.923438 0.748437 0.923438 0.737500 0.921875 0.735938 0.923438 0.734375 0.925000 0.734375 0.926562 0.732812 0.929688 0.732812 0.932813 0.735938 0.932813 0.737500 0.935937 0.740625 0.937500 0.739062 0.937500 0.735938 0.942187 0.731250 0.942187 0.728125 0.937500 0.728125 0.935937 0.726562 0.926562 0.726562 0.923438 0.723437 0.923438 0.721875 0.926562 0.718750 0.931250 0.718750 0.932813 0.717187 0.932813 0.714063 0.931250 0.712500 0.931250 0.709375 0.928125 0.706250 0.928125 0.704688 0.926562 0.703125 0.926562 0.696875 0.917188 0.687500 0.917188 0.684375 0.915625 0.682813 0.915625 0.681250 0.914062 0.679688 0.914062 0.678125 0.907813 0.671875 0.907813 0.667188 0.906250 0.665625 0.906250 0.664062 0.904687 0.662500 0.904687 0.660937 0.903125 0.660937 0.901563 0.659375 0.900000 0.659375 0.898438 0.657813 0.898438 0.656250 0.900000 0.654687 0.900000 0.653125 0.898438 0.651563 0.898438 0.648438 0.896875 0.646875 0.896875 0.645312 0.892188 0.640625 0.892188 0.639062 0.887500 0.634375 0.887500 0.631250 0.881250 0.625000 0.881250 0.620313 0.875000 0.614062 0.875000 0.612500 0.871875 0.609375 0.871875 0.606250 0.870313 0.604688 0.870313 0.603125 0.868750 0.601562 0.868750 0.600000 0.865625 0.596875 0.865625 0.595313 0.862500 0.592187 0.862500 0.589063 0.859375 0.585938 0.856250 0.585938 0.854688 0.584375 0.848437 0.584375 0.846875 0.582812 0.845313 0.582812 0.843750 0.581250 0.842187 0.581250 0.839063 0.578125 0.842187 0.575000 0.840625 0.573438 0.839063 0.573438 0.837500 0.571875 0.837500 0.570312 0.839063 0.568750 0.839063 0.567187 0.834375 0.562500 0.834375 0.556250 0.828125 0.550000 0.826562 0.550000 0.823438 0.546875 0.823438 0.545312 0.820312 0.542188 0.820312 0.540625 0.818750 0.539062 0.815625 0.539062 0.814063 0.537500 0.810937 0.537500 0.809375 0.535937 0.807813 0.535937 0.806250 0.534375 0.798438 0.534375 0.796875 0.532813 0.790625 0.532813 0.785937 0.528125 0.785937 0.526563 0.784375 0.525000 0.784375 0.523438 0.781250 0.520312 0.779687 0.520312 0.776563 0.517188 0.779687 0.514062 0.781250 0.514062 0.781250 0.512500 0.775000 0.506250 0.773438 0.506250 0.771875 0.504687 0.767188 0.504687 0.765625 0.506250 0.750000 0.506250 0.745313 0.501563 0.746875 0.500000 0.748437 0.500000 0.750000 0.498437 0.764062 0.498437 0.765625 0.500000 0.767188 0.500000 0.768750 0.498437 0.770312 0.498437 0.770312 0.496875 0.767188 0.493750 0.765625 0.493750 0.764062 0.492188 0.764062 0.490625 0.762500 0.489063 0.751563 0.489063 0.750000 0.490625 0.742188 0.490625 0.740625 0.492188 0.726562 0.492188 0.725000 0.490625 0.723437 0.490625 0.721875 0.492188 0.717187 0.492188 0.715625 0.490625 0.706250 0.490625 0.704688 0.489063 0.701562 0.489063 0.698438 0.485938 0.701562 0.482812 0.703125 0.482812 0.704688 0.481250 0.710938 0.481250 0.714063 0.478125 0.718750 0.478125 0.720313 0.476562 0.721875 0.476562 0.723437 0.475000 0.723437 0.471875 0.721875 0.471875 0.720313 0.470313 0.720313 0.468750 0.721875 0.467187 0.723437 0.467187 0.723437 0.459375 0.720313 0.459375 0.718750 0.457813 0.696875 0.457813 0.695312 0.456250 0.689063 0.456250 0.687500 0.454688 0.682813 0.454688 0.681250 0.453125 0.678125 0.453125 0.676562 0.451562 0.673438 0.451562 0.671875 0.450000 0.670312 0.450000 0.668750 0.448437 0.665625 0.448437 0.664062 0.446875 0.656250 0.446875 0.654687 0.445312 0.653125 0.445312 0.651563 0.443750 0.650000 0.443750 0.648438 0.442188 0.643750 0.442188 0.640625 0.439063 0.639062 0.439063 0.637500 0.437500 0.635938 0.437500 0.631250 0.432812 0.626563 0.432812 0.625000 0.431250 0.623437 0.431250 0.621875 0.429688 0.620313 0.429688 0.615625 0.425000 0.614062 0.425000 0.612500 0.423438 0.610938 0.423438 0.609375 0.421875 0.606250 0.421875 0.604688 0.420312 0.601562 0.420312 0.600000 0.418750 0.595313 0.418750 0.592187 0.415625 0.587500 0.415625 0.585938 0.414062 0.571875 0.414062 0.570312 0.412500 0.551562 0.412500 0.550000 0.414062 0.548438 0.414062 0.548438 0.437500 0.550000 0.439063 0.548438 0.440625 0.548438 0.446875 0.545312 0.450000 0.537500 0.450000 0.535937 0.448437 0.534375 0.448437 0.531250 0.445312 0.531250 0.437500 0.532813 0.435937 0.532813 0.432812 0.531250 0.431250 0.531250 0.410938 0.529687 0.410938 0.528125 0.409375
0 0.454688 0.407813 0.454688 0.409375 0.453125 0.410938 0.448437 0.410938 0.446875 0.412500 0.448437 0.414062 0.448437 0.415625 0.446875 0.417187 0.445312 0.417187 0.443750 0.415625 0.442188 0.415625 0.442188 0.417187 0.440625 0.418750 0.442188 0.420312 0.450000 0.420312 0.451562 0.418750 0.451562 0.412500 0.453125 0.410938 0.456250 0.410938 0.457813 0.412500 0.462500 0.412500 0.465625 0.415625 0.462500 0.418750 0.460938 0.418750 0.465625 0.418750 0.465625 0.417187 0.467187 0.415625 0.467187 0.414062 0.468750 0.412500 0.470313 0.412500 0.471875 0.414062 0.475000 0.414062 0.476562 0.412500 0.478125 0.412500 0.481250 0.415625 0.478125 0.418750 0.476562 0.418750 0.482812 0.418750 0.482812 0.417187 0.481250 0.415625 0.484375 0.412500 0.484375 0.410938 0.457813 0.410938
0 0.409375 0.403125 0.410938 0.404687 0.415625 0.404687 0.417187 0.403125 0.418750 0.403125