0 0.215625 0.992188 0.214062 0.993750 0.214062 0.998437 0.215625 0.998437 0.215625 0.995313 0.217188 0.993750
0 0.207813 0.992188 0.206250 0.993750 0.207813 0.995313 0.209375 0.995313 0.209375 0.993750
0 0.153125 0.992188 0.153125 0.998437 0.153125 0.996875 0.154688 0.995313 0.154688 0.993750
0 0.090625 0.992188 0.090625 0.995313 0.092188 0.993750
0 0.231250 0.990625 0.229687 0.992188 0.229687 0.993750 0.228125 0.995313 0.228125 0.996875 0.226562 0.998437 0.234375 0.998437 0.234375 0.993750
0 0.200000 0.990625 0.198437 0.992188 0.192188 0.992188 0.192188 0.993750 0.193750 0.995313 0.195312 0.995313 0.198437 0.998437 0.201563 0.998437 0.201563 0.996875 0.203125 0.995313 0.203125 0.993750
0 0.090625 0.981250 0.090625 0.982812 0.092188 0.981250
0 0.073438 0.981250 0.073438 0.984375 0.075000 0.985938 0.075000 0.987500 0.073438 0.989062 0.073438 0.990625 0.071875 0.992188 0.071875 0.995313 0.073438 0.996875 0.073438 0.998437 0.078125 0.998437 0.079687 0.996875 0.081250 0.998437 0.084375 0.998437 0.084375 0.992188 0.082812 0.990625 0.081250 0.992188 0.078125 0.992188 0.076563 0.990625 0.076563 0.981250
0 0.168750 0.976562 0.167187 0.978125 0.167187 0.982812 0.168750 0.984375 0.170313 0.984375 0.170313 0.976562
0 0.153125 0.976562 0.151562 0.978125 0.153125 0.979688 0.154688 0.978125
0 0.207813 0.975000 0.207813 0.981250 0.212500 0.981250 0.214062 0.982812 0.215625 0.982812 0.217188 0.981250 0.217188 0.975000 0.215625 0.975000 0.214062 0.976562 0.214062 0.978125 0.212500 0.979688 0.210938 0.979688 0.209375 0.978125 0.209375 0.976562
0 0.184375 0.973437 0.184375 0.975000 0.182812 0.976562 0.182812 0.978125 0.181250 0.979688 0.179688 0.979688 0.178125 0.978125 0.176563 0.978125 0.176563 0.981250 0.181250 0.981250 0.182812 0.982812 0.185938 0.982812 0.187500 0.981250 0.187500 0.976562
0 0.153125 0.962500 0.153125 0.967187 0.154688 0.965625 0.154688 0.962500
0 0.184375 0.959375 0.182812 0.960938 0.182812 0.967187 0.184375 0.968750 0.185938 0.967187 0.185938 0.960938
0 0.090625 0.959375 0.087500 0.962500 0.087500 0.964063 0.085938 0.965625 0.089063 0.968750 0.092188 0.968750 0.092188 0.965625 0.093750 0.964063 0.093750 0.962500 0.092188 0.960938 0.092188 0.959375
0 0.168750 0.956250 0.168750 0.959375 0.167187 0.960938 0.167187 0.962500 0.165625 0.964063 0.165625 0.965625 0.167187 0.965625 0.168750 0.967187 0.170313 0.967187 0.171875 0.965625 0.171875 0.962500 0.170313 0.960938 0.170313 0.956250
0 0.184375 0.943750 0.181250 0.946875 0.176563 0.946875 0.176563 0.965625 0.178125 0.965625 0.176563 0.964063 0.176563 0.954688 0.179688 0.951562 0.181250 0.951562 0.184375 0.954688 0.185938 0.953125 0.185938 0.951562 0.187500 0.950000 0.187500 0.946875 0.185938 0.945312 0.185938 0.943750
0 0.106250 0.939063 0.106250 0.943750 0.101562 0.948438 0.098437 0.948438 0.098437 0.951562 0.103125 0.951562 0.106250 0.954688 0.107813 0.953125 0.107813 0.943750 0.106250 0.942187
0 0.168750 0.929688 0.168750 0.932813 0.167187 0.934375 0.168750 0.935937 0.170313 0.934375 0.170313 0.931250
0 0.153125 0.929688 0.151562 0.931250 0.151562 0.934375 0.153125 0.935937 0.153125 0.937500 0.154688 0.935937 0.154688 0.929688
0 0.160938 0.909375 0.160938 0.918750 0.160938 0.914062 0.162500 0.912500 0.162500 0.909375
0 0.996875 0.898438 0.996875 0.900000 0.995313 0.901563 0.995313 0.903125 0.996875 0.904687 0.998437 0.904687 0.998437 0.898438
0 0.981250 0.870313 0.979688 0.871875 0.978125 0.871875 0.978125 0.873437 0.979688 0.873437 0.981250 0.871875
0 0.993750 0.864062 0.993750 0.867188 0.992188 0.868750 0.990625 0.868750 0.992188 0.870313 0.992188 0.871875 0.993750 0.873437 0.993750 0.876563 0.996875 0.873437 0.998437 0.873437 0.998437 0.870313 0.996875 0.870313 0.993750 0.867188
0 0.962500 0.859375 0.962500 0.865625 0.964063 0.867188 0.964063 0.868750 0.962500 0.870313 0.962500 0.873437 0.965625 0.873437 0.965625 0.867188 0.962500 0.864062 0.964063 0.862500 0.964063 0.860938
0 0.978125 0.851562 0.978125 0.853125 0.976562 0.854688 0.976562 0.857812 0.978125 0.859375 0.981250 0.859375 0.982812 0.857812 0.982812 0.853125 0.981250 0.851562
0 0.993750 0.848437 0.993750 0.850000 0.990625 0.853125 0.992188 0.854688 0.992188 0.857812 0.993750 0.859375 0.996875 0.856250 0.998437 0.856250 0.996875 0.856250 0.993750 0.853125
0 0.928125 0.848437 0.928125 0.853125 0.931250 0.856250 0.931250 0.857812 0.929688 0.859375 0.929688 0.860938 0.931250 0.862500 0.931250 0.860938 0.932813 0.859375 0.932813 0.857812 0.934375 0.856250 0.934375 0.854688 0.935937 0.853125 0.935937 0.851562 0.934375 0.851562 0.932813 0.850000 0.931250 0.850000 0.929688 0.848437
0 0.075000 0.806250 0.075000 0.809375 0.076563 0.807813 0.076563 0.806250
0 0.153125 0.759375 0.153125 0.760938 0.151562 0.762500 0.153125 0.762500
0 0.184375 0.757812 0.184375 0.759375 0.185938 0.759375
0 0.175000 0.754687 0.176563 0.756250 0.176563 0.754687
0 0.239063 0.457813 0.239063 0.459375 0.240625 0.459375 0.240625 0.457813
0 0.525000 0.329688 0.523438 0.331250 0.523438 0.337500 0.520312 0.340625 0.521875 0.342187 0.523438 0.342187 0.525000 0.343750 0.531250 0.343750 0.532813 0.345313 0.534375 0.345313 0.535937 0.346875 0.535937 0.350000 0.534375 0.351562 0.534375 0.353125 0.531250 0.356250 0.523438 0.356250 0.523438 0.357812 0.528125 0.357812 0.529687 0.359375 0.529687 0.360938 0.528125 0.362500 0.525000 0.362500 0.525000 0.364063 0.523438 0.365625 0.525000 0.367188 0.525000 0.368750 0.523438 0.370312 0.523438 0.375000 0.521875 0.376563 0.521875 0.379688 0.520312 0.381250 0.518750 0.381250 0.517188 0.382812 0.514062 0.379688 0.510938 0.379688 0.509375 0.381250 0.506250 0.381250 0.504687 0.382812 0.498437 0.382812 0.496875 0.381250 0.495312 0.382812 0.453125 0.382812 0.451562 0.384375 0.446875 0.384375 0.445312 0.385937 0.445312 0.406250 0.446875 0.407813 0.445312 0.409375 0.445312 0.410938 0.446875 0.412500 0.446875 0.414062 0.454688 0.414062 0.459375 0.418750 0.460938 0.418750 0.462500 0.420312 0.457813 0.425000 0.451562 0.425000 0.450000 0.423438 0.448437 0.423438 0.446875 0.425000 0.437500 0.425000 0.435937 0.426563 0.425000 0.426563 0.423438 0.428125 0.421875 0.426563 0.406250 0.426563 0.404687 0.428125 0.395313 0.428125 0.392188 0.431250 0.387500 0.426563 0.385937 0.428125 0.382812 0.428125 0.381250 0.426563 0.379688 0.426563 0.378125 0.428125 0.375000 0.428125 0.373437 0.426563 0.364063 0.426563 0.362500 0.428125 0.357812 0.428125 0.356250 0.426563 0.354687 0.428125 0.337500 0.428125 0.335938 0.426563 0.318750 0.426563 0.317188 0.428125 0.309375 0.428125 0.307812 0.429688 0.304688 0.429688 0.300000 0.434375 0.293750 0.434375 0.292187 0.435937 0.290625 0.435937 0.284375 0.442188 0.279687 0.442188 0.278125 0.443750 0.276562 0.443750 0.275000 0.445312 0.273438 0.445312 0.271875 0.446875 0.271875 0.448437 0.270313 0.450000 0.270313 0.451562 0.271875 0.453125 0.271875 0.454688 0.270313 0.456250 0.268750 0.456250 0.267188 0.457813 0.264062 0.454688 0.264062 0.446875 0.260937 0.446875 0.257812 0.450000 0.256250 0.450000 0.257812 0.451562 0.259375 0.451562 0.260937 0.453125 0.260937 0.456250 0.257812 0.459375 0.256250 0.459375 0.254688 0.460938 0.253125 0.460938 0.253125 0.462500 0.251563 0.464062 0.248438 0.460938 0.248438 0.456250 0.246875 0.456250 0.245312 0.457813 0.245312 0.459375 0.243750 0.460938 0.243750 0.462500 0.245312 0.464062 0.245312 0.470313 0.242188 0.473438 0.239063 0.473438 0.235937 0.476562 0.232813 0.473438 0.231250 0.473438 0.229687 0.475000 0.226562 0.475000 0.225000 0.476562 0.221875 0.476562 0.218750 0.479687 0.215625 0.479687 0.214062 0.481250 0.214062 0.482812 0.209375 0.487500 0.207813 0.487500 0.206250 0.489063 0.204687 0.489063 0.203125 0.490625 0.198437 0.490625 0.196875 0.492188 0.193750 0.492188 0.192188 0.493750 0.184375 0.493750 0.181250 0.496875 0.181250 0.498437 0.182812 0.498437 0.184375 0.500000 0.185938 0.500000 0.187500 0.498437 0.198437 0.498437 0.200000 0.500000 0.201563 0.500000 0.203125 0.498437 0.214062 0.498437 0.215625 0.500000 0.217188 0.500000 0.218750 0.501563 0.218750 0.503125 0.217188 0.504687 0.221875 0.504687 0.223438 0.506250 0.225000 0.506250 0.226562 0.504687 0.228125 0.504687 0.229687 0.506250 0.232813 0.506250 0.234375 0.504687 0.243750 0.504687 0.245312 0.506250 0.260937 0.506250 0.262500 0.507812 0.264062 0.507812 0.265625 0.506250 0.267188 0.506250 0.268750 0.507812 0.276562 0.507812 0.278125 0.509375 0.278125 0.512500 0.281250 0.509375 0.284375 0.509375 0.285938 0.510938 0.289062 0.510938 0.290625 0.509375 0.293750 0.512500 0.295312 0.512500 0.295312 0.510938 0.298438 0.507812 0.300000 0.509375 0.301563 0.509375 0.303125 0.510938 0.306250 0.510938 0.307812 0.512500 0.310937 0.512500 0.310937 0.510938 0.314063 0.507812 0.315625 0.509375 0.321875 0.509375 0.325000 0.512500 0.325000 0.510938 0.328125 0.507812 0.339062 0.507812 0.340625 0.509375 0.342187 0.507812 0.354687 0.507812 0.356250 0.509375 0.359375 0.506250 0.362500 0.506250 0.364063 0.507812 0.371875 0.507812 0.373437 0.506250 0.410938 0.506250 0.415625 0.510938 0.415625 0.512500 0.417187 0.514062 0.417187 0.517188 0.415625 0.518750 0.415625 0.520312 0.414062 0.521875 0.414062 0.523438 0.412500 0.525000 0.412500 0.526563 0.406250 0.532813 0.406250 0.534375 0.400000 0.540625 0.400000 0.542188 0.398438 0.543750 0.398438 0.545312 0.396875 0.546875 0.396875 0.548438 0.395313 0.550000 0.395313 0.551562 0.392188 0.554688 0.390625 0.554688 0.389062 0.556250 0.389062 0.559375 0.387500 0.560937 0.385937 0.560937 0.382812 0.564063 0.382812 0.567187 0.370312 0.579688 0.370312 0.581250 0.365625 0.585938 0.365625 0.589063 0.359375 0.595313 0.359375 0.596875 0.354687 0.601562 0.353125 0.601562 0.351562 0.603125 0.351562 0.604688 0.350000 0.606250 0.350000 0.607812 0.337500 0.620313 0.337500 0.621875 0.335938 0.623437 0.335938 0.625000 0.334375 0.626563 0.334375 0.628125 0.329688 0.632812 0.328125 0.632812 0.325000 0.635938 0.325000 0.637500 0.323437 0.639062 0.321875 0.639062 0.318750 0.642188 0.318750 0.645312 0.320312 0.646875 0.320312 0.657813 0.321875 0.659375 0.321875 0.665625 0.323437 0.667188 0.323437 0.668750 0.321875 0.670312 0.321875 0.671875 0.320312 0.673438 0.320312 0.675000 0.317188 0.678125 0.315625 0.678125 0.314063 0.679688 0.312500 0.679688 0.310937 0.681250 0.309375 0.681250 0.309375 0.682813 0.303125 0.689063 0.303125 0.690625 0.298438 0.695312 0.296875 0.695312 0.295312 0.696875 0.295312 0.698438 0.293750 0.700000 0.293750 0.701562 0.290625 0.704688 0.290625 0.707812 0.285938 0.712500 0.285938 0.714063 0.282813 0.717187 0.278125 0.717187 0.275000 0.720313 0.270313 0.720313 0.268750 0.721875 0.260937 0.721875 0.259375 0.723437 0.257812 0.723437 0.256250 0.721875 0.254688 0.721875 0.253125 0.723437 0.245312 0.723437 0.243750 0.725000 0.242188 0.725000 0.240625 0.726562 0.237500 0.726562 0.235937 0.728125 0.232813 0.728125 0.228125 0.732812 0.223438 0.732812 0.220312 0.735938 0.217188 0.735938 0.215625 0.737500 0.214062 0.737500 0.212500 0.739062 0.207813 0.739062 0.204687 0.742188 0.203125 0.742188 0.200000 0.745313 0.200000 0.746875 0.198437 0.748437 0.198437 0.750000 0.196875 0.751563 0.196875 0.753125 0.195312 0.754687 0.192188 0.754687 0.196875 0.754687 0.198437 0.756250 0.198437 0.760938 0.196875 0.762500 0.196875 0.764062 0.200000 0.767188 0.200000 0.775000 0.196875 0.778125 0.196875 0.779687 0.200000 0.782813 0.198437 0.784375 0.198437 0.789062 0.195312 0.792188 0.195312 0.793750 0.200000 0.798438 0.198437 0.800000 0.198437 0.809375 0.201563 0.812500 0.203125 0.810937 0.206250 0.814063 0.206250 0.820312 0.209375 0.823438 0.209375 0.825000 0.210938 0.826562 0.210938 0.828125 0.212500 0.829688 0.212500 0.835938 0.210938 0.837500 0.210938 0.842187 0.209375 0.843750 0.209375 0.845313 0.207813 0.846875 0.207813 0.848437 0.206250 0.850000 0.206250 0.851562 0.203125 0.854688 0.203125 0.857812 0.200000 0.860938 0.200000 0.862500 0.198437 0.864062 0.198437 0.865625 0.195312 0.868750 0.193750 0.868750 0.192188 0.870313 0.192188 0.879687 0.189062 0.882812 0.184375 0.882812 0.175000 0.892188 0.175000 0.896875 0.173437 0.898438 0.170313 0.898438 0.168750 0.900000 0.168750 0.901563 0.167187 0.903125 0.167187 0.909375 0.168750 0.910937 0.168750 0.918750 0.170313 0.917188 0.170313 0.909375 0.171875 0.907813 0.171875 0.906250 0.173437 0.904687 0.175000 0.904687 0.176563 0.906250 0.178125 0.906250 0.179688 0.904687 0.181250 0.904687 0.184375 0.907813 0.182812 0.909375 0.182812 0.912500 0.181250 0.914062 0.178125 0.914062 0.176563 0.915625 0.178125 0.917188 0.178125 0.918750 0.179688 0.918750 0.181250 0.920312 0.182812 0.920312 0.184375 0.921875 0.185938 0.921875 0.187500 0.920312 0.187500 0.912500 0.185938 0.910937 0.189062 0.907813 0.190625 0.909375 0.190625 0.920312 0.192188 0.921875 0.193750 0.920312 0.196875 0.920312 0.198437 0.921875 0.201563 0.921875 0.201563 0.920312 0.204687 0.917188 0.206250 0.918750 0.207813 0.918750 0.209375 0.920312 0.210938 0.920312 0.212500 0.921875 0.212500 0.923438 0.210938 0.925000 0.210938 0.926562 0.207813 0.929688 0.206250 0.929688 0.206250 0.932813 0.207813 0.934375 0.207813 0.935937 0.212500 0.935937 0.214062 0.937500 0.214062 0.943750 0.210938 0.946875 0.209375 0.945312 0.207813 0.945312 0.207813 0.951562 0.212500 0.951562 0.214062 0.953125 0.214062 0.954688 0.215625 0.956250 0.215625 0.957812 0.214062 0.959375 0.214062 0.960938 0.212500 0.962500 0.210938 0.962500 0.209375 0.960938 0.207813 0.960938 0.206250 0.962500 0.203125 0.962500 0.201563 0.960938 0.201563 0.950000 0.203125 0.948438 0.203125 0.946875 0.201563 0.945312 0.201563 0.934375 0.203125 0.932813 0.203125 0.931250 0.201563 0.929688 0.201563 0.928125 0.198437 0.928125 0.196875 0.929688 0.193750 0.929688 0.192188 0.928125 0.190625 0.929688 0.187500 0.929688 0.184375 0.926562 0.184375 0.925000 0.184375 0.926562 0.179688 0.931250 0.178125 0.931250 0.178125 0.932813 0.181250 0.935937 0.182812 0.935937 0.184375 0.937500 0.189062 0.932813 0.192188 0.935937 0.196875 0.935937 0.200000 0.939063 0.198437 0.940625 0.198437 0.942187 0.195312 0.945312 0.193750 0.943750 0.192188 0.943750 0.192188 0.945312 0.190625 0.946875 0.190625 0.950000 0.192188 0.951562 0.196875 0.951562 0.198437 0.953125 0.198437 0.956250 0.196875 0.957812 0.198437 0.959375 0.198437 0.962500 0.196875 0.964063 0.195312 0.964063 0.195312 0.967187 0.196875 0.967187 0.198437 0.968750 0.198437 0.975000 0.196875 0.976562 0.195312 0.976562 0.193750 0.975000 0.192188 0.975000 0.190625 0.976562 0.190625 0.981250 0.192188 0.982812 0.201563 0.982812 0.201563 0.981250 0.203125 0.979688 0.203125 0.976562 0.201563 0.975000 0.201563 0.970313 0.204687 0.967187 0.206250 0.967187 0.207813 0.968750 0.209375 0.968750 0.210938 0.967187 0.212500 0.967187 0.214062 0.968750 0.218750 0.968750 0.220312 0.970313 0.220312 0.973437 0.221875 0.975000 0.221875 0.978125 0.223438 0.979688 0.223438 0.981250 0.225000 0.981250 0.226562 0.982812 0.229687 0.982812 0.231250 0.984375 0.232813 0.984375 0.234375 0.982812 0.234375 0.981250 0.235937 0.979688 0.237500 0.979688 0.239063 0.981250 0.240625 0.981250 0.242188 0.982812 0.243750 0.982812 0.245312 0.984375 0.245312 0.989062 0.242188 0.992188 0.239063 0.992188 0.237500 0.993750 0.237500 0.998437 0.998437 0.998437 0.998437 0.943750 0.996875 0.942187 0.998437 0.940625 0.998437 0.929688 0.996875 0.929688 0.993750 0.926562 0.992188 0.926562 0.989062 0.929688 0.987500 0.929688 0.985938 0.931250 0.984375 0.929688 0.982812 0.929688 0.979688 0.926562 0.979688 0.923438 0.981250 0.921875 0.982812 0.921875 0.984375 0.920312 0.992188 0.920312 0.993750 0.921875 0.995313 0.921875 0.996875 0.920312 0.998437 0.920312 0.998437 0.912500 0.996875 0.912500 0.995313 0.914062 0.989062 0.914062 0.987500 0.915625 0.985938 0.915625 0.982812 0.912500 0.981250 0.912500 0.979688 0.910937 0.979688 0.909375 0.978125 0.907813 0.978125 0.906250 0.981250 0.903125 0.981250 0.901563 0.982812 0.900000 0.982812 0.898438 0.984375 0.896875 0.984375 0.895312 0.982812 0.893750 0.982812 0.884375 0.978125 0.884375 0.978125 0.892188 0.976562 0.893750 0.976562 0.896875 0.975000 0.898438 0.975000 0.901563 0.976562 0.903125 0.976562 0.907813 0.973437 0.910937 0.975000 0.912500 0.975000 0.918750 0.976562 0.920312 0.976562 0.921875 0.978125 0.923438 0.978125 0.929688 0.976562 0.931250 0.973437 0.931250 0.973437 0.934375 0.976562 0.937500 0.976562 0.940625 0.970313 0.946875 0.968750 0.945312 0.968750 0.943750 0.967187 0.942187 0.967187 0.940625 0.968750 0.939063 0.968750 0.931250 0.965625 0.928125 0.965625 0.921875 0.967187 0.920312 0.967187 0.909375 0.965625 0.907813 0.967187 0.906250 0.967187 0.903125 0.968750 0.901563 0.968750 0.900000 0.967187 0.898438 0.967187 0.896875 0.965625 0.895312 0.965625 0.892188 0.967187 0.890625 0.967187 0.884375 0.965625 0.882812 0.964063 0.882812 0.964063 0.885938 0.965625 0.887500 0.964063 0.889062 0.964063 0.890625 0.962500 0.892188 0.965625 0.895312 0.964063 0.896875 0.962500 0.896875 0.960938 0.898438 0.960938 0.900000 0.957812 0.903125 0.960938 0.906250 0.960938 0.909375 0.959375 0.910937 0.959375 0.918750 0.960938 0.920312 0.960938 0.921875 0.962500 0.923438 0.960938 0.925000 0.960938 0.926562 0.954688 0.932813 0.953125 0.931250 0.953125 0.929688 0.951562 0.928125 0.948438 0.928125 0.945312 0.925000 0.942187 0.925000 0.940625 0.923438 0.939063 0.923438 0.937500 0.921875 0.937500 0.917188 0.935937 0.915625 0.937500 0.914062 0.937500 0.910937 0.935937 0.910937 0.932813 0.907813 0.935937 0.904687 0.935937 0.903125 0.937500 0.901563 0.937500 0.896875 0.935937 0.895312 0.935937 0.890625 0.937500 0.889062 0.939063 0.889062 0.942187 0.892188 0.940625 0.893750 0.940625 0.900000 0.942187 0.901563 0.943750 0.901563 0.946875 0.904687 0.946875 0.907813 0.943750 0.910937 0.942187 0.910937 0.942187 0.912500 0.943750 0.912500 0.946875 0.915625 0.945312 0.917188 0.945312 0.920312 0.946875 0.921875 0.950000 0.921875 0.951562 0.920312 0.951562 0.904687 0.950000 0.903125 0.948438 0.903125 0.945312 0.900000 0.950000 0.895312 0.950000 0.893750 0.951562 0.892188 0.951562 0.890625 0.950000 0.889062 0.950000 0.887500 0.953125 0.884375 0.953125 0.882812 0.950000 0.879687 0.950000 0.860938 0.946875 0.860938 0.943750 0.864062 0.943750 0.865625 0.942187 0.867188 0.942187 0.868750 0.943750 0.868750 0.943750 0.867188 0.945312 0.865625 0.948438 0.865625 0.950000 0.867188 0.950000 0.868750 0.946875 0.871875 0.945312 0.871875 0.950000 0.876563 0.950000 0.879687 0.946875 0.882812 0.937500 0.882812 0.934375 0.879687 0.934375 0.878125 0.932813 0.876563 0.935937 0.873437 0.935937 0.870313 0.934375 0.868750 0.932813 0.868750 0.931250 0.870313 0.929688 0.868750 0.929688 0.867188 0.928125 0.867188 0.926562 0.865625 0.918750 0.865625 0.917188 0.864062 0.917188 0.862500 0.918750 0.860938 0.918750 0.854688 0.920312 0.853125 0.918750 0.851562 0.917188 0.851562 0.915625 0.850000 0.915625 0.848437 0.915625 0.850000 0.912500 0.853125 0.906250 0.853125 0.904687 0.851562 0.903125 0.851562 0.900000 0.848437 0.900000 0.845313 0.901563 0.843750 0.903125 0.843750 0.903125 0.837500 0.904687 0.835938 0.904687 0.834375 0.906250 0.832812 0.909375 0.832812 0.912500 0.835938 0.912500 0.837500 0.914062 0.839063 0.914062 0.842187 0.915625 0.843750 0.926562 0.843750 0.928125 0.842187 0.932813 0.842187 0.934375 0.840625 0.942187 0.840625 0.945312 0.843750 0.945312 0.851562 0.946875 0.853125 0.946875 0.854688 0.950000 0.854688 0.951562 0.853125 0.951562 0.851562 0.948438 0.848437 0.951562 0.845313 0.951562 0.843750 0.953125 0.842187 0.957812 0.842187 0.959375 0.843750 0.959375 0.846875 0.957812 0.848437 0.959375 0.850000 0.959375 0.851562 0.962500 0.854688 0.965625 0.854688 0.965625 0.853125 0.967187 0.851562 0.965625 0.850000 0.965625 0.848437 0.967187 0.846875 0.967187 0.843750 0.970313 0.840625 0.973437 0.840625 0.978125 0.845313 0.979688 0.843750 0.982812 0.843750 0.984375 0.842187 0.992188 0.842187 0.993750 0.843750 0.995313 0.842187 0.998437 0.842187 0.998437 0.834375 0.995313 0.834375 0.993750 0.832812 0.982812 0.832812 0.981250 0.834375 0.979688 0.832812 0.976562 0.832812 0.975000 0.834375 0.973437 0.834375 0.970313 0.837500 0.968750 0.835938 0.968750 0.834375 0.967187 0.832812 0.956250 0.832812 0.954688 0.831250 0.940625 0.831250 0.939063 0.829688 0.942187 0.826562 0.942187 0.825000 0.940625 0.825000 0.937500 0.821875 0.940625 0.818750 0.940625 0.817187 0.942187 0.815625 0.942187 0.812500 0.945312 0.809375 0.948438 0.809375 0.950000 0.807813 0.950000 0.806250 0.951562 0.804688 0.951562 0.801562 0.948438 0.798438 0.948438 0.796875 0.950000 0.795312 0.950000 0.792188 0.940625 0.792188 0.939063 0.790625 0.942187 0.787500 0.943750 0.787500 0.945312 0.785937 0.957812 0.785937 0.957812 0.784375 0.959375 0.782813 0.967187 0.782813 0.967187 0.781250 0.968750 0.779687 0.970313 0.779687 0.973437 0.776563 0.978125 0.781250 0.979688 0.781250 0.981250 0.782813 0.985938 0.778125 0.987500 0.778125 0.989062 0.776563 0.992188 0.776563 0.993750 0.775000 0.993750 0.767188 0.995313 0.765625 0.995313 0.764062 0.996875 0.762500 0.998437 0.762500 0.996875 0.762500 0.993750 0.759375 0.993750 0.757812 0.992188 0.756250 0.982812 0.756250 0.981250 0.754687 0.976562 0.754687 0.975000 0.756250 0.971875 0.756250 0.970313 0.754687 0.956250 0.754687 0.954688 0.753125 0.953125 0.753125 0.951562 0.751563 0.951562 0.746875 0.948438 0.743750 0.946875 0.743750 0.943750 0.740625 0.942187 0.740625 0.940625 0.739062 0.939063 0.739062 0.937500 0.737500 0.935937 0.737500 0.934375 0.735938 0.934375 0.732812 0.932813 0.731250 0.934375 0.729688 0.934375 0.714063 0.928125 0.707812 0.925000 0.707812 0.923438 0.706250 0.921875 0.706250 0.915625 0.700000 0.915625 0.698438 0.914062 0.696875 0.914062 0.689063 0.917188 0.685937 0.918750 0.685937 0.918750 0.682813 0.915625 0.679688 0.914062 0.679688 0.910937 0.676562 0.909375 0.676562 0.906250 0.673438 0.906250 0.670312 0.907813 0.668750 0.907813 0.667188 0.912500 0.662500 0.912500 0.657813 0.917188 0.653125 0.918750 0.653125 0.918750 0.651563 0.917188 0.650000 0.917188 0.646875 0.915625 0.645312 0.915625 0.643750 0.914062 0.642188 0.914062 0.640625 0.917188 0.637500 0.917188 0.631250 0.915625 0.629687 0.914062 0.629687 0.912500 0.628125 0.910937 0.628125 0.909375 0.626563 0.909375 0.623437 0.907813 0.623437 0.904687 0.620313 0.900000 0.620313 0.898438 0.618750 0.895312 0.618750 0.893750 0.617188 0.865625 0.617188 0.864062 0.615625 0.862500 0.615625 0.860938 0.614062 0.859375 0.614062 0.857812 0.612500 0.857812 0.606250 0.865625 0.598437 0.865625 0.593750 0.867188 0.592187 0.871875 0.592187 0.873437 0.590625 0.875000 0.590625 0.873437 0.589063 0.870313 0.589063 0.868750 0.587500 0.842187 0.587500 0.840625 0.589063 0.839063 0.587500 0.831250 0.587500 0.829688 0.585938 0.828125 0.587500 0.821875 0.587500 0.820312 0.585938 0.818750 0.585938 0.815625 0.582812 0.815625 0.579688 0.820312 0.575000 0.818750 0.573438 0.818750 0.568750 0.817187 0.567187 0.815625 0.567187 0.814063 0.565625 0.809375 0.565625 0.804688 0.560937 0.798438 0.560937 0.796875 0.559375 0.792188 0.559375 0.790625 0.557813 0.785937 0.557813 0.784375 0.556250 0.771875 0.556250 0.770312 0.554688 0.764062 0.554688 0.762500 0.553125 0.759375 0.553125 0.757812 0.551562 0.756250 0.551562 0.753125 0.548438 0.751563 0.548438 0.750000 0.546875 0.748437 0.546875 0.740625 0.539062 0.740625 0.535937 0.739062 0.534375 0.739062 0.528125 0.740625 0.526563 0.740625 0.525000 0.748437 0.517188 0.750000 0.517188 0.751563 0.515625 0.753125 0.515625 0.754687 0.514062 0.757812 0.514062 0.765625 0.506250 0.767188 0.506250 0.768750 0.504687 0.768750 0.498437 0.767188 0.498437 0.765625 0.496875 0.764062 0.496875 0.762500 0.495312 0.759375 0.495312 0.757812 0.493750 0.753125 0.493750 0.751563 0.492188 0.748437 0.492188 0.746875 0.490625 0.732812 0.490625 0.731250 0.492188 0.725000 0.492188 0.723437 0.493750 0.712500 0.493750 0.707812 0.489063 0.707812 0.487500 0.706250 0.485938 0.706250 0.481250 0.704688 0.479687 0.704688 0.467187 0.706250 0.465625 0.704688 0.464062 0.704688 0.460938 0.706250 0.459375 0.706250 0.456250 0.704688 0.454688 0.704688 0.451562 0.703125 0.450000 0.703125 0.448437 0.701562 0.446875 0.701562 0.445312 0.700000 0.443750 0.700000 0.442188 0.698438 0.442188 0.695312 0.439063 0.693750 0.439063 0.692187 0.437500 0.692187 0.435937 0.690625 0.434375 0.689063 0.434375 0.679688 0.425000 0.676562 0.425000 0.670312 0.418750 0.670312 0.417187 0.668750 0.415625 0.667188 0.415625 0.665625 0.414062 0.664062 0.414062 0.662500 0.412500 0.656250 0.412500 0.654687 0.414062 0.646875 0.414062 0.645312 0.412500 0.643750 0.412500 0.642188 0.410938 0.640625 0.410938 0.637500 0.407813 0.637500 0.393750 0.635938 0.392188 0.637500 0.390625 0.637500 0.385937 0.635938 0.384375 0.635938 0.381250 0.632812 0.378125 0.628125 0.378125 0.625000 0.375000 0.625000 0.371875 0.626563 0.370312 0.626563 0.368750 0.621875 0.364063 0.621875 0.362500 0.620313 0.360938 0.620313 0.359375 0.621875 0.357812 0.621875 0.356250 0.615625 0.350000 0.607812 0.350000 0.606250 0.348438 0.593750 0.348438 0.592187 0.346875 0.590625 0.346875 0.582812 0.339062 0.573438 0.339062 0.571875 0.340625 0.570312 0.340625 0.568750 0.339062 0.567187 0.339062 0.565625 0.340625 0.560937 0.340625 0.559375 0.339062 0.557813 0.340625 0.554688 0.340625 0.553125 0.342187 0.548438 0.342187 0.546875 0.343750 0.543750 0.343750 0.537500 0.337500 0.537500 0.332813 0.535937 0.331250 0.534375 0.332813 0.534375 0.340625 0.532813 0.342187 0.531250 0.340625 0.531250 0.332813 0.528125 0.329688