0 0.854688 0.984375 0.853125 0.985938 0.853125 0.992188 0.851562 0.993750 0.854688 0.993750 0.856250 0.992188 0.856250 0.984375
0 0.840625 0.982812 0.837500 0.985938 0.837500 0.992188 0.835938 0.993750 0.837500 0.995313 0.840625 0.995313
0 0.821875 0.976562 0.821875 0.978125 0.825000 0.981250 0.823438 0.982812 0.823438 0.984375 0.821875 0.985938 0.821875 0.990625 0.820312 0.992188 0.820312 0.993750 0.821875 0.995313 0.821875 0.996875 0.823438 0.998437 0.825000 0.998437 0.825000 0.978125 0.823438 0.976562
0 0.806250 0.962500 0.807813 0.964063 0.807813 0.967187 0.806250 0.968750 0.806250 0.971875 0.809375 0.975000 0.809375 0.978125 0.809375 0.962500
0 0.895312 0.665625 0.895312 0.667188 0.893750 0.668750 0.892188 0.668750 0.892188 0.670312 0.893750 0.671875 0.890625 0.675000 0.890625 0.678125 0.892188 0.678125 0.893750 0.676562 0.893750 0.675000 0.900000 0.668750 0.898438 0.668750 0.896875 0.667188 0.896875 0.665625
0 0.879687 0.589063 0.879687 0.592187 0.881250 0.590625 0.881250 0.589063
0 0.889062 0.587500 0.889062 0.589063 0.887500 0.590625 0.890625 0.593750 0.890625 0.595313 0.892188 0.593750 0.892188 0.592187 0.890625 0.590625 0.890625 0.587500
0 0.707812 0.556250 0.706250 0.557813 0.703125 0.557813 0.701562 0.559375 0.692187 0.559375 0.692187 0.560937 0.695312 0.560937 0.696875 0.559375 0.701562 0.559375 0.703125 0.560937 0.704688 0.560937 0.706250 0.559375 0.706250 0.557813
0 0.675000 0.457813 0.676562 0.459375 0.678125 0.457813
0 0.660937 0.454688 0.660937 0.456250 0.659375 0.457813 0.664062 0.457813 0.664062 0.454688
0 0.645312 0.454688 0.646875 0.456250 0.646875 0.454688
0 0.615625 0.439063 0.614062 0.440625 0.612500 0.440625 0.610938 0.442188 0.618750 0.442188 0.618750 0.439063
0 0.642188 0.432812 0.642188 0.437500 0.643750 0.439063 0.642188 0.440625 0.642188 0.443750 0.648438 0.443750 0.650000 0.442188 0.648438 0.440625 0.648438 0.439063 0.646875 0.437500 0.646875 0.435937 0.645312 0.434375 0.645312 0.432812
0 0.625000 0.426563 0.625000 0.429688 0.626563 0.431250 0.626563 0.440625 0.625000 0.442188 0.626563 0.442188 0.628125 0.443750 0.632812 0.443750 0.634375 0.442188 0.634375 0.439063 0.632812 0.437500 0.632812 0.428125 0.631250 0.426563
0 0.610938 0.426563 0.610938 0.428125 0.614062 0.431250 0.615625 0.431250 0.617188 0.429688 0.618750 0.429688 0.618750 0.428125 0.620313 0.426563
0 0.598437 0.426563 0.598437 0.431250 0.601562 0.428125 0.603125 0.428125 0.603125 0.426563
0 0.476562 0.420312 0.475000 0.421875 0.471875 0.421875 0.468750 0.425000 0.468750 0.426563 0.465625 0.429688 0.462500 0.429688 0.456250 0.435937 0.454688 0.435937 0.453125 0.437500 0.448437 0.437500 0.446875 0.439063 0.446875 0.442188 0.443750 0.445312 0.442188 0.445312 0.442188 0.446875 0.439063 0.450000 0.435937 0.450000 0.434375 0.451562 0.432812 0.451562 0.431250 0.453125 0.429688 0.453125 0.426563 0.456250 0.426563 0.457813 0.421875 0.462500 0.418750 0.462500 0.412500 0.468750 0.410938 0.468750 0.409375 0.470313 0.407813 0.470313 0.403125 0.475000 0.403125 0.476562 0.401562 0.478125 0.398438 0.478125 0.392188 0.484375 0.384375 0.484375 0.375000 0.493750 0.373437 0.493750 0.371875 0.495312 0.370312 0.493750 0.368750 0.493750 0.367188 0.495312 0.367188 0.500000 0.365625 0.501563 0.365625 0.503125 0.362500 0.506250 0.354687 0.506250 0.353125 0.507812 0.351562 0.507812 0.350000 0.509375 0.348438 0.509375 0.348438 0.510938 0.343750 0.515625 0.342187 0.515625 0.340625 0.517188 0.340625 0.518750 0.342187 0.518750 0.343750 0.517188 0.345313 0.517188 0.346875 0.518750 0.348438 0.518750 0.350000 0.520312 0.348438 0.521875 0.346875 0.521875 0.345313 0.523438 0.342187 0.523438 0.340625 0.521875 0.337500 0.521875 0.335938 0.523438 0.334375 0.523438 0.332813 0.525000 0.332813 0.526563 0.328125 0.531250 0.326562 0.529687 0.325000 0.529687 0.321875 0.532813 0.318750 0.532813 0.317188 0.534375 0.317188 0.535937 0.312500 0.540625 0.309375 0.540625 0.307812 0.542188 0.306250 0.542188 0.304688 0.543750 0.304688 0.545312 0.303125 0.546875 0.301563 0.546875 0.300000 0.548438 0.298438 0.548438 0.298438 0.550000 0.295312 0.553125 0.293750 0.553125 0.292187 0.554688 0.290625 0.554688 0.289062 0.556250 0.289062 0.557813 0.281250 0.565625 0.279687 0.565625 0.278125 0.567187 0.275000 0.567187 0.271875 0.570312 0.270313 0.570312 0.268750 0.571875 0.268750 0.573438 0.265625 0.576562 0.264062 0.575000 0.262500 0.575000 0.262500 0.576562 0.260937 0.578125 0.257812 0.578125 0.256250 0.579688 0.254688 0.579688 0.253125 0.581250 0.253125 0.582812 0.250000 0.585938 0.246875 0.585938 0.245312 0.587500 0.243750 0.587500 0.242188 0.589063 0.242188 0.590625 0.237500 0.595313 0.235937 0.595313 0.235937 0.596875 0.234375 0.598437 0.232813 0.598437 0.229687 0.601562 0.228125 0.601562 0.220312 0.609375 0.218750 0.609375 0.217188 0.610938 0.210938 0.610938 0.210938 0.614062 0.209375 0.615625 0.207813 0.615625 0.204687 0.618750 0.196875 0.618750 0.196875 0.620313 0.195312 0.621875 0.195312 0.623437 0.193750 0.625000 0.189062 0.625000 0.187500 0.626563 0.187500 0.628125 0.182812 0.632812 0.181250 0.632812 0.173437 0.640625 0.171875 0.640625 0.168750 0.643750 0.167187 0.643750 0.162500 0.648438 0.160938 0.648438 0.156250 0.653125 0.153125 0.653125 0.148438 0.657813 0.150000 0.659375 0.150000 0.660937 0.148438 0.662500 0.146875 0.662500 0.145313 0.664062 0.143750 0.664062 0.142187 0.665625 0.135937 0.665625 0.132812 0.668750 0.132812 0.671875 0.129688 0.675000 0.129688 0.676562 0.126562 0.679688 0.125000 0.679688 0.123438 0.678125 0.121875 0.679688 0.118750 0.679688 0.117188 0.681250 0.115625 0.681250 0.109375 0.687500 0.103125 0.687500 0.095312 0.695312 0.089063 0.695312 0.081250 0.703125 0.079687 0.703125 0.076563 0.706250 0.075000 0.706250 0.070312 0.710938 0.068750 0.710938 0.060937 0.718750 0.059375 0.718750 0.057813 0.720313 0.056250 0.720313 0.056250 0.721875 0.051562 0.726562 0.050000 0.726562 0.046875 0.729688 0.045312 0.729688 0.043750 0.731250 0.042188 0.731250 0.039062 0.734375 0.037500 0.734375 0.034375 0.737500 0.034375 0.739062 0.031250 0.742188 0.025000 0.742188 0.021875 0.745313 0.021875 0.746875 0.018750 0.750000 0.017188 0.750000 0.015625 0.751563 0.012500 0.751563 0.010937 0.753125 0.010937 0.754687 0.007812 0.757812 0.006250 0.757812 0.004687 0.759375 0.004687 0.760938 0.003125 0.762500 0.003125 0.803125 0.004687 0.804688 0.004687 0.806250 0.003125 0.807813 0.003125 0.814063 0.004687 0.815625 0.004687 0.839063 0.003125 0.840625 0.003125 0.843750 0.004687 0.845313 0.004687 0.854688 0.003125 0.856250 0.003125 0.881250 0.004687 0.882812 0.004687 0.884375 0.003125 0.885938 0.003125 0.893750 0.004687 0.895312 0.004687 0.901563 0.003125 0.903125 0.003125 0.907813 0.004687 0.909375 0.004687 0.935937 0.003125 0.937500 0.003125 0.940625 0.004687 0.942187 0.004687 0.950000 0.003125 0.951562 0.003125 0.959375 0.004687 0.960938 0.004687 0.964063 0.003125 0.965625 0.003125 0.971875 0.004687 0.973437 0.004687 0.982812 0.003125 0.984375 0.003125 0.990625 0.004687 0.992188 0.004687 0.998437 0.528125 0.998437 0.531250 0.995313 0.532813 0.995313 0.534375 0.996875 0.534375 0.998437 0.560937 0.998437 0.560937 0.996875 0.562500 0.995313 0.564063 0.995313 0.565625 0.996875 0.565625 0.998437 0.575000 0.998437 0.575000 0.996875 0.576562 0.995313 0.579688 0.995313 0.581250 0.996875 0.581250 0.998437 0.590625 0.998437 0.590625 0.996875 0.592187 0.995313 0.595313 0.995313 0.596875 0.996875 0.596875 0.998437 0.604688 0.998437 0.604688 0.996875 0.606250 0.995313 0.610938 0.995313 0.612500 0.996875 0.612500 0.998437 0.620313 0.998437 0.620313 0.996875 0.621875 0.995313 0.626563 0.995313 0.628125 0.996875 0.628125 0.998437 0.637500 0.998437 0.637500 0.996875 0.635938 0.995313 0.635938 0.993750 0.637500 0.992188 0.640625 0.995313 0.642188 0.995313 0.643750 0.996875 0.643750 0.998437 0.651563 0.998437 0.651563 0.996875 0.656250 0.992188 0.659375 0.995313 0.659375 0.998437 0.667188 0.998437 0.667188 0.996875 0.670312 0.993750 0.673438 0.993750 0.676562 0.996875 0.676562 0.998437 0.682813 0.998437 0.682813 0.996875 0.687500 0.992188 0.689063 0.992188 0.692187 0.995313 0.692187 0.998437 0.698438 0.998437 0.698438 0.995313 0.700000 0.993750 0.701562 0.993750 0.706250 0.998437 0.712500 0.998437 0.712500 0.995313 0.714063 0.993750 0.714063 0.984375 0.712500 0.982812 0.712500 0.976562 0.714063 0.975000 0.714063 0.973437 0.712500 0.971875 0.712500 0.957812 0.709375 0.954688 0.709375 0.951562 0.707812 0.950000 0.709375 0.948438 0.709375 0.946875 0.704688 0.942187 0.704688 0.932813 0.704688 0.939063 0.703125 0.940625 0.703125 0.945312 0.701562 0.946875 0.701562 0.951562 0.700000 0.953125 0.698438 0.951562 0.698438 0.925000 0.696875 0.923438 0.696875 0.904687 0.695312 0.903125 0.695312 0.896875 0.693750 0.895312 0.693750 0.893750 0.692187 0.892188 0.692187 0.889062 0.690625 0.887500 0.690625 0.885938 0.692187 0.884375 0.687500 0.884375 0.687500 0.885938 0.685937 0.887500 0.687500 0.889062 0.687500 0.892188 0.685937 0.893750 0.684375 0.893750 0.682813 0.892188 0.682813 0.882812 0.684375 0.881250 0.684375 0.879687 0.682813 0.878125 0.682813 0.864062 0.681250 0.862500 0.681250 0.848437 0.678125 0.845313 0.678125 0.840625 0.676562 0.839063 0.676562 0.829688 0.675000 0.829688 0.673438 0.828125 0.673438 0.825000 0.671875 0.825000 0.671875 0.826562 0.670312 0.828125 0.667188 0.825000 0.667188 0.821875 0.668750 0.820312 0.668750 0.817187 0.667188 0.815625 0.667188 0.806250 0.665625 0.804688 0.665625 0.798438 0.664062 0.796875 0.664062 0.793750 0.662500 0.792188 0.662500 0.785937 0.660937 0.784375 0.660937 0.781250 0.657813 0.778125 0.657813 0.776563 0.656250 0.776563 0.656250 0.781250 0.654687 0.782813 0.653125 0.782813 0.651563 0.781250 0.651563 0.771875 0.653125 0.770312 0.651563 0.768750 0.651563 0.760938 0.650000 0.759375 0.651563 0.757812 0.651563 0.754687 0.650000 0.753125 0.650000 0.737500 0.648438 0.735938 0.648438 0.732812 0.646875 0.731250 0.646875 0.725000 0.645312 0.723437 0.645312 0.721875 0.643750 0.720313 0.643750 0.715625 0.642188 0.714063 0.642188 0.712500 0.640625 0.712500 0.640625 0.717187 0.637500 0.720313 0.635938 0.718750 0.635938 0.714063 0.637500 0.712500 0.637500 0.707812 0.635938 0.706250 0.635938 0.701562 0.634375 0.700000 0.634375 0.692187 0.632812 0.690625 0.632812 0.681250 0.631250 0.679688 0.632812 0.678125 0.632812 0.676562 0.631250 0.675000 0.631250 0.667188 0.629687 0.665625 0.629687 0.664062 0.628125 0.664062 0.626563 0.662500 0.626563 0.660937 0.629687 0.657813 0.626563 0.654687 0.626563 0.653125 0.623437 0.650000 0.623437 0.645312 0.621875 0.643750 0.621875 0.642188 0.620313 0.640625 0.620313 0.632812 0.618750 0.631250 0.618750 0.628125 0.617188 0.626563 0.617188 0.621875 0.615625 0.620313 0.615625 0.610938 0.614062 0.609375 0.614062 0.607812 0.612500 0.606250 0.612500 0.603125 0.610938 0.601562 0.610938 0.600000 0.609375 0.598437 0.609375 0.595313 0.607812 0.596875 0.606250 0.595313 0.606250 0.593750 0.604688 0.592187 0.604688 0.581250 0.603125 0.579688 0.603125 0.567187 0.601562 0.565625 0.601562 0.562500 0.600000 0.560937 0.600000 0.554688 0.596875 0.551562 0.596875 0.546875 0.595313 0.545312 0.595313 0.543750 0.593750 0.542188 0.592187 0.542188 0.590625 0.540625 0.590625 0.537500 0.589063 0.535937 0.589063 0.532813 0.587500 0.531250 0.587500 0.521875 0.585938 0.520312 0.585938 0.518750 0.584375 0.517188 0.584375 0.515625 0.582812 0.514062 0.582812 0.507812 0.581250 0.507812 0.581250 0.509375 0.579688 0.510938 0.578125 0.509375 0.578125 0.506250 0.579688 0.504687 0.579688 0.496875 0.575000 0.496875 0.573438 0.495312 0.573438 0.490625 0.575000 0.489063 0.573438 0.487500 0.573438 0.484375 0.571875 0.482812 0.571875 0.470313 0.570312 0.468750 0.570312 0.464062 0.568750 0.462500 0.568750 0.453125 0.567187 0.451562 0.567187 0.446875 0.565625 0.446875 0.564063 0.445312 0.564063 0.443750 0.562500 0.442188 0.562500 0.439063 0.564063 0.437500 0.564063 0.435937 0.565625 0.434375 0.564063 0.432812 0.562500 0.432812 0.559375 0.429688 0.559375 0.428125 0.554688 0.423438 0.553125 0.423438 0.551562 0.421875 0.521875 0.421875 0.520312 0.420312 0.518750 0.420312 0.517188 0.421875 0.515625 0.420312