0 0.723437 0.992188 0.721875 0.993750 0.725000 0.993750 0.726562 0.992188 0.728125 0.992188
0 0.082812 0.992188 0.081250 0.993750 0.084375 0.993750 0.084375 0.992188
0 0.164062 0.989062 0.160938 0.992188 0.157812 0.992188 0.157812 0.993750 0.167187 0.993750 0.168750 0.992188 0.170313 0.993750 0.171875 0.993750 0.173437 0.995313 0.175000 0.995313 0.176563 0.993750 0.181250 0.993750 0.182812 0.992188 0.182812 0.989062 0.179688 0.989062 0.178125 0.990625 0.175000 0.990625 0.173437 0.989062 0.171875 0.989062 0.170313 0.990625 0.168750 0.990625 0.167187 0.989062
0 0.150000 0.989062 0.148438 0.990625 0.150000 0.992188 0.151562 0.990625 0.151562 0.989062
0 0.071875 0.989062 0.070312 0.990625 0.071875 0.990625
0 0.054688 0.989062 0.054688 0.990625 0.057813 0.990625 0.057813 0.989062
0 0.025000 0.989062 0.023438 0.990625 0.025000 0.992188 0.028125 0.992188 0.028125 0.989062
0 0.007812 0.987500 0.006250 0.989062 0.006250 0.990625 0.004687 0.992188 0.004687 0.993750 0.007812 0.993750 0.009375 0.992188 0.012500 0.992188 0.012500 0.990625 0.014063 0.989062 0.012500 0.987500
0 0.723437 0.984375 0.721875 0.985938 0.725000 0.985938 0.726562 0.987500 0.728125 0.987500 0.729688 0.985938 0.728125 0.985938 0.726562 0.984375
0 0.179688 0.979688 0.178125 0.981250 0.179688 0.982812 0.181250 0.982812 0.182812 0.981250 0.181250 0.979688
0 0.164062 0.979688 0.162500 0.981250 0.164062 0.981250 0.165625 0.982812 0.165625 0.979688
0 0.684375 0.976562 0.682813 0.978125 0.682813 0.979688 0.681250 0.981250 0.679688 0.981250 0.678125 0.979688 0.678125 0.978125 0.676562 0.978125 0.676562 0.981250 0.681250 0.981250 0.684375 0.984375 0.684375 0.995313 0.693750 0.995313 0.695312 0.993750 0.709375 0.993750 0.710938 0.992188 0.714063 0.992188 0.715625 0.993750 0.717187 0.993750 0.717187 0.992188 0.715625 0.990625 0.715625 0.985938 0.714063 0.987500 0.712500 0.987500 0.710938 0.985938 0.710938 0.982812 0.707812 0.982812 0.706250 0.984375 0.706250 0.985938 0.707812 0.987500 0.709375 0.987500 0.710938 0.989062 0.707812 0.992188 0.706250 0.992188 0.704688 0.993750 0.701562 0.990625 0.701562 0.987500 0.700000 0.985938 0.700000 0.978125 0.698438 0.979688 0.696875 0.979688 0.695312 0.978125 0.692187 0.978125 0.689063 0.981250
0 0.304688 0.964063 0.303125 0.965625 0.304688 0.967187 0.306250 0.967187 0.307812 0.965625 0.307812 0.964063
0 0.692187 0.962500 0.692187 0.964063 0.693750 0.965625 0.696875 0.965625 0.695312 0.965625 0.693750 0.964063 0.693750 0.962500
0 0.207813 0.960938 0.204687 0.964063 0.204687 0.967187 0.212500 0.967187 0.214062 0.965625 0.214062 0.964063 0.212500 0.964063 0.210938 0.962500 0.209375 0.962500
0 0.445312 0.959375 0.443750 0.960938 0.442188 0.960938 0.442188 0.962500 0.440625 0.964063 0.440625 0.965625 0.439063 0.967187 0.439063 0.968750 0.440625 0.970313 0.442188 0.970313 0.442188 0.968750 0.445312 0.965625 0.446875 0.965625 0.446875 0.964063 0.445312 0.962500 0.445312 0.960938 0.446875 0.959375
0 0.259375 0.959375 0.256250 0.962500 0.254688 0.962500 0.254688 0.964063 0.253125 0.965625 0.251563 0.965625 0.253125 0.965625 0.254688 0.967187 0.256250 0.967187 0.257812 0.965625 0.260937 0.965625 0.262500 0.964063 0.262500 0.959375
0 0.853125 0.957812 0.851562 0.959375 0.850000 0.959375 0.848437 0.960938 0.846875 0.960938 0.845313 0.962500 0.843750 0.962500 0.842187 0.960938 0.832812 0.960938 0.829688 0.964063 0.828125 0.964063 0.825000 0.960938 0.823438 0.960938 0.821875 0.959375 0.820312 0.960938 0.815625 0.960938 0.814063 0.962500 0.812500 0.962500 0.812500 0.967187 0.814063 0.968750 0.815625 0.968750 0.817187 0.970313 0.818750 0.970313 0.818750 0.968750 0.820312 0.967187 0.821875 0.967187 0.825000 0.964063 0.828125 0.967187 0.828125 0.968750 0.831250 0.971875 0.832812 0.971875 0.834375 0.973437 0.831250 0.976562 0.828125 0.976562 0.826562 0.978125 0.825000 0.978125 0.826562 0.979688 0.826562 0.981250 0.825000 0.982812 0.821875 0.982812 0.820312 0.984375 0.817187 0.984375 0.815625 0.982812 0.814063 0.982812 0.812500 0.984375 0.809375 0.984375 0.807813 0.985938 0.806250 0.985938 0.804688 0.984375 0.798438 0.984375 0.796875 0.985938 0.792188 0.985938 0.790625 0.984375 0.784375 0.984375 0.784375 0.985938 0.787500 0.985938 0.789062 0.987500 0.792188 0.987500 0.793750 0.985938 0.798438 0.985938 0.800000 0.987500 0.803125 0.987500 0.804688 0.989062 0.801562 0.992188 0.793750 0.992188 0.795312 0.993750 0.804688 0.993750 0.806250 0.992188 0.809375 0.992188 0.812500 0.995313 0.817187 0.995313 0.818750 0.993750 0.826562 0.993750 0.828125 0.995313 0.832812 0.995313 0.834375 0.993750 0.837500 0.993750 0.839063 0.995313 0.842187 0.995313 0.845313 0.998437 0.848437 0.995313 0.857812 0.995313 0.859375 0.996875 0.859375 0.998437 0.860938 0.998437 0.860938 0.996875 0.862500 0.995313 0.864062 0.995313 0.865625 0.993750 0.873437 0.993750 0.873437 0.990625 0.876563 0.987500 0.878125 0.989062 0.878125 0.993750 0.882812 0.993750 0.884375 0.992188 0.885938 0.993750 0.889062 0.993750 0.889062 0.987500 0.890625 0.985938 0.893750 0.985938 0.895312 0.987500 0.896875 0.987500 0.898438 0.989062 0.898438 0.990625 0.896875 0.992188 0.895312 0.992188 0.895312 0.993750 0.896875 0.993750 0.900000 0.990625 0.903125 0.993750 0.903125 0.985938 0.896875 0.985938 0.895312 0.984375 0.893750 0.985938 0.890625 0.985938 0.889062 0.984375 0.879687 0.984375 0.878125 0.982812 0.876563 0.982812 0.873437 0.979688 0.873437 0.976562 0.870313 0.973437 0.870313 0.970313 0.871875 0.968750 0.871875 0.960938 0.862500 0.960938 0.860938 0.962500 0.859375 0.960938 0.857812 0.960938 0.856250 0.959375 0.854688 0.959375
0 0.317188 0.950000 0.317188 0.951562 0.318750 0.951562 0.320312 0.950000 0.321875 0.950000
0 0.457813 0.948438 0.456250 0.950000 0.454688 0.950000 0.457813 0.953125 0.457813 0.954688 0.459375 0.953125 0.459375 0.951562 0.460938 0.950000 0.459375 0.950000
0 0.801562 0.946875 0.798438 0.950000 0.796875 0.950000 0.800000 0.950000 0.803125 0.946875
0 0.785937 0.946875 0.787500 0.946875 0.789062 0.948438 0.789062 0.950000 0.790625 0.950000 0.793750 0.946875
0 0.676562 0.946875 0.673438 0.950000 0.671875 0.950000 0.673438 0.950000 0.675000 0.951562 0.678125 0.951562 0.679688 0.950000 0.681250 0.950000 0.678125 0.946875
0 0.614062 0.946875 0.614062 0.948438 0.612500 0.950000 0.610938 0.950000 0.612500 0.950000 0.614062 0.951562 0.618750 0.951562 0.620313 0.950000 0.618750 0.948438 0.615625 0.948438
0 0.551562 0.946875 0.548438 0.950000 0.546875 0.950000 0.548438 0.951562 0.554688 0.951562 0.556250 0.950000 0.557813 0.950000 0.556250 0.948438 0.554688 0.948438 0.553125 0.946875
0 0.520312 0.946875 0.517188 0.950000 0.515625 0.950000 0.517188 0.951562 0.518750 0.951562 0.520312 0.953125 0.521875 0.951562 0.525000 0.951562 0.526563 0.950000 0.532813 0.950000 0.534375 0.951562 0.539062 0.951562 0.540625 0.950000 0.540625 0.948438 0.539062 0.948438 0.537500 0.946875 0.535937 0.946875 0.535937 0.948438 0.534375 0.950000 0.531250 0.950000 0.528125 0.946875 0.526563 0.948438 0.521875 0.948438
0 0.504687 0.946875 0.501563 0.950000 0.500000 0.950000 0.501563 0.951562 0.507812 0.951562 0.509375 0.950000 0.510938 0.950000 0.507812 0.946875
0 0.489063 0.946875 0.489063 0.948438 0.487500 0.950000 0.485938 0.950000 0.485938 0.951562 0.487500 0.951562 0.489063 0.953125 0.490625 0.951562 0.493750 0.951562 0.495312 0.950000 0.493750 0.948438 0.492188 0.948438 0.490625 0.946875
0 0.473438 0.946875 0.470313 0.950000 0.473438 0.953125 0.475000 0.951562 0.476562 0.951562 0.478125 0.950000 0.476562 0.950000 0.475000 0.948438 0.475000 0.946875
0 0.442188 0.946875 0.439063 0.950000 0.440625 0.951562 0.446875 0.951562 0.446875 0.948438 0.445312 0.946875
0 0.425000 0.946875 0.421875 0.950000 0.423438 0.951562 0.425000 0.951562 0.426563 0.953125 0.428125 0.951562 0.429688 0.951562 0.431250 0.950000 0.435937 0.950000 0.434375 0.948438 0.434375 0.946875 0.432812 0.948438 0.429688 0.948438 0.428125 0.946875
0 0.223438 0.946875 0.223438 0.948438 0.221875 0.950000 0.220312 0.950000 0.221875 0.950000 0.223438 0.948438
0 0.725000 0.945312 0.723437 0.946875 0.721875 0.946875 0.718750 0.950000 0.720313 0.951562 0.728125 0.951562 0.729688 0.950000 0.735938 0.950000 0.734375 0.950000 0.732812 0.948438 0.732812 0.946875 0.731250 0.945312 0.729688 0.945312 0.728125 0.946875 0.726562 0.946875
0 0.692187 0.945312 0.687500 0.950000 0.689063 0.951562 0.690625 0.951562 0.692187 0.953125 0.695312 0.950000 0.696875 0.950000 0.693750 0.946875 0.693750 0.945312
0 0.629687 0.945312 0.629687 0.946875 0.628125 0.948438 0.626563 0.948438 0.625000 0.950000 0.623437 0.950000 0.625000 0.950000 0.626563 0.951562 0.634375 0.951562 0.635938 0.950000 0.635938 0.948438 0.634375 0.948438 0.631250 0.945312
0 0.596875 0.945312 0.596875 0.946875 0.595313 0.948438 0.593750 0.948438 0.592187 0.950000 0.593750 0.950000 0.595313 0.951562 0.601562 0.951562 0.603125 0.950000 0.606250 0.950000 0.606250 0.946875 0.603125 0.946875 0.601562 0.945312
0 0.565625 0.943750 0.562500 0.946875 0.559375 0.946875 0.560937 0.948438 0.560937 0.950000 0.562500 0.951562 0.564063 0.951562 0.565625 0.953125 0.570312 0.953125 0.571875 0.951562 0.581250 0.951562 0.582812 0.953125 0.584375 0.951562 0.587500 0.951562 0.589063 0.950000 0.589063 0.948438 0.587500 0.948438 0.584375 0.945312 0.582812 0.945312 0.579688 0.948438 0.578125 0.948438 0.576562 0.946875 0.576562 0.945312 0.575000 0.943750
0 0.353125 0.943750 0.351562 0.945312 0.348438 0.945312 0.345313 0.948438 0.342187 0.948438 0.340625 0.946875 0.339062 0.948438 0.335938 0.948438 0.334375 0.946875 0.332813 0.946875 0.332813 0.948438 0.331250 0.950000 0.329688 0.950000 0.329688 0.951562 0.332813 0.954688 0.329688 0.957812 0.318750 0.957812 0.317188 0.956250 0.315625 0.957812 0.314063 0.957812 0.315625 0.959375 0.315625 0.962500 0.314063 0.964063 0.312500 0.964063 0.310937 0.965625 0.314063 0.968750 0.314063 0.970313 0.310937 0.973437 0.309375 0.973437 0.307812 0.975000 0.306250 0.975000 0.306250 0.976562 0.304688 0.978125 0.303125 0.978125 0.300000 0.981250 0.296875 0.981250 0.295312 0.979688 0.295312 0.978125 0.293750 0.976562 0.293750 0.975000 0.292187 0.973437 0.289062 0.973437 0.289062 0.976562 0.287500 0.978125 0.287500 0.979688 0.285938 0.981250 0.284375 0.981250 0.282813 0.982812 0.279687 0.979688 0.279687 0.976562 0.276562 0.973437 0.275000 0.973437 0.273438 0.975000 0.273438 0.978125 0.270313 0.981250 0.265625 0.981250 0.262500 0.978125 0.262500 0.976562 0.262500 0.978125 0.260937 0.979688 0.256250 0.979688 0.254688 0.978125 0.251563 0.981250 0.248438 0.978125 0.248438 0.975000 0.246875 0.973437 0.245312 0.973437 0.243750 0.971875 0.240625 0.971875 0.239063 0.970313 0.242188 0.967187 0.245312 0.967187 0.245312 0.964063 0.242188 0.964063 0.240625 0.962500 0.239063 0.962500 0.237500 0.964063 0.235937 0.964063 0.234375 0.965625 0.234375 0.967187 0.235937 0.967187 0.239063 0.970313 0.235937 0.973437 0.226562 0.973437 0.223438 0.970313 0.226562 0.967187 0.229687 0.967187 0.229687 0.964063 0.226562 0.960938 0.221875 0.960938 0.218750 0.964063 0.218750 0.967187 0.220312 0.968750 0.220312 0.971875 0.215625 0.976562 0.214062 0.975000 0.209375 0.975000 0.207813 0.976562 0.204687 0.976562 0.203125 0.978125 0.203125 0.985938 0.200000 0.989062 0.193750 0.989062 0.192188 0.987500 0.192188 0.984375 0.195312 0.981250 0.196875 0.981250 0.193750 0.981250 0.192188 0.979688 0.192188 0.978125 0.190625 0.979688 0.189062 0.979688 0.187500 0.981250 0.187500 0.987500 0.185938 0.989062 0.185938 0.992188 0.189062 0.995313 0.190625 0.993750 0.196875 0.993750 0.198437 0.992188 0.200000 0.992188 0.201563 0.993750 0.203125 0.993750 0.204687 0.995313 0.209375 0.995313 0.210938 0.993750 0.212500 0.993750 0.214062 0.992188 0.214062 0.989062 0.212500 0.989062 0.209375 0.985938 0.212500 0.982812 0.215625 0.982812 0.217188 0.984375 0.217188 0.990625 0.220312 0.993750 0.220312 0.998437 0.220312 0.995313 0.221875 0.993750 0.231250 0.993750 0.232813 0.995313 0.234375 0.995313 0.235937 0.996875 0.235937 0.998437 0.239063 0.995313 0.240625 0.995313 0.242188 0.996875 0.243750 0.996875 0.245312 0.995313 0.248438 0.995313 0.251563 0.998437 0.254688 0.995313 0.265625 0.995313 0.267188 0.993750 0.268750 0.995313 0.278125 0.995313 0.279687 0.993750 0.285938 0.993750 0.287500 0.995313 0.296875 0.995313 0.298438 0.996875 0.300000 0.995313 0.303125 0.995313 0.304688 0.996875 0.306250 0.996875 0.307812 0.995313 0.310937 0.995313 0.312500 0.996875 0.312500 0.998437 0.315625 0.998437 0.317188 0.996875 0.321875 0.996875 0.323437 0.995313 0.326562 0.995313 0.328125 0.996875 0.328125 0.998437 0.331250 0.998437 0.332813 0.996875 0.334375 0.998437 0.346875 0.998437 0.348438 0.996875 0.353125 0.996875 0.354687 0.995313 0.357812 0.995313 0.359375 0.996875 0.359375 0.998437 0.362500 0.998437 0.364063 0.996875 0.368750 0.996875 0.370312 0.995313 0.373437 0.995313 0.375000 0.996875 0.375000 0.998437 0.378125 0.998437 0.379688 0.996875 0.389062 0.996875 0.390625 0.998437 0.392188 0.998437 0.395313 0.995313 0.406250 0.995313 0.407813 0.996875 0.409375 0.995313 0.417187 0.995313 0.418750 0.993750 0.420312 0.995313 0.431250 0.995313 0.432812 0.993750 0.437500 0.993750 0.439063 0.995313 0.446875 0.995313 0.448437 0.993750 0.451562 0.993750 0.454688 0.996875 0.456250 0.995313 0.462500 0.995313 0.464062 0.993750 0.465625 0.993750 0.467187 0.995313 0.468750 0.995313 0.470313 0.996875 0.470313 0.998437 0.473438 0.995313 0.482812 0.995313 0.484375 0.996875 0.484375 0.998437 0.487500 0.998437 0.489063 0.996875 0.493750 0.996875 0.495312 0.995313 0.498437 0.995313 0.500000 0.996875 0.500000 0.998437 0.503125 0.998437 0.504687 0.996875 0.506250 0.998437 0.510938 0.998437 0.512500 0.996875 0.514062 0.998437 0.525000 0.998437 0.528125 0.995313 0.529687 0.996875 0.529687 0.998437 0.604688 0.998437 0.606250 0.996875 0.607812 0.998437 0.618750 0.998437 0.621875 0.995313 0.625000 0.998437 0.628125 0.998437 0.629687 0.996875 0.634375 0.996875 0.635938 0.995313 0.639062 0.995313 0.642188 0.992188 0.642188 0.989062 0.643750 0.987500 0.645312 0.987500 0.646875 0.985938 0.646875 0.984375 0.651563 0.979688 0.653125 0.979688 0.654687 0.978125 0.654687 0.976562 0.646875 0.976562 0.645312 0.978125 0.643750 0.978125 0.642188 0.979688 0.640625 0.979688 0.639062 0.978125 0.639062 0.976562 0.635938 0.973437 0.625000 0.973437 0.623437 0.975000 0.621875 0.975000 0.620313 0.973437 0.617188 0.973437 0.615625 0.975000 0.612500 0.975000 0.610938 0.976562 0.604688 0.976562 0.603125 0.975000 0.596875 0.975000 0.595313 0.973437 0.593750 0.973437 0.590625 0.970313 0.593750 0.967187 0.603125 0.967187 0.604688 0.965625 0.609375 0.965625 0.610938 0.967187 0.620313 0.967187 0.620313 0.965625 0.621875 0.964063 0.625000 0.967187 0.628125 0.967187 0.629687 0.968750 0.631250 0.967187 0.634375 0.967187 0.635938 0.965625 0.639062 0.965625 0.640625 0.967187 0.650000 0.967187 0.651563 0.965625 0.654687 0.965625 0.656250 0.967187 0.660937 0.967187 0.662500 0.965625 0.664062 0.967187 0.665625 0.967187 0.667188 0.965625 0.670312 0.965625 0.671875 0.967187 0.675000 0.967187 0.676562 0.968750 0.679688 0.965625 0.682813 0.965625 0.684375 0.964063 0.684375 0.962500 0.681250 0.962500 0.679688 0.960938 0.676562 0.960938 0.673438 0.964063 0.671875 0.964063 0.670312 0.962500 0.665625 0.962500 0.662500 0.959375 0.660937 0.959375 0.659375 0.960938 0.657813 0.960938 0.656250 0.962500 0.653125 0.962500 0.651563 0.964063 0.650000 0.964063 0.648438 0.962500 0.648438 0.959375 0.645312 0.959375 0.643750 0.960938 0.642188 0.960938 0.637500 0.965625 0.635938 0.964063 0.634375 0.964063 0.631250 0.960938 0.628125 0.960938 0.628125 0.962500 0.626563 0.964063 0.621875 0.964063 0.620313 0.962500 0.614062 0.962500 0.610938 0.965625 0.606250 0.965625 0.604688 0.964063 0.603125 0.964063 0.600000 0.960938 0.598437 0.960938 0.595313 0.964063 0.593750 0.964063 0.592187 0.962500 0.592187 0.960938 0.590625 0.960938 0.587500 0.957812 0.585938 0.957812 0.584375 0.959375 0.581250 0.959375 0.579688 0.960938 0.576562 0.957812 0.571875 0.957812 0.570312 0.956250 0.567187 0.956250 0.564063 0.959375 0.560937 0.959375 0.559375 0.960938 0.551562 0.960938 0.548438 0.964063 0.545312 0.964063 0.543750 0.962500 0.540625 0.962500 0.539062 0.960938 0.535937 0.960938 0.535937 0.962500 0.532813 0.965625 0.528125 0.960938 0.528125 0.959375 0.526563 0.959375 0.525000 0.957812 0.523438 0.957812 0.521875 0.959375 0.520312 0.959375 0.517188 0.962500 0.515625 0.962500 0.514062 0.960938 0.512500 0.960938 0.509375 0.964063 0.506250 0.960938 0.504687 0.960938 0.501563 0.964063 0.500000 0.964063 0.498437 0.962500 0.498437 0.960938 0.496875 0.959375 0.495312 0.959375 0.493750 0.957812 0.492188 0.959375 0.489063 0.959375 0.485938 0.962500 0.481250 0.962500 0.479687 0.964063 0.476562 0.964063 0.475000 0.962500 0.475000 0.960938 0.473438 0.960938 0.470313 0.964063 0.468750 0.964063 0.467187 0.962500 0.467187 0.959375 0.465625 0.957812 0.460938 0.957812 0.459375 0.959375 0.457813 0.959375 0.456250 0.960938 0.456250 0.962500 0.454688 0.964063 0.454688 0.976562 0.451562 0.979688 0.451562 0.982812 0.453125 0.984375 0.453125 0.985938 0.451562 0.987500 0.446875 0.987500 0.445312 0.985938 0.448437 0.982812 0.448437 0.981250 0.446875 0.979688 0.445312 0.979688 0.443750 0.978125 0.443750 0.976562 0.442188 0.976562 0.437500 0.981250 0.435937 0.981250 0.434375 0.979688 0.432812 0.979688 0.431250 0.978125 0.431250 0.976562 0.428125 0.976562 0.426563 0.978125 0.423438 0.978125 0.420312 0.975000 0.420312 0.973437 0.418750 0.971875 0.415625 0.971875 0.414062 0.970313 0.415625 0.968750 0.421875 0.968750 0.423438 0.967187 0.432812 0.967187 0.435937 0.964063 0.435937 0.962500 0.432812 0.959375 0.425000 0.959375 0.423438 0.960938 0.421875 0.959375 0.418750 0.959375 0.417187 0.957812 0.414062 0.957812 0.412500 0.956250 0.412500 0.953125 0.414062 0.951562 0.415625 0.951562 0.417187 0.950000 0.414062 0.946875 0.410938 0.946875 0.407813 0.950000 0.407813 0.951562 0.410938 0.954688 0.407813 0.957812 0.406250 0.957812 0.404687 0.956250 0.398438 0.956250 0.396875 0.954688 0.396875 0.953125 0.398438 0.951562 0.400000 0.951562 0.401562 0.950000 0.401562 0.948438 0.400000 0.948438 0.398438 0.946875 0.395313 0.946875 0.392188 0.950000 0.390625 0.950000 0.393750 0.953125 0.393750 0.954688 0.392188 0.956250 0.382812 0.956250 0.381250 0.954688 0.384375 0.951562 0.385937 0.951562 0.385937 0.950000 0.387500 0.948438 0.387500 0.946875 0.382812 0.946875 0.381250 0.945312 0.379688 0.945312 0.376563 0.948438 0.375000 0.948438 0.371875 0.945312 0.364063 0.945312 0.360938 0.948438 0.359375 0.948438 0.356250 0.945312 0.354687 0.945312
0 0.884375 0.942187 0.881250 0.945312 0.879687 0.945312 0.879687 0.946875 0.884375 0.951562 0.885938 0.950000 0.887500 0.950000 0.887500 0.945312
0 0.648438 0.942187 0.645312 0.945312 0.643750 0.945312 0.643750 0.946875 0.642188 0.948438 0.639062 0.948438 0.639062 0.950000 0.640625 0.951562 0.642188 0.951562 0.643750 0.953125 0.646875 0.953125 0.648438 0.951562 0.651563 0.951562 0.653125 0.950000 0.654687 0.950000 0.656250 0.951562 0.657813 0.951562 0.660937 0.954688 0.664062 0.951562 0.665625 0.951562 0.667188 0.950000 0.665625 0.950000 0.662500 0.946875 0.662500 0.945312 0.660937 0.945312 0.657813 0.948438 0.654687 0.945312 0.651563 0.945312 0.650000 0.943750 0.650000 0.942187
0 0.426563 0.934375 0.426563 0.935937 0.428125 0.934375
0 0.473438 0.932813 0.473438 0.934375 0.478125 0.934375 0.476562 0.934375 0.475000 0.932813
0 0.398438 0.932813 0.396875 0.934375 0.400000 0.934375
0 0.350000 0.932813 0.348438 0.934375 0.346875 0.934375 0.354687 0.934375 0.353125 0.932813
0 0.504687 0.931250 0.501563 0.934375 0.500000 0.934375 0.501563 0.934375 0.503125 0.935937 0.507812 0.935937 0.509375 0.934375 0.510938 0.934375 0.509375 0.932813 0.507812 0.932813 0.506250 0.931250
0 0.489063 0.931250 0.485938 0.934375 0.484375 0.934375 0.489063 0.934375 0.490625 0.935937 0.493750 0.935937 0.496875 0.932813 0.496875 0.931250
0 0.442188 0.931250 0.442188 0.932813 0.440625 0.934375 0.446875 0.934375 0.445312 0.934375
0 0.410938 0.931250 0.410938 0.932813 0.409375 0.934375 0.415625 0.934375 0.415625 0.932813 0.414062 0.932813 0.412500 0.931250
0 0.520312 0.929688 0.515625 0.934375 0.517188 0.934375 0.518750 0.935937 0.525000 0.935937 0.526563 0.934375 0.526563 0.932813 0.525000 0.932813 0.521875 0.929688
0 0.442188 0.915625 0.439063 0.918750 0.440625 0.918750 0.442188 0.920312 0.443750 0.920312 0.445312 0.918750 0.446875 0.918750 0.443750 0.915625
0 0.332813 0.915625 0.331250 0.917188 0.329688 0.917188 0.329688 0.918750 0.331250 0.920312 0.337500 0.920312 0.339062 0.918750 0.339062 0.917188 0.337500 0.917188 0.335938 0.915625
0 0.987500 0.910937 0.987500 0.915625 0.985938 0.917188 0.984375 0.917188 0.984375 0.918750 0.985938 0.920312 0.990625 0.915625 0.990625 0.912500 0.989062 0.910937
0 0.351562 0.910937 0.350000 0.912500 0.345313 0.912500 0.345313 0.914062 0.343750 0.915625 0.342187 0.915625 0.342187 0.918750 0.343750 0.920312 0.354687 0.920312 0.356250 0.918750 0.357812 0.918750 0.359375 0.920312 0.370312 0.920312 0.371875 0.918750 0.373437 0.918750 0.375000 0.920312 0.385937 0.920312 0.387500 0.918750 0.389062 0.918750 0.390625 0.920312 0.417187 0.920312 0.418750 0.918750 0.420312 0.918750 0.421875 0.920312 0.428125 0.920312 0.429688 0.918750 0.432812 0.918750 0.434375 0.917188 0.434375 0.915625 0.431250 0.915625 0.428125 0.912500 0.425000 0.912500 0.423438 0.914062 0.409375 0.914062 0.407813 0.915625 0.403125 0.910937 0.398438 0.910937 0.396875 0.912500 0.385937 0.912500 0.384375 0.910937 0.382812 0.912500 0.365625 0.912500 0.364063 0.914062 0.362500 0.912500 0.354687 0.912500 0.353125 0.910937
0 0.254688 0.901563 0.253125 0.903125 0.251563 0.903125 0.259375 0.903125 0.259375 0.901563
0 0.306250 0.900000 0.303125 0.903125 0.307812 0.903125 0.307812 0.901563
0 0.221875 0.900000 0.221875 0.901563 0.220312 0.903125 0.228125 0.903125 0.225000 0.900000
0 0.175000 0.884375 0.173437 0.885938 0.171875 0.885938 0.171875 0.887500 0.182812 0.887500 0.182812 0.885938 0.181250 0.885938 0.179688 0.884375
0 0.128125 0.882812 0.128125 0.884375 0.126562 0.885938 0.125000 0.885938 0.125000 0.887500 0.126562 0.889062 0.134375 0.889062 0.135937 0.887500 0.135937 0.884375 0.134375 0.882812
0 0.164062 0.881250 0.160938 0.884375 0.159375 0.884375 0.156250 0.887500 0.159375 0.887500 0.160938 0.889062 0.164062 0.889062 0.165625 0.887500 0.167187 0.887500 0.167187 0.882812 0.165625 0.881250
0 0.148438 0.881250 0.146875 0.882812 0.145313 0.882812 0.142187 0.885938 0.139063 0.885938 0.139063 0.887500 0.140625 0.887500 0.142187 0.889062 0.150000 0.889062 0.153125 0.885938 0.153125 0.884375 0.150000 0.881250
0 0.189062 0.879687 0.189062 0.882812 0.185938 0.885938 0.185938 0.887500 0.187500 0.887500 0.189062 0.889062 0.196875 0.889062 0.198437 0.887500 0.198437 0.884375 0.196875 0.882812 0.192188 0.882812
0 0.095312 0.879687 0.093750 0.881250 0.093750 0.882812 0.092188 0.884375 0.090625 0.884375 0.087500 0.881250 0.079687 0.881250 0.076563 0.884375 0.070312 0.884375 0.068750 0.882812 0.067187 0.882812 0.067187 0.884375 0.065625 0.885938 0.064062 0.885938 0.062500 0.887500 0.064062 0.889062 0.070312 0.889062 0.071875 0.887500 0.073438 0.887500 0.073438 0.885938 0.075000 0.884375 0.076563 0.885938 0.076563 0.887500 0.078125 0.887500 0.079687 0.889062 0.087500 0.889062 0.089063 0.887500 0.092188 0.887500 0.093750 0.889062 0.103125 0.889062 0.104688 0.887500 0.109375 0.887500 0.110937 0.889062 0.117188 0.889062 0.118750 0.887500 0.120313 0.887500 0.120313 0.884375 0.118750 0.882812 0.118750 0.881250 0.117188 0.881250 0.115625 0.882812 0.114062 0.882812 0.110937 0.879687 0.109375 0.881250 0.109375 0.884375 0.107813 0.885938 0.106250 0.885938 0.104688 0.884375 0.104688 0.881250 0.103125 0.879687 0.101562 0.879687 0.100000 0.881250 0.096875 0.881250
0 0.040625 0.868750 0.040625 0.870313 0.039062 0.871875 0.040625 0.871875
0 0.284375 0.656250 0.282813 0.657813 0.287500 0.657813 0.287500 0.656250
0 0.012500 0.646875 0.012500 0.657813 0.014063 0.657813 0.014063 0.656250 0.012500 0.654687 0.012500 0.653125 0.014063 0.651563 0.014063 0.650000 0.015625 0.648438 0.014063 0.646875
0 0.067187 0.450000 0.067187 0.451562 0.068750 0.450000
0 0.035937 0.431250 0.035937 0.432812 0.034375 0.434375 0.035937 0.435937 0.037500 0.434375 0.037500 0.432812
0 0.067187 0.417187 0.067187 0.418750 0.068750 0.420312 0.070312 0.418750 0.071875 0.418750 0.070312 0.418750 0.068750 0.417187
0 0.042188 0.409375 0.040625 0.410938 0.039062 0.410938 0.039062 0.412500 0.040625 0.412500 0.043750 0.415625 0.040625 0.418750 0.037500 0.415625 0.035937 0.415625 0.035937 0.420312 0.039062 0.420312 0.040625 0.418750 0.043750 0.418750 0.043750 0.409375
0 0.085938 0.395313 0.087500 0.396875 0.087500 0.395313
0 0.023438 0.395313 0.025000 0.396875 0.025000 0.395313
0 0.848437 0.373437 0.846875 0.375000 0.762500 0.375000 0.760938 0.376563 0.759375 0.376563 0.757812 0.375000 0.751563 0.375000 0.750000 0.376563 0.742188 0.376563 0.740625 0.375000 0.737500 0.375000 0.735938 0.376563 0.725000 0.376563 0.723437 0.375000 0.721875 0.376563 0.701562 0.376563 0.700000 0.378125 0.693750 0.378125 0.692187 0.376563 0.690625 0.376563 0.689063 0.378125 0.646875 0.378125 0.645312 0.376563 0.643750 0.378125 0.562500 0.378125 0.560937 0.379688 0.517188 0.379688 0.515625 0.381250 0.432812 0.381250 0.431250 0.382812 0.412500 0.382812 0.410938 0.381250 0.409375 0.382812 0.406250 0.382812 0.404687 0.381250 0.401562 0.381250 0.400000 0.382812 0.365625 0.382812 0.364063 0.384375 0.357812 0.384375 0.356250 0.382812 0.354687 0.384375 0.342187 0.384375 0.340625 0.382812 0.339062 0.384375 0.328125 0.384375 0.326562 0.382812 0.317188 0.382812 0.315625 0.384375 0.303125 0.384375 0.301563 0.382812 0.300000 0.382812 0.298438 0.384375 0.296875 0.382812 0.278125 0.382812 0.276562 0.384375 0.240625 0.384375 0.239063 0.385937 0.237500 0.385937 0.234375 0.389062 0.232813 0.389062 0.226562 0.395313 0.226562 0.396875 0.220312 0.403125 0.220312 0.404687 0.218750 0.406250 0.217188 0.406250 0.215625 0.407813 0.214062 0.407813 0.210938 0.410938 0.210938 0.412500 0.206250 0.417187 0.206250 0.418750 0.203125 0.421875 0.200000 0.421875 0.198437 0.423438 0.195312 0.423438 0.193750 0.421875 0.192188 0.421875 0.190625 0.423438 0.187500 0.423438 0.185938 0.421875 0.185938 0.409375 0.181250 0.409375 0.178125 0.406250 0.167187 0.406250 0.165625 0.404687 0.153125 0.404687 0.151562 0.403125 0.151562 0.401562 0.153125 0.400000 0.153125 0.393750 0.148438 0.393750 0.146875 0.392188 0.146875 0.390625 0.142187 0.390625 0.140625 0.392188 0.137500 0.392188 0.135937 0.393750 0.134375 0.393750 0.131250 0.390625 0.126562 0.390625 0.125000 0.392188 0.123438 0.392188 0.121875 0.393750 0.118750 0.393750 0.115625 0.390625 0.115625 0.389062 0.114062 0.389062 0.112500 0.390625 0.107813 0.390625 0.106250 0.392188 0.104688 0.392188 0.101562 0.389062 0.095312 0.389062 0.093750 0.390625 0.093750 0.392188 0.092188 0.393750 0.092188 0.398438 0.093750 0.400000 0.093750 0.403125 0.090625 0.406250 0.089063 0.406250 0.087500 0.404687 0.082812 0.404687 0.081250 0.406250 0.078125 0.406250 0.078125 0.421875 0.079687 0.423438 0.079687 0.425000 0.081250 0.426563 0.081250 0.428125 0.079687 0.429688 0.079687 0.431250 0.078125 0.432812 0.078125 0.435937 0.079687 0.437500 0.081250 0.437500 0.082812 0.439063 0.082812 0.440625 0.084375 0.442188 0.078125 0.448437 0.078125 0.454688 0.075000 0.457813 0.073438 0.456250 0.070312 0.456250 0.068750 0.457813 0.068750 0.459375 0.067187 0.460938 0.067187 0.462500 0.064062 0.465625 0.060937 0.465625 0.059375 0.464062 0.059375 0.457813 0.057813 0.457813 0.056250 0.456250 0.054688 0.457813 0.054688 0.459375 0.056250 0.459375 0.059375 0.462500 0.057813 0.464062 0.051562 0.464062 0.050000 0.465625 0.050000 0.467187 0.051562 0.468750 0.053125 0.468750 0.054688 0.467187 0.057813 0.467187 0.059375 0.465625 0.062500 0.465625 0.065625 0.468750 0.067187 0.468750 0.068750 0.470313 0.067187 0.471875 0.067187 0.476562 0.064062 0.479687 0.062500 0.479687 0.060937 0.478125 0.060937 0.471875 0.053125 0.471875 0.053125 0.473438 0.051562 0.475000 0.051562 0.478125 0.048438 0.481250 0.045312 0.478125 0.045312 0.473438 0.043750 0.471875 0.037500 0.471875 0.035937 0.473438 0.035937 0.476562 0.032813 0.479687 0.029687 0.476562 0.029687 0.468750 0.031250 0.467187 0.032813 0.467187 0.034375 0.468750 0.037500 0.468750 0.039062 0.467187 0.045312 0.467187 0.045312 0.462500 0.043750 0.460938 0.043750 0.457813 0.042188 0.456250 0.040625 0.456250 0.037500 0.453125 0.037500 0.446875 0.035937 0.446875 0.035937 0.448437 0.034375 0.450000 0.034375 0.454688 0.035937 0.456250 0.035937 0.457813 0.034375 0.459375 0.034375 0.462500 0.032813 0.464062 0.031250 0.464062 0.029687 0.462500 0.029687 0.456250 0.028125 0.454688 0.025000 0.454688 0.023438 0.453125 0.023438 0.448437 0.021875 0.446875 0.020313 0.446875 0.017188 0.450000 0.014063 0.446875 0.014063 0.445312 0.010937 0.442188 0.010937 0.440625 0.009375 0.439063 0.010937 0.437500 0.012500 0.437500 0.014063 0.435937 0.018750 0.435937 0.020313 0.437500 0.021875 0.435937 0.023438 0.435937 0.025000 0.434375 0.021875 0.431250 0.021875 0.429688 0.020313 0.429688 0.017188 0.432812 0.015625 0.432812 0.014063 0.431250 0.014063 0.428125 0.012500 0.426563 0.012500 0.423438 0.015625 0.420312 0.017188 0.420312 0.018750 0.421875 0.021875 0.421875 0.023438 0.420312 0.026562 0.420312 0.028125 0.418750 0.029687 0.418750 0.028125 0.417187 0.028125 0.410938 0.023438 0.410938 0.021875 0.412500 0.020313 0.412500 0.018750 0.414062 0.018750 0.415625 0.017188 0.417187 0.015625 0.415625 0.015625 0.406250 0.014063 0.404687 0.014063 0.398438 0.020313 0.392188 0.007812 0.392188 0.006250 0.390625 0.004687 0.390625 0.003125 0.392188 0.004687 0.393750 0.004687 0.400000 0.003125 0.401562 0.003125 0.410938 0.004687 0.412500 0.004687 0.414062 0.003125 0.415625 0.003125 0.421875 0.004687 0.423438 0.004687 0.429688 0.003125 0.431250 0.003125 0.435937 0.004687 0.437500 0.004687 0.439063 0.006250 0.440625 0.006250 0.443750 0.004687 0.445312 0.004687 0.446875 0.003125 0.448437 0.003125 0.454688 0.004687 0.456250 0.004687 0.459375 0.003125 0.460938 0.003125 0.479687 0.001563 0.481250 0.001563 0.482812 0.003125 0.484375 0.003125 0.512500 0.001563 0.514062 0.001563 0.517188 0.003125 0.518750 0.003125 0.526563 0.001563 0.528125 0.001563 0.529687 0.003125 0.531250 0.003125 0.553125 0.004687 0.554688 0.004687 0.556250 0.003125 0.557813 0.003125 0.562500 0.004687 0.564063 0.004687 0.578125 0.006250 0.578125 0.007812 0.576562 0.014063 0.576562 0.014063 0.568750 0.015625 0.567187 0.015625 0.564063 0.017188 0.562500 0.020313 0.565625 0.020313 0.576562 0.021875 0.576562 0.023438 0.575000 0.021875 0.573438 0.021875 0.570312 0.023438 0.568750 0.026562 0.568750 0.028125 0.570312 0.028125 0.571875 0.028125 0.570312 0.029687 0.568750 0.029687 0.564063 0.031250 0.562500 0.032813 0.562500 0.035937 0.565625 0.035937 0.567187 0.037500 0.568750 0.043750 0.568750 0.045312 0.567187 0.045312 0.565625 0.046875 0.564063 0.050000 0.564063 0.053125 0.567187 0.056250 0.567187 0.054688 0.567187 0.053125 0.565625 0.053125 0.564063 0.056250 0.560937 0.057813 0.560937 0.059375 0.562500 0.060937 0.562500 0.060937 0.557813 0.059375 0.556250 0.062500 0.553125 0.064062 0.553125 0.067187 0.556250 0.065625 0.557813 0.065625 0.565625 0.067187 0.567187 0.068750 0.565625 0.068750 0.556250 0.071875 0.553125 0.075000 0.553125 0.076563 0.554688 0.076563 0.556250 0.078125 0.557813 0.078125 0.560937 0.079687 0.560937 0.081250 0.562500 0.081250 0.564063 0.078125 0.567187 0.076563 0.567187 0.076563 0.568750 0.075000 0.570312 0.075000 0.571875 0.073438 0.573438 0.073438 0.575000 0.071875 0.576562 0.070312 0.576562 0.068750 0.578125 0.068750 0.579688 0.067187 0.581250 0.067187 0.582812 0.060937 0.589063 0.060937 0.590625 0.057813 0.593750 0.057813 0.595313 0.050000 0.603125 0.050000 0.604688 0.048438 0.606250 0.048438 0.607812 0.045312 0.610938 0.043750 0.610938 0.042188 0.612500 0.042188 0.614062 0.039062 0.617188 0.037500 0.617188 0.035937 0.618750 0.035937 0.623437 0.034375 0.625000 0.034375 0.628125 0.031250 0.631250 0.028125 0.631250 0.023438 0.635938 0.021875 0.635938 0.021875 0.637500 0.020313 0.639062 0.020313 0.640625 0.018750 0.642188 0.018750 0.651563 0.020313 0.653125 0.020313 0.657813 0.021875 0.656250 0.021875 0.654687 0.025000 0.651563 0.029687 0.651563 0.029687 0.650000 0.032813 0.646875 0.034375 0.648438 0.034375 0.650000 0.035937 0.651563 0.039062 0.648438 0.050000 0.648438 0.051562 0.650000 0.053125 0.650000 0.054688 0.648438 0.056250 0.648438 0.057813 0.650000 0.060937 0.650000 0.062500 0.648438 0.064062 0.648438 0.065625 0.650000 0.076563 0.650000 0.078125 0.651563 0.078125 0.657813 0.079687 0.657813 0.081250 0.659375 0.084375 0.659375 0.087500 0.656250 0.089063 0.656250 0.090625 0.657813 0.092188 0.657813 0.093750 0.659375 0.100000 0.659375 0.101562 0.657813 0.107813 0.657813 0.109375 0.659375 0.115625 0.659375 0.117188 0.657813 0.123438 0.657813 0.125000 0.659375 0.132812 0.659375 0.134375 0.657813 0.139063 0.657813 0.140625 0.659375 0.148438 0.659375 0.150000 0.657813 0.154688 0.657813 0.156250 0.659375 0.162500 0.659375 0.165625 0.656250 0.168750 0.656250 0.170313 0.657813 0.173437 0.657813 0.175000 0.659375 0.178125 0.659375 0.181250 0.656250 0.182812 0.656250 0.184375 0.657813 0.189062 0.657813 0.190625 0.659375 0.192188 0.659375 0.193750 0.657813 0.195312 0.657813 0.196875 0.656250 0.198437 0.656250 0.200000 0.657813 0.203125 0.657813 0.204687 0.659375 0.207813 0.659375 0.210938 0.656250 0.214062 0.656250 0.215625 0.657813 0.221875 0.657813 0.223438 0.659375 0.228125 0.654687 0.232813 0.654687 0.234375 0.656250 0.235937 0.656250 0.237500 0.657813 0.240625 0.657813 0.243750 0.654687 0.245312 0.654687 0.246875 0.656250 0.250000 0.656250 0.251563 0.657813 0.253125 0.657813 0.254688 0.659375 0.259375 0.654687 0.260937 0.656250 0.262500 0.656250 0.264062 0.657813 0.265625 0.656250 0.267188 0.657813 0.268750 0.657813 0.270313 0.659375 0.275000 0.654687 0.276562 0.656250 0.279687 0.656250 0.279687 0.653125 0.281250 0.651563 0.293750 0.651563 0.295312 0.653125 0.300000 0.653125 0.301563 0.651563 0.356250 0.651563 0.356250 0.650000 0.359375 0.646875 0.367188 0.646875 0.368750 0.645312 0.370312 0.646875 0.371875 0.646875 0.379688 0.654687 0.378125 0.656250 0.378125 0.657813 0.373437 0.662500 0.370312 0.662500 0.368750 0.660937 0.365625 0.660937 0.364063 0.659375 0.364063 0.657813 0.359375 0.662500 0.342187 0.662500 0.340625 0.664062 0.271875 0.664062 0.270313 0.662500 0.268750 0.664062 0.259375 0.664062 0.257812 0.662500 0.254688 0.662500 0.253125 0.664062 0.214062 0.664062 0.212500 0.665625 0.210938 0.664062 0.201563 0.664062 0.200000 0.665625 0.195312 0.665625 0.193750 0.664062 0.190625 0.664062 0.189062 0.665625 0.185938 0.665625 0.184375 0.664062 0.182812 0.665625 0.179688 0.665625 0.178125 0.664062 0.175000 0.664062 0.173437 0.665625 0.164062 0.665625 0.162500 0.664062 0.160938 0.664062 0.159375 0.665625 0.148438 0.665625 0.146875 0.664062 0.145313 0.664062 0.143750 0.665625 0.132812 0.665625 0.131250 0.664062 0.128125 0.664062 0.126562 0.665625 0.115625 0.665625 0.114062 0.664062 0.112500 0.665625 0.095312 0.665625 0.093750 0.667188 0.079687 0.667188 0.078125 0.668750 0.076563 0.668750 0.076563 0.670312 0.078125 0.671875 0.078125 0.675000 0.075000 0.678125 0.073438 0.678125 0.071875 0.676562 0.068750 0.676562 0.064062 0.671875 0.064062 0.670312 0.064062 0.681250 0.062500 0.682813 0.062500 0.684375 0.057813 0.689063 0.054688 0.689063 0.054688 0.692187 0.056250 0.693750 0.056250 0.695312 0.057813 0.696875 0.051562 0.703125 0.048438 0.703125 0.045312 0.700000 0.045312 0.690625 0.040625 0.685937 0.040625 0.676562 0.039062 0.678125 0.040625 0.679688 0.040625 0.681250 0.039062 0.682813 0.039062 0.684375 0.035937 0.687500 0.032813 0.687500 0.029687 0.684375 0.029687 0.676562 0.028125 0.676562 0.026562 0.675000 0.021875 0.675000 0.020313 0.673438 0.023438 0.670312 0.026562 0.670312 0.026562 0.668750 0.004687 0.668750 0.004687 0.678125 0.003125 0.679688 0.003125 0.714063 0.001563 0.715625 0.001563 0.729688 0.000000 0.731250 0.000000 0.737500 0.003125 0.740625 0.003125 0.750000 0.004687 0.751563 0.004687 0.756250 0.003125 0.757812 0.003125 0.804688 0.004687 0.806250 0.003125 0.807813 0.003125 0.817187 0.004687 0.818750 0.004687 0.821875 0.003125 0.823438 0.003125 0.832812 0.004687 0.834375 0.004687 0.839063 0.003125 0.840625 0.003125 0.842187 0.004687 0.843750 0.004687 0.859375 0.006250 0.860938 0.006250 0.865625 0.010937 0.865625 0.010937 0.864062 0.009375 0.862500 0.007812 0.862500 0.006250 0.860938 0.007812 0.859375 0.010937 0.859375 0.014063 0.856250 0.014063 0.854688 0.012500 0.853125 0.015625 0.850000 0.015625 0.848437 0.017188 0.846875 0.018750 0.848437 0.020313 0.848437 0.025000 0.853125 0.023438 0.854688 0.023438 0.856250 0.028125 0.856250 0.028125 0.853125 0.032813 0.848437 0.034375 0.848437 0.039062 0.853125 0.035937 0.856250 0.034375 0.856250 0.035937 0.856250 0.037500 0.857812 0.042188 0.857812 0.042188 0.856250 0.043750 0.854688 0.050000 0.860938 0.050000 0.862500 0.048438 0.864062 0.051562 0.867188 0.051562 0.868750 0.050000 0.870313 0.048438 0.870313 0.046875 0.871875 0.048438 0.873437 0.057813 0.873437 0.059375 0.871875 0.060937 0.871875 0.064062 0.875000 0.070312 0.875000 0.071875 0.873437 0.076563 0.873437 0.078125 0.875000 0.087500 0.875000 0.089063 0.873437 0.092188 0.873437 0.093750 0.875000 0.096875 0.875000 0.098437 0.876563 0.100000 0.875000 0.104688 0.875000 0.106250 0.873437 0.107813 0.875000 0.118750 0.875000 0.120313 0.873437 0.125000 0.873437 0.126562 0.875000 0.132812 0.875000 0.134375 0.873437 0.139063 0.873437 0.140625 0.875000 0.150000 0.875000 0.151562 0.873437 0.154688 0.873437 0.156250 0.875000 0.164062 0.875000 0.165625 0.873437 0.170313 0.873437 0.171875 0.875000 0.179688 0.875000 0.181250 0.873437 0.185938 0.873437 0.187500 0.875000 0.195312 0.875000 0.196875 0.873437 0.201563 0.873437 0.204687 0.876563 0.204687 0.881250 0.203125 0.882812 0.203125 0.884375 0.201563 0.885938 0.201563 0.887500 0.203125 0.887500 0.204687 0.889062 0.212500 0.889062 0.214062 0.887500 0.217188 0.887500 0.218750 0.889062 0.310937 0.889062 0.312500 0.890625 0.314063 0.890625 0.315625 0.892188 0.312500 0.895312 0.312500 0.896875 0.314063 0.898438 0.314063 0.900000 0.312500 0.901563 0.310937 0.901563 0.310937 0.903125 0.312500 0.904687 0.328125 0.904687 0.329688 0.906250 0.334375 0.906250 0.335938 0.904687 0.342187 0.904687 0.343750 0.906250 0.368750 0.906250 0.370312 0.904687 0.371875 0.904687 0.373437 0.906250 0.412500 0.906250 0.414062 0.904687 0.418750 0.904687 0.420312 0.906250 0.434375 0.906250 0.435937 0.904687 0.439063 0.904687 0.440625 0.906250 0.442188 0.906250 0.443750 0.904687 0.453125 0.904687 0.454688 0.906250 0.459375 0.906250 0.460938 0.904687 0.467187 0.904687 0.468750 0.906250 0.471875 0.906250 0.473438 0.907813 0.473438 0.909375 0.471875 0.910937 0.470313 0.910937 0.467187 0.914062 0.465625 0.914062 0.464062 0.915625 0.462500 0.915625 0.460938 0.914062 0.454688 0.914062 0.453125 0.915625 0.453125 0.917188 0.451562 0.918750 0.453125 0.920312 0.462500 0.920312 0.464062 0.918750 0.467187 0.918750 0.468750 0.920312 0.479687 0.920312 0.481250 0.918750 0.482812 0.918750 0.484375 0.920312 0.510938 0.920312 0.512500 0.918750 0.514062 0.918750 0.515625 0.920312 0.518750 0.920312 0.520312 0.921875 0.521875 0.920312 0.532813 0.920312 0.534375 0.921875 0.535937 0.921875 0.537500 0.920312 0.548438 0.920312 0.550000 0.921875 0.553125 0.921875 0.554688 0.920312 0.560937 0.920312 0.562500 0.921875 0.565625 0.921875 0.567187 0.923438 0.567187 0.925000 0.564063 0.928125 0.562500 0.928125 0.560937 0.929688 0.550000 0.929688 0.550000 0.931250 0.548438 0.932813 0.545312 0.932813 0.543750 0.931250 0.540625 0.931250 0.539062 0.929688 0.535937 0.929688 0.531250 0.934375 0.532813 0.935937 0.540625 0.935937 0.542188 0.934375 0.546875 0.934375 0.548438 0.935937 0.556250 0.935937 0.557813 0.934375 0.560937 0.934375 0.562500 0.935937 0.564063 0.935937 0.565625 0.937500 0.568750 0.937500 0.570312 0.935937 0.587500 0.935937 0.589063 0.934375 0.592187 0.934375 0.593750 0.935937 0.603125 0.935937 0.604688 0.934375 0.609375 0.934375 0.610938 0.935937 0.618750 0.935937 0.620313 0.934375 0.623437 0.934375 0.625000 0.935937 0.635938 0.935937 0.637500 0.934375 0.639062 0.934375 0.640625 0.935937 0.642188 0.935937 0.643750 0.937500 0.648438 0.937500 0.650000 0.935937 0.653125 0.935937 0.654687 0.934375 0.656250 0.935937 0.659375 0.935937 0.660937 0.937500 0.662500 0.935937 0.665625 0.935937 0.667188 0.934375 0.670312 0.934375 0.671875 0.935937 0.675000 0.935937 0.676562 0.937500 0.678125 0.935937 0.682813 0.935937 0.684375 0.934375 0.685937 0.935937 0.689063 0.935937 0.690625 0.937500 0.692187 0.937500 0.693750 0.935937 0.696875 0.935937 0.700000 0.932813 0.700000 0.929688 0.698438 0.931250 0.696875 0.931250 0.695312 0.929688 0.682813 0.929688 0.681250 0.928125 0.679688 0.928125 0.678125 0.929688 0.675000 0.929688 0.673438 0.931250 0.671875 0.929688 0.667188 0.929688 0.665625 0.931250 0.664062 0.929688 0.653125 0.929688 0.651563 0.928125 0.650000 0.928125 0.648438 0.926562 0.643750 0.926562 0.640625 0.929688 0.635938 0.929688 0.634375 0.928125 0.626563 0.928125 0.626563 0.929688 0.625000 0.931250 0.620313 0.931250 0.617188 0.928125 0.615625 0.929688 0.612500 0.929688 0.612500 0.931250 0.610938 0.932813 0.607812 0.932813 0.606250 0.931250 0.604688 0.932813 0.603125 0.932813 0.600000 0.929688 0.598437 0.929688 0.595313 0.932813 0.593750 0.932813 0.590625 0.929688 0.589063 0.929688 0.587500 0.928125 0.582812 0.928125 0.581250 0.929688 0.581250 0.931250 0.579688 0.932813 0.576562 0.929688 0.576562 0.928125 0.575000 0.928125 0.573438 0.926562 0.568750 0.926562 0.567187 0.925000 0.567187 0.923438 0.568750 0.921875 0.571875 0.921875 0.573438 0.920312 0.578125 0.920312 0.579688 0.921875 0.584375 0.921875 0.585938 0.920312 0.593750 0.920312 0.595313 0.921875 0.598437 0.921875 0.600000 0.920312 0.609375 0.920312 0.610938 0.921875 0.617188 0.921875 0.618750 0.920312 0.625000 0.920312 0.626563 0.921875 0.631250 0.921875 0.632812 0.920312 0.639062 0.920312 0.640625 0.921875 0.648438 0.921875 0.650000 0.920312 0.656250 0.920312 0.657813 0.921875 0.662500 0.921875 0.664062 0.920312 0.671875 0.920312 0.673438 0.921875 0.679688 0.921875 0.681250 0.920312 0.685937 0.920312 0.687500 0.921875 0.695312 0.921875 0.696875 0.920312 0.714063 0.920312 0.715625 0.918750 0.717187 0.920312 0.720313 0.920312 0.721875 0.921875 0.725000 0.921875 0.726562 0.920312 0.737500 0.920312 0.739062 0.921875 0.740625 0.921875 0.742188 0.920312 0.748437 0.920312 0.750000 0.921875 0.753125 0.921875 0.754687 0.923438 0.754687 0.925000 0.757812 0.921875 0.767188 0.921875 0.768750 0.923438 0.771875 0.923438 0.775000 0.920312 0.778125 0.920312 0.779687 0.921875 0.781250 0.921875 0.784375 0.925000 0.787500 0.925000 0.789062 0.926562 0.787500 0.928125 0.785937 0.928125 0.784375 0.929688 0.781250 0.929688 0.779687 0.928125 0.778125 0.928125 0.775000 0.931250 0.773438 0.929688 0.768750 0.929688 0.768750 0.931250 0.767188 0.932813 0.762500 0.928125 0.754687 0.928125 0.751563 0.931250 0.750000 0.929688 0.743750 0.929688 0.742188 0.931250 0.740625 0.929688 0.739062 0.931250 0.737500 0.931250 0.737500 0.932813 0.735938 0.934375 0.732812 0.931250 0.732812 0.929688 0.729688 0.929688 0.728125 0.931250 0.726562 0.931250 0.725000 0.929688 0.723437 0.929688 0.721875 0.931250 0.721875 0.932813 0.720313 0.934375 0.723437 0.937500 0.725000 0.935937 0.731250 0.935937 0.732812 0.934375 0.737500 0.934375 0.739062 0.935937 0.742188 0.935937 0.743750 0.934375 0.748437 0.934375 0.750000 0.935937 0.759375 0.935937 0.760938 0.934375 0.776563 0.934375 0.778125 0.932813 0.781250 0.935937 0.782813 0.935937 0.785937 0.939063 0.787500 0.937500 0.792188 0.937500 0.793750 0.935937 0.798438 0.935937 0.801562 0.939063 0.804688 0.935937 0.807813 0.935937 0.809375 0.934375 0.812500 0.937500 0.814063 0.937500 0.815625 0.939063 0.818750 0.939063 0.820312 0.937500 0.821875 0.937500 0.823438 0.935937 0.825000 0.935937 0.826562 0.937500 0.828125 0.937500 0.829688 0.939063 0.831250 0.939063 0.832812 0.940625 0.834375 0.940625 0.835938 0.942187 0.832812 0.945312 0.823438 0.945312 0.821875 0.946875 0.820312 0.946875 0.818750 0.945312 0.817187 0.945312 0.814063 0.948438 0.812500 0.948438 0.809375 0.945312 0.809375 0.946875 0.810937 0.946875 0.812500 0.948438 0.812500 0.951562 0.817187 0.956250 0.818750 0.956250 0.820312 0.954688 0.820312 0.953125 0.825000 0.948438 0.831250 0.954688 0.834375 0.954688 0.837500 0.951562 0.842187 0.951562 0.843750 0.953125 0.845313 0.953125 0.848437 0.956250 0.850000 0.956250 0.851562 0.954688 0.851562 0.953125 0.853125 0.951562 0.854688 0.951562 0.856250 0.950000 0.859375 0.953125 0.860938 0.953125 0.862500 0.954688 0.864062 0.954688 0.865625 0.956250 0.868750 0.956250 0.875000 0.950000 0.876563 0.950000 0.873437 0.946875 0.873437 0.945312 0.871875 0.943750 0.871875 0.939063 0.875000 0.935937 0.878125 0.935937 0.879687 0.934375 0.881250 0.935937 0.887500 0.935937 0.889062 0.934375 0.893750 0.934375 0.895312 0.932813 0.896875 0.932813 0.898438 0.934375 0.901563 0.934375 0.903125 0.932813 0.903125 0.929688 0.901563 0.929688 0.900000 0.928125 0.900000 0.926562 0.895312 0.931250 0.895312 0.932813 0.893750 0.934375 0.892188 0.934375 0.889062 0.931250 0.889062 0.929688 0.887500 0.929688 0.884375 0.926562 0.882812 0.926562 0.881250 0.925000 0.881250 0.923438 0.882812 0.921875 0.887500 0.921875 0.889062 0.920312 0.903125 0.920312 0.904687 0.918750 0.907813 0.918750 0.900000 0.910937 0.896875 0.910937 0.892188 0.915625 0.884375 0.907813 0.885938 0.906250 0.900000 0.906250 0.901563 0.904687 0.909375 0.904687 0.910937 0.903125 0.912500 0.903125 0.914062 0.904687 0.915625 0.904687 0.917188 0.903125 0.925000 0.903125 0.923438 0.901563 0.920312 0.901563 0.915625 0.896875 0.915625 0.895312 0.914062 0.895312 0.910937 0.898438 0.909375 0.898438 0.907813 0.900000 0.906250 0.898438 0.906250 0.896875 0.903125 0.896875 0.898438 0.892188 0.900000 0.890625 0.901563 0.890625 0.903125 0.889062 0.906250 0.889062 0.907813 0.890625 0.914062 0.890625 0.915625 0.889062 0.932813 0.889062 0.934375 0.887500 0.937500 0.887500 0.939063 0.889062 0.940625 0.887500 0.940625 0.885938 0.942187 0.884375 0.943750 0.885938 0.943750 0.887500 0.945312 0.887500 0.946875 0.889062 0.948438 0.887500 0.953125 0.887500 0.954688 0.889062 0.956250 0.887500 0.956250 0.885938 0.957812 0.884375 0.959375 0.885938 0.959375 0.887500 0.960938 0.887500 0.962500 0.889062 0.964063 0.887500 0.967187 0.887500 0.968750 0.889062 0.971875 0.889062 0.973437 0.887500 0.975000 0.887500 0.976562 0.889062 0.978125 0.889062 0.979688 0.887500 0.981250 0.887500 0.985938 0.892188 0.985938 0.895312 0.984375 0.896875 0.984375 0.901563 0.982812 0.903125 0.985938 0.906250 0.987500 0.906250 0.987500 0.904687 0.989062 0.903125 0.993750 0.903125 0.993750 0.901563 0.992188 0.900000 0.992188 0.895312 0.990625 0.893750 0.990625 0.890625 0.992188 0.889062 0.993750 0.889062 0.995313 0.887500 0.995313 0.882812 0.993750 0.881250 0.993750 0.876563 0.998437 0.871875 0.998437 0.867188 0.995313 0.864062 0.995313 0.860938 0.998437 0.857812 0.998437 0.848437 0.996875 0.846875 0.996875 0.845313 0.998437 0.843750 0.998437 0.660937 0.992188 0.660937 0.990625 0.659375 0.987500 0.659375 0.985938 0.660937 0.984375 0.660937 0.982812 0.662500 0.981250 0.662500 0.978125 0.659375 0.971875 0.659375 0.970313 0.660937 0.967187 0.660937 0.965625 0.662500 0.964063 0.662500 0.962500 0.660937 0.953125 0.660937 0.951562 0.662500 0.948438 0.662500 0.946875 0.660937 0.943750 0.660937 0.942187 0.662500 0.940625 0.660937 0.937500 0.660937 0.935937 0.662500 0.932813 0.662500 0.931250 0.660937 0.928125 0.660937 0.926562 0.662500 0.925000 0.660937 0.921875 0.660937 0.920312 0.662500 0.917188 0.662500 0.915625 0.660937 0.914062 0.660937 0.912500 0.662500 0.910937 0.662500 0.909375 0.660937 0.906250 0.660937 0.904687 0.662500 0.901563 0.662500 0.900000 0.660937 0.898438 0.662500 0.895312 0.662500 0.893750 0.660937 0.890625 0.660937 0.889062 0.662500 0.885938 0.662500 0.884375 0.660937 0.875000 0.660937 0.873437 0.662500 0.835938 0.662500 0.834375 0.664062 0.828125 0.664062 0.826562 0.662500 0.667188 0.662500 0.665625 0.660937 0.656250 0.660937 0.654687 0.662500 0.653125 0.662500 0.651563 0.660937 0.640625 0.660937 0.639062 0.662500 0.635938 0.662500 0.634375 0.660937 0.629687 0.660937 0.628125 0.662500 0.504687 0.662500 0.503125 0.660937 0.500000 0.660937 0.498437 0.662500 0.496875 0.662500 0.495312 0.660937 0.490625 0.660937 0.489063 0.659375 0.487500 0.659375 0.485938 0.660937 0.482812 0.660937 0.481250 0.662500 0.478125 0.662500 0.476562 0.660937 0.475000 0.660937 0.473438 0.659375 0.473438 0.657813 0.471875 0.659375 0.470313 0.659375 0.467187 0.662500 0.465625 0.662500 0.464062 0.660937 0.460938 0.660937 0.459375 0.659375 0.459375 0.657813 0.457813 0.656250 0.454688 0.659375 0.453125 0.659375 0.451562 0.660937 0.446875 0.660937 0.445312 0.659375 0.443750 0.659375 0.442188 0.657813 0.442188 0.656250 0.445312 0.653125 0.484375 0.653125 0.485938 0.654687 0.487500 0.653125 0.514062 0.653125 0.515625 0.651563 0.531250 0.651563 0.532813 0.653125 0.553125 0.653125 0.554688 0.651563 0.556250 0.651563 0.557813 0.653125 0.576562 0.653125 0.578125 0.654687 0.579688 0.654687 0.582812 0.657813 0.585938 0.654687 0.587500 0.654687 0.589063 0.653125 0.623437 0.653125 0.625000 0.651563 0.631250 0.651563 0.632812 0.653125 0.640625 0.653125 0.642188 0.654687 0.643750 0.654687 0.645312 0.653125 0.646875 0.654687 0.651563 0.654687 0.653125 0.653125 0.654687 0.654687 0.660937 0.654687 0.662500 0.653125 0.750000 0.653125 0.751563 0.651563 0.781250 0.651563 0.782813 0.653125 0.843750 0.653125 0.845313 0.654687 0.846875 0.653125 0.857812 0.653125 0.859375 0.654687 0.868750 0.654687 0.870313 0.653125 0.871875 0.653125 0.873437 0.654687 0.882812 0.654687 0.884375 0.653125 0.887500 0.653125 0.889062 0.654687 0.909375 0.654687 0.910937 0.656250 0.912500 0.654687 0.939063 0.654687 0.940625 0.653125 0.943750 0.653125 0.945312 0.654687 0.946875 0.654687 0.948438 0.653125 0.956250 0.653125 0.957812 0.651563 0.959375 0.653125 0.970313 0.653125 0.973437 0.650000 0.975000 0.650000 0.976562 0.648438 0.981250 0.648438 0.984375 0.651563 0.984375 0.653125 0.985938 0.654687 0.987500 0.653125 0.998437 0.653125 0.998437 0.406250 0.995313 0.403125 0.995313 0.393750 0.993750 0.392188 0.993750 0.389062 0.992188 0.387500 0.993750 0.385937 0.993750 0.382812 0.992188 0.381250 0.992188 0.378125 0.990625 0.376563 0.984375 0.376563 0.981250 0.379688 0.978125 0.376563 0.968750 0.376563 0.965625 0.379688 0.962500 0.376563 0.960938 0.376563 0.959375 0.375000 0.945312 0.375000 0.943750 0.373437 0.940625 0.373437 0.939063 0.375000 0.928125 0.375000 0.926562 0.373437 0.925000 0.375000 0.885938 0.375000 0.884375 0.376563 0.882812 0.375000 0.867188 0.375000 0.865625 0.373437 0.860938 0.373437 0.859375 0.375000 0.851562 0.375000 0.850000 0.373437
0 0.856250 0.343750 0.856250 0.346875 0.857812 0.346875 0.859375 0.345313 0.857812 0.343750
0 0.770312 0.343750 0.770312 0.345313 0.773438 0.348438 0.775000 0.348438 0.776563 0.350000 0.779687 0.350000 0.782813 0.346875 0.784375 0.346875 0.785937 0.348438 0.790625 0.348438 0.792188 0.350000 0.795312 0.350000 0.796875 0.348438 0.800000 0.348438 0.801562 0.346875 0.803125 0.348438 0.810937 0.348438 0.810937 0.345313 0.807813 0.345313 0.806250 0.346875 0.804688 0.346875 0.803125 0.345313 0.796875 0.345313 0.795312 0.343750 0.792188 0.343750 0.790625 0.345313 0.789062 0.343750
0 0.610938 0.056250 0.610938 0.057813 0.607812 0.060937 0.603125 0.060937 0.601562 0.062500 0.598437 0.062500 0.596875 0.064062 0.596875 0.092188 0.598437 0.093750 0.598437 0.104688 0.600000 0.106250 0.600000 0.109375 0.601562 0.110937 0.601562 0.112500 0.607812 0.118750 0.607812 0.120313 0.609375 0.121875 0.609375 0.123438 0.610938 0.123438 0.615625 0.128125 0.615625 0.129688 0.628125 0.142187 0.628125 0.143750 0.632812 0.148438 0.632812 0.150000 0.637500 0.154688 0.637500 0.156250 0.639062 0.157812 0.639062 0.159375 0.643750 0.164062 0.643750 0.165625 0.646875 0.168750 0.646875 0.170313 0.651563 0.175000 0.651563 0.176563 0.656250 0.181250 0.656250 0.184375 0.657813 0.185938 0.659375 0.185938 0.660937 0.187500 0.662500 0.187500 0.664062 0.189062 0.664062 0.192188 0.665625 0.193750 0.667188 0.193750 0.671875 0.198437 0.671875 0.201563 0.673438 0.203125 0.673438 0.204687 0.679688 0.210938 0.681250 0.210938 0.684375 0.214062 0.685937 0.214062 0.687500 0.215625 0.684375 0.218750 0.684375 0.220312 0.685937 0.221875 0.685937 0.223438 0.689063 0.226562 0.689063 0.228125 0.690625 0.229687 0.690625 0.231250 0.693750 0.234375 0.693750 0.235937 0.695312 0.237500 0.695312 0.239063 0.700000 0.243750 0.700000 0.245312 0.703125 0.248438 0.703125 0.250000 0.704688 0.251563 0.704688 0.253125 0.709375 0.257812 0.709375 0.259375 0.710938 0.260937 0.710938 0.262500 0.715625 0.267188 0.715625 0.268750 0.718750 0.271875 0.718750 0.273438 0.721875 0.276562 0.721875 0.278125 0.726562 0.282813 0.726562 0.285938 0.732812 0.292187 0.732812 0.293750 0.734375 0.295312 0.734375 0.296875 0.737500 0.300000 0.737500 0.301563 0.748437 0.312500 0.748437 0.314063 0.750000 0.315625 0.750000 0.317188 0.754687 0.321875 0.756250 0.321875 0.759375 0.325000 0.759375 0.331250 0.762500 0.334375 0.764062 0.334375 0.765625 0.332813 0.767188 0.332813 0.771875 0.337500 0.773438 0.335938 0.779687 0.335938 0.782813 0.332813 0.785937 0.332813 0.787500 0.334375 0.795312 0.334375 0.795312 0.329688 0.796875 0.328125 0.800000 0.328125 0.801562 0.329688 0.804688 0.329688 0.806250 0.331250 0.806250 0.332813 0.809375 0.332813 0.810937 0.331250 0.812500 0.331250 0.814063 0.329688 0.818750 0.329688 0.820312 0.328125 0.821875 0.328125 0.823438 0.329688 0.823438 0.331250 0.821875 0.332813 0.823438 0.331250 0.826562 0.331250 0.828125 0.329688 0.835938 0.329688 0.837500 0.328125 0.839063 0.329688 0.839063 0.331250 0.837500 0.332813 0.845313 0.332813 0.846875 0.331250 0.850000 0.331250 0.851562 0.332813 0.851562 0.334375 0.857812 0.334375 0.857812 0.332813 0.860938 0.329688 0.862500 0.331250 0.865625 0.331250 0.868750 0.334375 0.870313 0.332813 0.873437 0.332813 0.873437 0.331250 0.875000 0.329688 0.878125 0.329688 0.879687 0.331250 0.881250 0.329688 0.882812 0.329688 0.884375 0.328125 0.885938 0.328125 0.887500 0.329688 0.900000 0.329688 0.901563 0.331250 0.904687 0.331250 0.906250 0.329688 0.917188 0.329688 0.918750 0.331250 0.921875 0.328125 0.923438 0.328125 0.925000 0.329688 0.946875 0.329688 0.948438 0.328125 0.962500 0.328125 0.964063 0.326562 0.967187 0.326562 0.968750 0.328125 0.970313 0.328125 0.971875 0.326562 0.982812 0.326562 0.984375 0.328125 0.993750 0.328125 0.995313 0.326562 0.998437 0.326562 0.998437 0.267188 0.996875 0.265625 0.996875 0.264062 0.995313 0.262500 0.995313 0.257812 0.998437 0.254688 0.995313 0.251563 0.995313 0.250000 0.993750 0.248438 0.993750 0.235937 0.990625 0.232813 0.990625 0.229687 0.992188 0.228125 0.992188 0.221875 0.993750 0.220312 0.993750 0.210938 0.995313 0.209375 0.995313 0.207813 0.993750 0.206250 0.993750 0.203125 0.995313 0.201563 0.995313 0.195312 0.996875 0.193750 0.998437 0.193750 0.998437 0.190625 0.996875 0.189062 0.996875 0.185938 0.998437 0.184375 0.996875 0.184375 0.995313 0.182812 0.995313 0.179688 0.996875 0.178125 0.998437 0.178125 0.998437 0.176563 0.996875 0.176563 0.993750 0.173437 0.989062 0.173437 0.985938 0.170313 0.984375 0.170313 0.982812 0.168750 0.979688 0.168750 0.978125 0.167187 0.975000 0.167187 0.973437 0.165625 0.971875 0.165625 0.970313 0.164062 0.968750 0.164062 0.967187 0.162500 0.965625 0.162500 0.964063 0.160938 0.959375 0.160938 0.957812 0.159375 0.954688 0.159375 0.953125 0.157812 0.950000 0.157812 0.948438 0.156250 0.945312 0.156250 0.943750 0.154688 0.942187 0.154688 0.940625 0.153125 0.937500 0.153125 0.935937 0.151562 0.929688 0.151562 0.928125 0.150000 0.926562 0.150000 0.925000 0.148438 0.921875 0.148438 0.920312 0.146875 0.915625 0.146875 0.914062 0.145313 0.912500 0.145313 0.910937 0.143750 0.906250 0.143750 0.904687 0.142187 0.903125 0.142187 0.901563 0.140625 0.898438 0.140625 0.896875 0.139063 0.895312 0.139063 0.893750 0.137500 0.890625 0.137500 0.889062 0.135937 0.884375 0.135937 0.882812 0.134375 0.881250 0.134375 0.879687 0.132812 0.875000 0.132812 0.873437 0.131250 0.868750 0.131250 0.867188 0.129688 0.864062 0.129688 0.862500 0.128125 0.856250 0.128125 0.854688 0.126562 0.853125 0.126562 0.851562 0.125000 0.848437 0.125000 0.846875 0.123438 0.842187 0.123438 0.840625 0.121875 0.839063 0.121875 0.837500 0.120313 0.831250 0.120313 0.829688 0.118750 0.828125 0.118750 0.826562 0.117188 0.823438 0.117188 0.821875 0.115625 0.818750 0.115625 0.817187 0.114062 0.814063 0.114062 0.812500 0.112500 0.804688 0.112500 0.803125 0.110937 0.801562 0.110937 0.800000 0.109375 0.795312 0.109375 0.793750 0.107813 0.789062 0.107813 0.787500 0.106250 0.782813 0.106250 0.781250 0.104688 0.775000 0.104688 0.771875 0.101562 0.770312 0.101562 0.768750 0.100000 0.762500 0.100000 0.760938 0.098437 0.756250 0.098437 0.754687 0.096875 0.743750 0.096875 0.740625 0.093750 0.735938 0.093750 0.734375 0.092188 0.729688 0.092188 0.728125 0.090625 0.726562 0.090625 0.725000 0.089063 0.720313 0.089063 0.718750 0.087500 0.715625 0.087500 0.714063 0.085938 0.712500 0.085938 0.709375 0.082812 0.700000 0.082812 0.698438 0.081250 0.692187 0.081250 0.690625 0.079687 0.682813 0.079687 0.681250 0.078125 0.679688 0.078125 0.678125 0.076563 0.673438 0.076563 0.671875 0.075000 0.670312 0.075000 0.668750 0.073438 0.665625 0.073438 0.664062 0.071875 0.662500 0.071875 0.660937 0.070312 0.656250 0.070312 0.654687 0.068750 0.651563 0.068750 0.648438 0.065625 0.646875 0.065625 0.645312 0.064062 0.639062 0.064062 0.637500 0.062500 0.632812 0.062500 0.631250 0.060937 0.623437 0.060937 0.620313 0.057813 0.617188 0.057813 0.615625 0.056250