0 0.895312 0.992188 0.895312 0.993750 0.898438 0.993750 0.896875 0.992188
0 0.854688 0.985938 0.856250 0.987500 0.856250 0.985938
0 0.878125 0.968750 0.878125 0.970313 0.879687 0.971875 0.879687 0.978125 0.881250 0.979688 0.881250 0.985938 0.882812 0.987500 0.882812 0.993750 0.885938 0.996875 0.885938 0.998437 0.887500 0.998437 0.889062 0.996875 0.889062 0.995313 0.890625 0.993750 0.890625 0.985938 0.889062 0.984375 0.889062 0.981250 0.887500 0.979688 0.887500 0.976562 0.884375 0.976562 0.882812 0.975000 0.882812 0.973437 0.884375 0.971875 0.887500 0.971875 0.887500 0.968750
0 0.879687 0.960938 0.878125 0.962500 0.881250 0.962500
0 0.871875 0.953125 0.871875 0.956250 0.873437 0.956250 0.873437 0.953125
0 0.798438 0.929688 0.796875 0.931250 0.798438 0.932813
0 0.782813 0.862500 0.781250 0.864062 0.781250 0.865625 0.782813 0.867188 0.784375 0.865625 0.784375 0.864062
0 0.792188 0.828125 0.789062 0.831250 0.787500 0.831250 0.785937 0.832812 0.793750 0.832812 0.795312 0.831250 0.795312 0.829688 0.793750 0.828125
0 0.689063 0.556250 0.689063 0.560937 0.690625 0.559375 0.689063 0.557813
0 0.251563 0.307812 0.251563 0.309375 0.253125 0.309375
0 0.276562 0.282813 0.275000 0.284375 0.270313 0.284375 0.268750 0.285938 0.267188 0.285938 0.267188 0.287500 0.268750 0.287500 0.270313 0.289062 0.271875 0.289062 0.273438 0.287500 0.275000 0.287500 0.276562 0.285938 0.278125 0.285938 0.278125 0.284375 0.279687 0.282813
0 0.285938 0.267188 0.282813 0.270313 0.282813 0.275000 0.284375 0.273438 0.287500 0.273438 0.290625 0.276562 0.292187 0.275000 0.293750 0.275000 0.293750 0.271875 0.292187 0.270313 0.293750 0.268750 0.293750 0.267188
0 0.468750 0.154688 0.467187 0.156250 0.462500 0.156250 0.462500 0.160938 0.460938 0.162500 0.460938 0.189062 0.462500 0.190625 0.462500 0.193750 0.467187 0.198437 0.467187 0.201563 0.465625 0.203125 0.464062 0.203125 0.462500 0.204687 0.462500 0.207813 0.459375 0.210938 0.454688 0.210938 0.453125 0.212500 0.453125 0.215625 0.451562 0.217188 0.429688 0.217188 0.428125 0.215625 0.428125 0.214062 0.426563 0.212500 0.421875 0.212500 0.420312 0.210938 0.417187 0.210938 0.415625 0.209375 0.401562 0.209375 0.400000 0.207813 0.400000 0.201563 0.401562 0.200000 0.403125 0.200000 0.404687 0.198437 0.404687 0.195312 0.406250 0.193750 0.406250 0.189062 0.410938 0.184375 0.410938 0.181250 0.412500 0.179688 0.412500 0.171875 0.410938 0.170313 0.410938 0.160938 0.409375 0.160938 0.407813 0.159375 0.403125 0.159375 0.401562 0.160938 0.400000 0.160938 0.398438 0.162500 0.398438 0.164062 0.384375 0.178125 0.382812 0.178125 0.382812 0.179688 0.381250 0.181250 0.381250 0.182812 0.376563 0.187500 0.375000 0.187500 0.370312 0.192188 0.368750 0.192188 0.367188 0.193750 0.367188 0.195312 0.365625 0.196875 0.365625 0.198437 0.360938 0.203125 0.359375 0.203125 0.357812 0.204687 0.356250 0.204687 0.354687 0.206250 0.353125 0.206250 0.350000 0.209375 0.350000 0.217188 0.348438 0.218750 0.345313 0.218750 0.343750 0.220312 0.335938 0.220312 0.329688 0.226562 0.329688 0.232813 0.326562 0.235937 0.320312 0.235937 0.317188 0.239063 0.314063 0.239063 0.314063 0.243750 0.317188 0.243750 0.318750 0.245312 0.320312 0.245312 0.321875 0.246875 0.318750 0.250000 0.318750 0.254688 0.317188 0.256250 0.315625 0.256250 0.315625 0.257812 0.312500 0.260937 0.309375 0.257812 0.309375 0.254688 0.312500 0.251563 0.314063 0.251563 0.314063 0.250000 0.312500 0.251563 0.307812 0.251563 0.307812 0.253125 0.306250 0.254688 0.304688 0.254688 0.303125 0.253125 0.301563 0.254688 0.298438 0.254688 0.298438 0.256250 0.301563 0.256250 0.306250 0.260937 0.307812 0.259375 0.309375 0.259375 0.310937 0.260937 0.310937 0.262500 0.309375 0.264062 0.307812 0.264062 0.307812 0.265625 0.304688 0.268750 0.304688 0.270313 0.300000 0.275000 0.300000 0.278125 0.298438 0.279687 0.295312 0.279687 0.293750 0.281250 0.289062 0.281250 0.289062 0.285938 0.287500 0.287500 0.287500 0.290625 0.285938 0.292187 0.284375 0.290625 0.284375 0.289062 0.282813 0.287500 0.281250 0.287500 0.279687 0.289062 0.279687 0.290625 0.281250 0.290625 0.282813 0.292187 0.284375 0.290625 0.285938 0.292187 0.285938 0.293750 0.281250 0.298438 0.278125 0.298438 0.275000 0.295312 0.273438 0.295312 0.271875 0.296875 0.271875 0.298438 0.273438 0.300000 0.275000 0.300000 0.276562 0.301563 0.273438 0.304688 0.271875 0.303125 0.267188 0.303125 0.264062 0.300000 0.264062 0.298438 0.254688 0.298438 0.251563 0.301563 0.251563 0.304688 0.253125 0.304688 0.256250 0.307812 0.256250 0.315625 0.257812 0.317188 0.256250 0.318750 0.251563 0.318750 0.248438 0.315625 0.248438 0.314063 0.245312 0.314063 0.245312 0.317188 0.243750 0.318750 0.240625 0.315625 0.239063 0.315625 0.237500 0.317188 0.237500 0.318750 0.240625 0.318750 0.242188 0.320312 0.242188 0.325000 0.239063 0.328125 0.237500 0.328125 0.235937 0.326562 0.235937 0.325000 0.235937 0.326562 0.234375 0.328125 0.228125 0.328125 0.226562 0.329688 0.220312 0.329688 0.220312 0.331250 0.218750 0.332813 0.217188 0.332813 0.214062 0.335938 0.212500 0.335938 0.210938 0.337500 0.210938 0.339062 0.209375 0.340625 0.207813 0.340625 0.207813 0.342187 0.206250 0.343750 0.204687 0.343750 0.200000 0.348438 0.198437 0.348438 0.196875 0.350000 0.196875 0.351562 0.189062 0.359375 0.187500 0.359375 0.184375 0.362500 0.182812 0.362500 0.179688 0.365625 0.179688 0.367188 0.178125 0.368750 0.176563 0.368750 0.176563 0.370312 0.175000 0.371875 0.173437 0.371875 0.173437 0.373437 0.171875 0.375000 0.170313 0.375000 0.168750 0.376563 0.167187 0.376563 0.164062 0.379688 0.162500 0.379688 0.160938 0.381250 0.160938 0.382812 0.159375 0.384375 0.157812 0.384375 0.157812 0.385937 0.153125 0.390625 0.151562 0.390625 0.150000 0.392188 0.148438 0.392188 0.145313 0.395313 0.143750 0.395313 0.140625 0.398438 0.140625 0.403125 0.137500 0.406250 0.132812 0.406250 0.131250 0.407813 0.129688 0.407813 0.125000 0.412500 0.125000 0.414062 0.123438 0.415625 0.123438 0.418750 0.121875 0.420312 0.118750 0.420312 0.117188 0.421875 0.115625 0.421875 0.114062 0.423438 0.112500 0.423438 0.109375 0.426563 0.109375 0.428125 0.107813 0.429688 0.106250 0.429688 0.101562 0.434375 0.101562 0.435937 0.100000 0.437500 0.098437 0.437500 0.096875 0.439063 0.095312 0.439063 0.089063 0.445312 0.087500 0.445312 0.085938 0.446875 0.085938 0.448437 0.084375 0.450000 0.082812 0.450000 0.082812 0.451562 0.079687 0.454688 0.078125 0.454688 0.075000 0.457813 0.073438 0.457813 0.070312 0.460938 0.070312 0.462500 0.056250 0.476562 0.056250 0.478125 0.054688 0.479687 0.054688 0.481250 0.056250 0.482812 0.057813 0.482812 0.059375 0.484375 0.060937 0.482812 0.065625 0.482812 0.067187 0.484375 0.068750 0.482812 0.101562 0.482812 0.103125 0.481250 0.106250 0.481250 0.107813 0.479687 0.112500 0.479687 0.117188 0.484375 0.154688 0.484375 0.156250 0.485938 0.160938 0.485938 0.162500 0.484375 0.170313 0.484375 0.171875 0.485938 0.193750 0.485938 0.195312 0.484375 0.198437 0.484375 0.200000 0.485938 0.210938 0.485938 0.212500 0.484375 0.214062 0.485938 0.217188 0.485938 0.218750 0.484375 0.243750 0.484375 0.248438 0.489063 0.248438 0.492188 0.246875 0.493750 0.246875 0.495312 0.245312 0.496875 0.245312 0.498437 0.242188 0.501563 0.242188 0.503125 0.240625 0.504687 0.240625 0.506250 0.237500 0.509375 0.237500 0.510938 0.234375 0.514062 0.234375 0.515625 0.232813 0.517188 0.232813 0.518750 0.228125 0.523438 0.228125 0.525000 0.226562 0.526563 0.226562 0.528125 0.225000 0.529687 0.225000 0.531250 0.221875 0.534375 0.221875 0.535937 0.217188 0.540625 0.217188 0.543750 0.214062 0.546875 0.214062 0.548438 0.212500 0.550000 0.212500 0.551562 0.209375 0.554688 0.209375 0.556250 0.206250 0.559375 0.206250 0.560937 0.201563 0.565625 0.201563 0.567187 0.198437 0.570312 0.198437 0.571875 0.196875 0.573438 0.196875 0.575000 0.192188 0.579688 0.192188 0.581250 0.189062 0.584375 0.189062 0.585938 0.185938 0.589063 0.185938 0.590625 0.184375 0.592187 0.184375 0.593750 0.182812 0.595313 0.182812 0.596875 0.179688 0.600000 0.179688 0.601562 0.178125 0.603125 0.178125 0.604688 0.176563 0.606250 0.176563 0.607812 0.173437 0.610938 0.173437 0.612500 0.171875 0.614062 0.170313 0.614062 0.168750 0.615625 0.131250 0.615625 0.129688 0.614062 0.128125 0.615625 0.117188 0.615625 0.115625 0.614062 0.114062 0.614062 0.112500 0.615625 0.100000 0.615625 0.098437 0.614062 0.096875 0.615625 0.093750 0.615625 0.092188 0.614062 0.089063 0.614062 0.087500 0.615625 0.085938 0.614062 0.057813 0.614062 0.056250 0.615625 0.054688 0.614062 0.043750 0.614062 0.042188 0.615625 0.039062 0.615625 0.037500 0.614062 0.028125 0.614062 0.026562 0.615625 0.025000 0.615625 0.023438 0.614062 0.010937 0.614062 0.009375 0.615625 0.007812 0.615625 0.006250 0.614062 0.004687 0.614062 0.003125 0.615625 0.000000 0.615625 0.000000 0.876563 0.001563 0.878125 0.001563 0.879687 0.000000 0.881250 0.000000 0.885938 0.003125 0.889062 0.001563 0.890625 0.001563 0.893750 0.003125 0.895312 0.001563 0.896875 0.001563 0.920312 0.000000 0.921875 0.000000 0.998437 0.131250 0.998437 0.134375 0.995313 0.135937 0.996875 0.135937 0.998437 0.745313 0.998437 0.745313 0.996875 0.746875 0.995313 0.746875 0.992188 0.745313 0.990625 0.745313 0.989062 0.743750 0.987500 0.743750 0.979688 0.742188 0.978125 0.742188 0.975000 0.740625 0.973437 0.740625 0.968750 0.737500 0.965625 0.737500 0.959375 0.735938 0.957812 0.735938 0.956250 0.734375 0.954688 0.734375 0.948438 0.732812 0.946875 0.732812 0.943750 0.731250 0.942187 0.731250 0.937500 0.729688 0.935937 0.729688 0.931250 0.726562 0.928125 0.726562 0.920312 0.725000 0.918750 0.725000 0.912500 0.723437 0.910937 0.723437 0.909375 0.721875 0.907813 0.721875 0.906250 0.720313 0.904687 0.720313 0.901563 0.718750 0.900000 0.718750 0.896875 0.717187 0.895312 0.717187 0.893750 0.715625 0.892188 0.715625 0.884375 0.714063 0.882812 0.714063 0.881250 0.712500 0.879687 0.712500 0.878125 0.710938 0.876563 0.712500 0.875000 0.715625 0.875000 0.717187 0.873437 0.717187 0.870313 0.715625 0.868750 0.715625 0.867188 0.712500 0.864062 0.712500 0.860938 0.709375 0.857812 0.707812 0.857812 0.706250 0.856250 0.706250 0.853125 0.703125 0.850000 0.703125 0.848437 0.701562 0.846875 0.701562 0.845313 0.700000 0.843750 0.700000 0.839063 0.698438 0.837500 0.698438 0.834375 0.696875 0.832812 0.696875 0.831250 0.695312 0.829688 0.695312 0.821875 0.693750 0.820312 0.693750 0.815625 0.692187 0.814063 0.692187 0.812500 0.690625 0.810937 0.690625 0.809375 0.689063 0.807813 0.689063 0.806250 0.687500 0.804688 0.687500 0.801562 0.685937 0.800000 0.685937 0.796875 0.684375 0.795312 0.684375 0.790625 0.682813 0.789062 0.682813 0.787500 0.681250 0.785937 0.681250 0.782813 0.679688 0.781250 0.679688 0.773438 0.678125 0.771875 0.678125 0.767188 0.676562 0.765625 0.676562 0.764062 0.675000 0.762500 0.675000 0.759375 0.673438 0.757812 0.673438 0.756250 0.671875 0.754687 0.671875 0.746875 0.670312 0.745313 0.670312 0.743750 0.668750 0.742188 0.668750 0.740625 0.667188 0.739062 0.667188 0.732812 0.665625 0.731250 0.665625 0.729688 0.664062 0.728125 0.664062 0.721875 0.662500 0.720313 0.662500 0.717187 0.660937 0.715625 0.660937 0.712500 0.659375 0.710938 0.659375 0.706250 0.657813 0.704688 0.657813 0.701562 0.656250 0.700000 0.656250 0.695312 0.654687 0.693750 0.654687 0.692187 0.653125 0.690625 0.653125 0.689063 0.651563 0.687500 0.651563 0.685937 0.650000 0.684375 0.650000 0.682813 0.648438 0.681250 0.648438 0.673438 0.646875 0.671875 0.646875 0.668750 0.645312 0.667188 0.645312 0.664062 0.643750 0.662500 0.643750 0.659375 0.642188 0.657813 0.642188 0.656250 0.640625 0.654687 0.640625 0.651563 0.639062 0.650000 0.639062 0.646875 0.637500 0.645312 0.637500 0.643750 0.635938 0.642188 0.635938 0.635938 0.634375 0.634375 0.634375 0.631250 0.632812 0.629687 0.632812 0.625000 0.631250 0.623437 0.631250 0.620313 0.629687 0.618750 0.629687 0.615625 0.628125 0.614062 0.628125 0.610938 0.626563 0.609375 0.626563 0.607812 0.625000 0.606250 0.625000 0.601562 0.623437 0.600000 0.623437 0.598437 0.621875 0.596875 0.621875 0.592187 0.620313 0.590625 0.620313 0.585938 0.618750 0.584375 0.618750 0.581250 0.617188 0.579688 0.617188 0.573438 0.615625 0.571875 0.615625 0.568750 0.614062 0.567187 0.614062 0.564063 0.612500 0.562500 0.612500 0.560937 0.610938 0.559375 0.610938 0.557813 0.609375 0.556250 0.609375 0.550000 0.607812 0.548438 0.607812 0.543750 0.606250 0.542188 0.606250 0.540625 0.604688 0.539062 0.604688 0.537500 0.603125 0.535937 0.603125 0.534375 0.601562 0.532813 0.601562 0.526563 0.600000 0.525000 0.600000 0.521875 0.598437 0.520312 0.598437 0.518750 0.596875 0.517188 0.596875 0.514062 0.595313 0.512500 0.595313 0.510938 0.593750 0.509375 0.593750 0.504687 0.592187 0.503125 0.592187 0.500000 0.590625 0.498437 0.590625 0.495312 0.589063 0.493750 0.589063 0.489063 0.587500 0.487500 0.587500 0.485938 0.585938 0.484375 0.585938 0.478125 0.584375 0.476562 0.584375 0.471875 0.582812 0.470313 0.582812 0.468750 0.581250 0.467187 0.581250 0.462500 0.579688 0.460938 0.579688 0.457813 0.578125 0.456250 0.578125 0.451562 0.576562 0.450000 0.576562 0.446875 0.575000 0.445312 0.575000 0.443750 0.573438 0.442188 0.573438 0.440625 0.571875 0.439063 0.571875 0.434375 0.570312 0.432812 0.570312 0.426563 0.568750 0.425000 0.568750 0.421875 0.567187 0.420312 0.567187 0.415625 0.565625 0.414062 0.565625 0.410938 0.564063 0.409375 0.564063 0.406250 0.562500 0.404687 0.562500 0.398438 0.560937 0.396875 0.560937 0.395313 0.559375 0.393750 0.559375 0.390625 0.557813 0.389062 0.557813 0.384375 0.556250 0.382812 0.556250 0.381250 0.554688 0.379688 0.554688 0.373437 0.553125 0.371875 0.553125 0.368750 0.551562 0.367188 0.551562 0.364063 0.550000 0.362500 0.550000 0.360938 0.548438 0.359375 0.548438 0.357812 0.546875 0.356250 0.546875 0.351562 0.545312 0.350000 0.545312 0.348438 0.543750 0.346875 0.543750 0.343750 0.542188 0.342187 0.542188 0.337500 0.540625 0.335938 0.540625 0.334375 0.539062 0.332813 0.539062 0.326562 0.537500 0.325000 0.537500 0.320312 0.535937 0.318750 0.535937 0.317188 0.534375 0.315625 0.534375 0.312500 0.532813 0.310937 0.532813 0.307812 0.531250 0.306250 0.531250 0.301563 0.529687 0.300000 0.529687 0.298438 0.528125 0.296875 0.528125 0.293750 0.526563 0.292187 0.526563 0.287500 0.525000 0.285938 0.525000 0.282813 0.523438 0.281250 0.523438 0.271875 0.521875 0.270313 0.521875 0.267188 0.520312 0.265625 0.520312 0.262500 0.518750 0.260937 0.518750 0.257812 0.517188 0.256250 0.517188 0.254688 0.515625 0.253125 0.515625 0.250000 0.514062 0.248438 0.514062 0.243750 0.512500 0.242188 0.512500 0.240625 0.510938 0.239063 0.510938 0.232813 0.509375 0.231250 0.509375 0.226562 0.507812 0.225000 0.507812 0.220312 0.506250 0.218750 0.506250 0.212500 0.504687 0.210938 0.504687 0.209375 0.503125 0.207813 0.503125 0.204687 0.501563 0.203125 0.501563 0.201563 0.500000 0.200000 0.500000 0.187500 0.501563 0.185938 0.501563 0.181250 0.506250 0.176563 0.506250 0.173437 0.504687 0.171875 0.504687 0.170313 0.503125 0.168750 0.503125 0.164062 0.501563 0.162500 0.501563 0.160938 0.498437 0.157812 0.498437 0.156250 0.495312 0.156250 0.493750 0.154688
0 0.476562 0.143750 0.475000 0.145313 0.475000 0.146875 0.476562 0.148438 0.478125 0.148438 0.479687 0.146875 0.482812 0.146875 0.484375 0.148438 0.489063 0.148438 0.492188 0.145313 0.489063 0.145313 0.487500 0.143750 0.484375 0.143750 0.482812 0.145313 0.479687 0.145313 0.478125 0.143750
0 0.470313 0.143750 0.470313 0.148438 0.471875 0.148438 0.471875 0.143750
0 0.470313 0.129688 0.470313 0.131250 0.471875 0.132812 0.471875 0.134375 0.470313 0.135937 0.470313 0.139063 0.476562 0.139063 0.476562 0.135937 0.475000 0.134375 0.475000 0.132812 0.476562 0.131250 0.478125 0.131250 0.479687 0.129688
0 0.484375 0.128125 0.482812 0.129688 0.482812 0.131250 0.484375 0.132812 0.484375 0.135937 0.482812 0.137500 0.484375 0.139063 0.489063 0.139063 0.490625 0.137500 0.490625 0.135937 0.489063 0.134375 0.489063 0.132812 0.490625 0.131250 0.490625 0.129688 0.489063 0.129688 0.487500 0.128125