0 0.934375 0.984375 0.932813 0.985938 0.931250 0.985938 0.931250 0.989062 0.934375 0.985938
0 0.918750 0.978125 0.918750 0.979688 0.914062 0.984375 0.914062 0.987500 0.912500 0.989062 0.912500 0.992188 0.914062 0.993750 0.917188 0.993750 0.918750 0.995313 0.918750 0.987500 0.920312 0.985938 0.920312 0.984375 0.918750 0.982812
0 0.917188 0.931250 0.915625 0.932813 0.915625 0.934375 0.917188 0.935937 0.918750 0.935937 0.918750 0.931250
0 0.992188 0.928125 0.990625 0.929688 0.989062 0.929688 0.989062 0.931250 0.992188 0.934375 0.996875 0.934375 0.993750 0.931250 0.993750 0.928125
0 0.915625 0.910937 0.914062 0.912500 0.914062 0.918750 0.915625 0.920312 0.917188 0.920312 0.918750 0.921875 0.918750 0.920312 0.920312 0.918750 0.920312 0.917188 0.918750 0.915625 0.918750 0.912500 0.917188 0.912500
0 0.965625 0.901563 0.964063 0.903125 0.965625 0.903125
0 0.934375 0.900000 0.931250 0.903125 0.932813 0.903125 0.934375 0.904687 0.935937 0.903125 0.934375 0.901563
0 0.106250 0.479687 0.106250 0.481250 0.107813 0.481250
0 0.332813 0.431250 0.329688 0.434375 0.326562 0.434375 0.332813 0.434375 0.334375 0.435937 0.342187 0.435937 0.342187 0.432812 0.340625 0.431250 0.337500 0.434375 0.335938 0.434375 0.334375 0.432812 0.334375 0.431250
0 0.481250 0.409375 0.479687 0.410938 0.479687 0.412500 0.482812 0.412500 0.484375 0.410938 0.482812 0.410938
0 0.470313 0.395313 0.470313 0.396875 0.471875 0.398438 0.471875 0.400000 0.470313 0.401562 0.470313 0.403125 0.473438 0.403125 0.475000 0.404687 0.487500 0.404687 0.489063 0.406250 0.493750 0.406250 0.495312 0.407813 0.493750 0.409375 0.493750 0.410938 0.498437 0.410938 0.501563 0.407813 0.506250 0.407813 0.507812 0.406250 0.512500 0.406250 0.514062 0.404687 0.521875 0.404687 0.523438 0.406250 0.525000 0.406250 0.526563 0.404687 0.531250 0.404687 0.532813 0.403125 0.550000 0.403125 0.551562 0.401562 0.554688 0.401562 0.554688 0.400000 0.532813 0.400000 0.531250 0.398438 0.525000 0.398438 0.523438 0.396875 0.498437 0.396875 0.496875 0.398438 0.495312 0.396875 0.492188 0.396875 0.490625 0.395313
0 0.925000 0.382812 0.923438 0.384375 0.928125 0.384375 0.926562 0.382812
0 0.978125 0.379688 0.975000 0.382812 0.970313 0.382812 0.970313 0.384375 0.978125 0.384375
0 0.984375 0.376563 0.984375 0.378125 0.985938 0.379688 0.982812 0.382812 0.982812 0.384375 0.985938 0.387500 0.982812 0.390625 0.979688 0.390625 0.978125 0.389062 0.976562 0.389062 0.975000 0.390625 0.971875 0.390625 0.970313 0.389062 0.968750 0.390625 0.956250 0.390625 0.954688 0.389062 0.953125 0.390625 0.931250 0.390625 0.929688 0.389062 0.921875 0.389062 0.920312 0.390625 0.915625 0.390625 0.914062 0.389062 0.906250 0.389062 0.904687 0.390625 0.893750 0.390625 0.892188 0.389062 0.878125 0.389062 0.876563 0.387500 0.876563 0.385937 0.878125 0.384375 0.879687 0.384375 0.878125 0.384375 0.876563 0.385937 0.876563 0.387500 0.875000 0.389062 0.859375 0.389062 0.857812 0.390625 0.782813 0.390625 0.778125 0.385937 0.778125 0.384375 0.770312 0.384375 0.768750 0.385937 0.765625 0.385937 0.762500 0.389062 0.760938 0.387500 0.754687 0.387500 0.753125 0.389062 0.750000 0.389062 0.748437 0.390625 0.721875 0.390625 0.720313 0.392188 0.718750 0.390625 0.704688 0.390625 0.703125 0.392188 0.696875 0.392188 0.695312 0.393750 0.693750 0.393750 0.692187 0.395313 0.690625 0.393750 0.687500 0.393750 0.685937 0.395313 0.684375 0.395313 0.682813 0.396875 0.671875 0.396875 0.670312 0.398438 0.664062 0.398438 0.662500 0.400000 0.656250 0.400000 0.656250 0.401562 0.653125 0.404687 0.628125 0.404687 0.626563 0.406250 0.617188 0.406250 0.615625 0.407813 0.610938 0.407813 0.609375 0.409375 0.600000 0.409375 0.598437 0.410938 0.593750 0.410938 0.590625 0.407813 0.592187 0.406250 0.592187 0.401562 0.590625 0.400000 0.590625 0.395313 0.570312 0.395313 0.567187 0.398438 0.565625 0.398438 0.564063 0.400000 0.562500 0.400000 0.562500 0.401562 0.564063 0.403125 0.565625 0.401562 0.567187 0.401562 0.571875 0.406250 0.571875 0.407813 0.570312 0.409375 0.568750 0.409375 0.567187 0.410938 0.562500 0.410938 0.560937 0.409375 0.554688 0.409375 0.553125 0.410938 0.539062 0.410938 0.535937 0.414062 0.523438 0.414062 0.521875 0.415625 0.507812 0.415625 0.506250 0.417187 0.490625 0.417187 0.489063 0.418750 0.484375 0.418750 0.481250 0.421875 0.479687 0.421875 0.478125 0.420312 0.476562 0.421875 0.476562 0.423438 0.473438 0.426563 0.468750 0.426563 0.467187 0.425000 0.464062 0.425000 0.462500 0.426563 0.460938 0.426563 0.459375 0.428125 0.457813 0.428125 0.456250 0.429688 0.448437 0.429688 0.446875 0.431250 0.437500 0.431250 0.435937 0.432812 0.429688 0.432812 0.428125 0.434375 0.423438 0.434375 0.421875 0.435937 0.420312 0.435937 0.418750 0.437500 0.415625 0.437500 0.412500 0.440625 0.412500 0.443750 0.410938 0.445312 0.410938 0.448437 0.409375 0.450000 0.410938 0.451562 0.410938 0.453125 0.412500 0.454688 0.412500 0.459375 0.414062 0.460938 0.414062 0.464062 0.412500 0.465625 0.414062 0.467187 0.414062 0.481250 0.420312 0.487500 0.420312 0.489063 0.421875 0.490625 0.421875 0.493750 0.417187 0.498437 0.409375 0.498437 0.407813 0.500000 0.396875 0.500000 0.395313 0.501563 0.392188 0.501563 0.390625 0.503125 0.379688 0.503125 0.378125 0.504687 0.371875 0.504687 0.370312 0.503125 0.362500 0.503125 0.356250 0.496875 0.356250 0.492188 0.357812 0.490625 0.357812 0.487500 0.359375 0.485938 0.359375 0.482812 0.360938 0.481250 0.360938 0.479687 0.359375 0.478125 0.359375 0.459375 0.357812 0.457813 0.357812 0.456250 0.356250 0.454688 0.356250 0.450000 0.354687 0.450000 0.353125 0.448437 0.345313 0.448437 0.343750 0.450000 0.339062 0.450000 0.335938 0.453125 0.331250 0.453125 0.329688 0.454688 0.325000 0.454688 0.323437 0.456250 0.314063 0.456250 0.312500 0.457813 0.306250 0.457813 0.304688 0.459375 0.301563 0.459375 0.300000 0.460938 0.295312 0.460938 0.293750 0.462500 0.292187 0.462500 0.290625 0.464062 0.284375 0.464062 0.282813 0.465625 0.281250 0.465625 0.279687 0.464062 0.278125 0.465625 0.270313 0.465625 0.268750 0.467187 0.281250 0.467187 0.282813 0.465625 0.284375 0.467187 0.289062 0.467187 0.290625 0.468750 0.290625 0.470313 0.289062 0.471875 0.285938 0.471875 0.284375 0.473438 0.276562 0.473438 0.275000 0.475000 0.264062 0.475000 0.262500 0.473438 0.260937 0.475000 0.259375 0.475000 0.257812 0.476562 0.256250 0.475000 0.253125 0.475000 0.251563 0.476562 0.250000 0.475000 0.250000 0.473438 0.248438 0.471875 0.246875 0.471875 0.245312 0.473438 0.237500 0.473438 0.235937 0.475000 0.229687 0.475000 0.228125 0.476562 0.223438 0.476562 0.221875 0.478125 0.217188 0.478125 0.215625 0.479687 0.212500 0.479687 0.210938 0.481250 0.206250 0.481250 0.206250 0.484375 0.209375 0.484375 0.210938 0.482812 0.214062 0.482812 0.215625 0.484375 0.217188 0.484375 0.218750 0.482812 0.221875 0.482812 0.223438 0.484375 0.225000 0.482812 0.228125 0.482812 0.231250 0.485938 0.228125 0.489063 0.225000 0.489063 0.223438 0.490625 0.214062 0.490625 0.212500 0.492188 0.207813 0.492188 0.206250 0.493750 0.203125 0.493750 0.201563 0.492188 0.201563 0.487500 0.203125 0.485938 0.203125 0.484375 0.201563 0.482812 0.200000 0.484375 0.198437 0.484375 0.196875 0.485938 0.196875 0.487500 0.198437 0.489063 0.198437 0.493750 0.196875 0.495312 0.189062 0.495312 0.187500 0.493750 0.187500 0.492188 0.189062 0.490625 0.193750 0.490625 0.193750 0.487500 0.192188 0.487500 0.190625 0.489063 0.187500 0.489063 0.185938 0.487500 0.184375 0.487500 0.182812 0.489063 0.178125 0.489063 0.176563 0.490625 0.175000 0.490625 0.173437 0.492188 0.167187 0.492188 0.165625 0.493750 0.162500 0.493750 0.160938 0.495312 0.157812 0.495312 0.156250 0.496875 0.151562 0.496875 0.150000 0.498437 0.148438 0.498437 0.146875 0.500000 0.140625 0.500000 0.139063 0.501563 0.135937 0.501563 0.134375 0.503125 0.126562 0.503125 0.125000 0.504687 0.118750 0.504687 0.117188 0.506250 0.112500 0.506250 0.110937 0.507812 0.109375 0.507812 0.107813 0.506250 0.106250 0.507812 0.104688 0.507812 0.103125 0.509375 0.098437 0.509375 0.096875 0.510938 0.092188 0.510938 0.090625 0.512500 0.085938 0.512500 0.084375 0.514062 0.082812 0.514062 0.081250 0.515625 0.075000 0.515625 0.073438 0.517188 0.071875 0.517188 0.070312 0.518750 0.065625 0.518750 0.064062 0.520312 0.057813 0.520312 0.056250 0.521875 0.054688 0.521875 0.053125 0.523438 0.046875 0.523438 0.045312 0.525000 0.043750 0.525000 0.042188 0.526563 0.037500 0.526563 0.035937 0.528125 0.026562 0.528125 0.026562 0.529687 0.029687 0.532813 0.031250 0.532813 0.032813 0.534375 0.034375 0.534375 0.035937 0.532813 0.037500 0.532813 0.039062 0.531250 0.043750 0.531250 0.045312 0.532813 0.045312 0.534375 0.040625 0.539062 0.032813 0.539062 0.028125 0.543750 0.023438 0.543750 0.021875 0.545312 0.020313 0.545312 0.017188 0.548438 0.015625 0.548438 0.014063 0.550000 0.012500 0.550000 0.010937 0.551562 0.009375 0.551562 0.007812 0.553125 0.006250 0.553125 0.004687 0.554688 0.003125 0.554688 0.001563 0.556250 0.000000 0.556250 0.000000 0.562500 0.003125 0.562500 0.004687 0.564063 0.004687 0.565625 0.006250 0.567187 0.004687 0.568750 0.003125 0.568750 0.001563 0.570312 0.000000 0.570312 0.000000 0.750000 0.001563 0.751563 0.000000 0.753125 0.000000 0.873437 0.001563 0.875000 0.001563 0.885938 0.000000 0.887500 0.001563 0.889062 0.001563 0.898438 0.003125 0.900000 0.001563 0.901563 0.001563 0.904687 0.003125 0.906250 0.003125 0.931250 0.004687 0.932813 0.004687 0.935937 0.003125 0.937500 0.003125 0.946875 0.004687 0.948438 0.004687 0.951562 0.003125 0.953125 0.003125 0.995313 0.004687 0.996875 0.004687 0.998437 0.750000 0.998437 0.751563 0.996875 0.754687 0.996875 0.756250 0.998437 0.875000 0.998437 0.878125 0.995313 0.879687 0.995313 0.882812 0.998437 0.890625 0.998437 0.890625 0.996875 0.892188 0.995313 0.895312 0.995313 0.898438 0.998437 0.904687 0.998437 0.904687 0.976562 0.903125 0.975000 0.903125 0.973437 0.904687 0.971875 0.904687 0.967187 0.903125 0.965625 0.903125 0.959375 0.901563 0.957812 0.903125 0.956250 0.903125 0.953125 0.904687 0.951562 0.904687 0.948438 0.903125 0.946875 0.903125 0.937500 0.904687 0.935937 0.904687 0.928125 0.903125 0.926562 0.903125 0.923438 0.904687 0.921875 0.904687 0.906250 0.906250 0.904687 0.906250 0.901563 0.904687 0.900000 0.904687 0.892188 0.907813 0.889062 0.912500 0.889062 0.915625 0.892188 0.912500 0.895312 0.912500 0.896875 0.910937 0.898438 0.910937 0.903125 0.912500 0.904687 0.914062 0.904687 0.915625 0.906250 0.918750 0.906250 0.920312 0.904687 0.920312 0.896875 0.918750 0.895312 0.918750 0.892188 0.921875 0.889062 0.929688 0.889062 0.931250 0.890625 0.934375 0.890625 0.935937 0.889062 0.937500 0.889062 0.939063 0.887500 0.943750 0.887500 0.945312 0.889062 0.951562 0.889062 0.953125 0.887500 0.957812 0.887500 0.959375 0.889062 0.962500 0.889062 0.964063 0.890625 0.965625 0.890625 0.967187 0.889062 0.968750 0.889062 0.970313 0.887500 0.973437 0.887500 0.975000 0.889062 0.976562 0.889062 0.978125 0.890625 0.982812 0.890625 0.984375 0.892188 0.984375 0.896875 0.982812 0.898438 0.982812 0.900000 0.981250 0.901563 0.978125 0.901563 0.978125 0.903125 0.979688 0.904687 0.989062 0.904687 0.990625 0.906250 0.992188 0.906250 0.993750 0.907813 0.992188 0.909375 0.992188 0.910937 0.990625 0.912500 0.989062 0.912500 0.987500 0.914062 0.987500 0.917188 0.985938 0.918750 0.990625 0.918750 0.992188 0.920312 0.992188 0.921875 0.993750 0.923438 0.996875 0.920312 0.998437 0.920312 0.998437 0.917188 0.996875 0.917188 0.993750 0.914062 0.993750 0.907813 0.995313 0.906250 0.996875 0.906250 0.998437 0.904687 0.998437 0.898438 0.996875 0.898438 0.995313 0.896875 0.995313 0.895312 0.998437 0.892188 0.998437 0.767188 0.995313 0.764062 0.995313 0.762500 0.993750 0.762500 0.992188 0.760938 0.990625 0.760938 0.989062 0.759375 0.984375 0.759375 0.982812 0.757812 0.979688 0.757812 0.978125 0.756250 0.976562 0.756250 0.967187 0.746875 0.965625 0.746875 0.964063 0.745313 0.960938 0.745313 0.959375 0.743750 0.954688 0.743750 0.953125 0.742188 0.948438 0.742188 0.946875 0.740625 0.942187 0.740625 0.940625 0.739062 0.939063 0.739062 0.937500 0.737500 0.935937 0.737500 0.925000 0.726562 0.923438 0.726562 0.920312 0.723437 0.918750 0.723437 0.914062 0.718750 0.914062 0.715625 0.912500 0.714063 0.912500 0.712500 0.910937 0.710938 0.909375 0.710938 0.907813 0.709375 0.906250 0.709375 0.903125 0.706250 0.900000 0.706250 0.898438 0.704688 0.898438 0.703125 0.896875 0.701562 0.893750 0.701562 0.892188 0.700000 0.890625 0.700000 0.887500 0.696875 0.885938 0.696875 0.879687 0.690625 0.878125 0.690625 0.875000 0.687500 0.875000 0.685937 0.871875 0.682813 0.870313 0.682813 0.867188 0.679688 0.865625 0.679688 0.864062 0.678125 0.862500 0.678125 0.860938 0.676562 0.859375 0.676562 0.848437 0.665625 0.846875 0.665625 0.842187 0.660937 0.840625 0.660937 0.839063 0.659375 0.837500 0.659375 0.832812 0.654687 0.828125 0.654687 0.826562 0.653125 0.825000 0.653125 0.817187 0.645312 0.817187 0.643750 0.815625 0.643750 0.814063 0.642188 0.814063 0.640625 0.812500 0.639062 0.810937 0.639062 0.809375 0.637500 0.807813 0.637500 0.804688 0.634375 0.803125 0.634375 0.801562 0.632812 0.792188 0.632812 0.790625 0.631250 0.775000 0.631250 0.771875 0.628125 0.770312 0.628125 0.765625 0.623437 0.765625 0.621875 0.764062 0.620313 0.764062 0.618750 0.760938 0.615625 0.760938 0.606250 0.759375 0.604688 0.759375 0.601562 0.757812 0.600000 0.757812 0.598437 0.754687 0.595313 0.753125 0.595313 0.748437 0.590625 0.746875 0.590625 0.742188 0.585938 0.742188 0.584375 0.735938 0.578125 0.735938 0.576562 0.732812 0.573438 0.732812 0.571875 0.731250 0.570312 0.731250 0.568750 0.729688 0.567187 0.729688 0.565625 0.728125 0.564063 0.728125 0.560937 0.726562 0.559375 0.726562 0.554688 0.725000 0.553125 0.725000 0.551562 0.723437 0.550000 0.723437 0.548438 0.720313 0.545312 0.720313 0.543750 0.718750 0.542188 0.718750 0.537500 0.717187 0.535937 0.717187 0.532813 0.718750 0.531250 0.718750 0.523438 0.720313 0.521875 0.720313 0.517188 0.721875 0.515625 0.721875 0.503125 0.723437 0.501563 0.723437 0.500000 0.725000 0.498437 0.725000 0.496875 0.726562 0.495312 0.726562 0.493750 0.728125 0.492188 0.731250 0.492188 0.732812 0.490625 0.734375 0.490625 0.735938 0.489063 0.739062 0.489063 0.745313 0.482812 0.746875 0.482812 0.748437 0.481250 0.750000 0.481250 0.751563 0.479687 0.753125 0.479687 0.756250 0.476562 0.757812 0.476562 0.759375 0.475000 0.762500 0.475000 0.764062 0.473438 0.765625 0.473438 0.767188 0.471875 0.768750 0.471875 0.773438 0.467187 0.775000 0.467187 0.776563 0.465625 0.778125 0.465625 0.782813 0.460938 0.784375 0.460938 0.785937 0.459375 0.789062 0.459375 0.790625 0.457813 0.793750 0.457813 0.795312 0.456250 0.796875 0.456250 0.798438 0.454688 0.803125 0.454688 0.804688 0.453125 0.807813 0.453125 0.809375 0.451562 0.817187 0.451562 0.818750 0.450000 0.820312 0.450000 0.821875 0.448437 0.825000 0.448437 0.826562 0.446875 0.837500 0.446875 0.839063 0.445312 0.842187 0.445312 0.843750 0.443750 0.853125 0.443750 0.854688 0.442188 0.859375 0.442188 0.860938 0.440625 0.865625 0.440625 0.867188 0.439063 0.870313 0.439063 0.871875 0.437500 0.881250 0.437500 0.882812 0.435937 0.887500 0.435937 0.890625 0.432812 0.900000 0.432812 0.903125 0.429688 0.914062 0.429688 0.915625 0.428125 0.928125 0.428125 0.929688 0.426563 0.934375 0.426563 0.934375 0.425000 0.935937 0.423438 0.935937 0.421875 0.937500 0.420312 0.937500 0.415625 0.940625 0.412500 0.942187 0.412500 0.943750 0.410938 0.943750 0.409375 0.946875 0.406250 0.946875 0.404687 0.950000 0.401562 0.960938 0.401562 0.962500 0.400000 0.981250 0.400000 0.982812 0.398438 0.985938 0.398438 0.987500 0.400000 0.992188 0.400000 0.993750 0.398438 0.995313 0.398438 0.998437 0.395313 0.998437 0.390625 0.995313 0.390625 0.993750 0.389062 0.992188 0.389062 0.990625 0.387500 0.993750 0.384375 0.993750 0.381250 0.992188 0.379688 0.992188 0.378125 0.990625 0.376563