0 0.965625 0.982812 0.964063 0.984375 0.962500 0.984375 0.962500 0.985938 0.960938 0.987500 0.960938 0.993750 0.965625 0.993750
0 0.950000 0.965625 0.950000 0.967187 0.948438 0.968750 0.946875 0.968750 0.946875 0.970313 0.945312 0.971875 0.945312 0.979688 0.946875 0.981250 0.945312 0.982812 0.945312 0.987500 0.943750 0.989062 0.943750 0.992188 0.945312 0.993750 0.950000 0.993750 0.951562 0.992188 0.950000 0.990625 0.950000 0.989062 0.951562 0.987500 0.951562 0.982812 0.950000 0.981250 0.950000 0.978125 0.948438 0.976562 0.948438 0.970313 0.950000 0.968750
0 0.984375 0.946875 0.985938 0.948438 0.987500 0.946875
0 0.993750 0.929688 0.992188 0.931250 0.993750 0.931250
0 0.984375 0.914062 0.984375 0.917188 0.982812 0.918750 0.985938 0.918750 0.989062 0.915625 0.990625 0.915625 0.992188 0.917188 0.993750 0.917188 0.993750 0.914062 0.992188 0.914062 0.990625 0.915625 0.989062 0.915625 0.987500 0.914062
0 0.978125 0.893750 0.976562 0.895312 0.976562 0.900000 0.975000 0.901563 0.975000 0.903125 0.976562 0.903125 0.978125 0.904687 0.982812 0.904687 0.984375 0.906250 0.985938 0.906250 0.987500 0.904687 0.993750 0.904687 0.995313 0.903125 0.995313 0.900000 0.993750 0.898438 0.993750 0.896875 0.992188 0.895312 0.990625 0.896875 0.989062 0.896875 0.985938 0.893750 0.984375 0.893750 0.984375 0.895312 0.981250 0.898438 0.979688 0.896875 0.979688 0.895312
0 0.035937 0.843750 0.034375 0.845313 0.035937 0.846875 0.037500 0.845313
0 0.029687 0.843750 0.028125 0.845313 0.028125 0.848437 0.029687 0.848437 0.031250 0.846875 0.031250 0.845313
0 0.043750 0.803125 0.043750 0.804688 0.042188 0.806250 0.042188 0.812500 0.043750 0.814063 0.045312 0.814063 0.045312 0.807813 0.043750 0.806250
0 0.050000 0.796875 0.050000 0.798438 0.048438 0.800000 0.048438 0.801562 0.053125 0.801562 0.053125 0.796875
0 0.051562 0.781250 0.050000 0.782813 0.050000 0.784375 0.053125 0.784375 0.053125 0.781250
0 0.051562 0.765625 0.051562 0.768750 0.053125 0.768750 0.053125 0.765625
0 0.051562 0.750000 0.050000 0.751563 0.051562 0.753125 0.053125 0.751563 0.053125 0.750000
0 0.050000 0.734375 0.050000 0.737500 0.053125 0.737500 0.053125 0.734375
0 0.051562 0.718750 0.051562 0.720313 0.053125 0.720313
0 0.023438 0.718750 0.021875 0.720313 0.012500 0.720313 0.012500 0.721875 0.014063 0.721875 0.015625 0.720313 0.018750 0.720313 0.020313 0.721875 0.028125 0.721875 0.028125 0.720313 0.026562 0.718750
0 0.010937 0.704688 0.012500 0.706250 0.014063 0.704688
0 0.050000 0.687500 0.050000 0.689063 0.051562 0.690625 0.053125 0.689063 0.053125 0.687500
0 0.051562 0.667188 0.048438 0.670312 0.050000 0.671875 0.050000 0.675000 0.053125 0.675000 0.053125 0.671875 0.054688 0.670312
0 0.051562 0.634375 0.051562 0.635938 0.050000 0.637500 0.050000 0.642188 0.048438 0.643750 0.046875 0.643750 0.045312 0.642188 0.046875 0.643750 0.046875 0.645312 0.050000 0.645312 0.051562 0.643750 0.053125 0.643750 0.053125 0.640625 0.054688 0.639062 0.054688 0.637500
0 0.940625 0.557813 0.939063 0.559375 0.937500 0.559375 0.939063 0.560937 0.943750 0.560937 0.946875 0.564063 0.946875 0.567187 0.948438 0.565625 0.948438 0.564063 0.951562 0.560937 0.965625 0.560937 0.965625 0.557813 0.953125 0.557813 0.951562 0.559375 0.948438 0.559375 0.946875 0.557813
0 0.895312 0.554688 0.893750 0.556250 0.892188 0.556250 0.892188 0.557813 0.890625 0.559375 0.895312 0.564063 0.896875 0.564063 0.896875 0.557813 0.895312 0.556250
0 0.960938 0.551562 0.960938 0.553125 0.964063 0.553125 0.964063 0.551562
0 0.929688 0.551562 0.928125 0.553125 0.923438 0.553125 0.923438 0.557813 0.921875 0.559375 0.923438 0.560937 0.928125 0.560937 0.929688 0.559375 0.928125 0.557813 0.928125 0.554688 0.931250 0.551562
0 0.946875 0.550000 0.945312 0.551562 0.945312 0.553125 0.948438 0.553125 0.950000 0.551562 0.948438 0.551562
0 0.893750 0.548438 0.895312 0.550000 0.895312 0.548438
0 0.943750 0.542188 0.942187 0.543750 0.940625 0.543750 0.943750 0.543750 0.945312 0.545312 0.950000 0.545312 0.951562 0.543750 0.950000 0.542188
0 0.879687 0.540625 0.878125 0.542188 0.876563 0.542188 0.876563 0.543750 0.878125 0.543750 0.879687 0.545312 0.882812 0.545312 0.884375 0.546875 0.885938 0.546875 0.885938 0.543750 0.882812 0.543750
0 0.945312 0.535937 0.945312 0.539062 0.948438 0.539062 0.950000 0.537500 0.948438 0.535937
0 0.929688 0.535937 0.929688 0.537500 0.935937 0.537500 0.934375 0.535937
0 0.915625 0.535937 0.915625 0.537500 0.918750 0.537500 0.918750 0.535937
0 0.867188 0.531250 0.867188 0.532813 0.868750 0.532813 0.868750 0.531250
0 0.940625 0.503125 0.939063 0.504687 0.942187 0.507812 0.945312 0.504687 0.946875 0.504687 0.945312 0.503125
0 0.939063 0.495312 0.937500 0.496875 0.937500 0.498437 0.939063 0.500000 0.942187 0.500000 0.943750 0.498437 0.943750 0.496875 0.942187 0.495312
0 0.860938 0.495312 0.859375 0.496875 0.862500 0.500000 0.865625 0.500000 0.868750 0.503125 0.870313 0.501563 0.870313 0.498437 0.868750 0.496875 0.867188 0.496875 0.865625 0.495312
0 0.962500 0.468750 0.960938 0.470313 0.962500 0.471875 0.964063 0.470313
0 0.943750 0.468750 0.943750 0.470313 0.945312 0.471875 0.946875 0.471875 0.948438 0.470313 0.946875 0.468750
0 0.867188 0.467187 0.865625 0.468750 0.860938 0.468750 0.862500 0.470313 0.867188 0.470313 0.868750 0.471875 0.870313 0.470313 0.871875 0.470313 0.871875 0.468750 0.870313 0.468750 0.868750 0.467187
0 0.817187 0.462500 0.815625 0.464062 0.812500 0.464062 0.810937 0.465625 0.807813 0.465625 0.806250 0.464062 0.796875 0.464062 0.795312 0.465625 0.792188 0.465625 0.790625 0.464062 0.789062 0.464062 0.787500 0.465625 0.781250 0.465625 0.782813 0.467187 0.784375 0.467187 0.787500 0.470313 0.789062 0.470313 0.792188 0.473438 0.795312 0.473438 0.796875 0.471875 0.798438 0.471875 0.801562 0.468750 0.803125 0.470313 0.803125 0.473438 0.806250 0.476562 0.810937 0.476562 0.812500 0.478125 0.812500 0.479687 0.810937 0.481250 0.815625 0.481250 0.817187 0.482812 0.818750 0.482812 0.821875 0.479687 0.825000 0.482812 0.831250 0.482812 0.832812 0.484375 0.834375 0.484375 0.835938 0.482812 0.840625 0.482812 0.842187 0.484375 0.851562 0.484375 0.853125 0.482812 0.857812 0.482812 0.859375 0.484375 0.859375 0.485938 0.860938 0.485938 0.860938 0.484375 0.862500 0.482812 0.862500 0.481250 0.853125 0.481250 0.851562 0.479687 0.850000 0.479687 0.848437 0.478125 0.846875 0.478125 0.845313 0.476562 0.842187 0.476562 0.839063 0.473438 0.831250 0.473438 0.829688 0.475000 0.828125 0.473438 0.823438 0.473438 0.821875 0.471875 0.820312 0.471875 0.818750 0.473438 0.814063 0.473438 0.810937 0.470313 0.812500 0.468750 0.814063 0.468750 0.815625 0.467187 0.821875 0.467187 0.821875 0.465625 0.820312 0.465625
0 0.775000 0.454688 0.775000 0.456250 0.776563 0.454688 0.778125 0.454688
0 0.853125 0.453125 0.851562 0.454688 0.851562 0.457813 0.853125 0.457813
0 0.960938 0.451562 0.960938 0.456250 0.962500 0.457813 0.964063 0.457813 0.964063 0.451562
0 0.885938 0.450000 0.887500 0.451562 0.889062 0.450000
0 0.860938 0.448437 0.859375 0.450000 0.859375 0.453125 0.862500 0.453125 0.867188 0.457813 0.870313 0.457813 0.871875 0.456250 0.873437 0.456250 0.879687 0.462500 0.878125 0.464062 0.878125 0.467187 0.881250 0.470313 0.882812 0.470313 0.881250 0.468750 0.881250 0.465625 0.879687 0.464062 0.879687 0.462500 0.882812 0.459375 0.884375 0.459375 0.885938 0.457813 0.884375 0.456250 0.882812 0.456250 0.881250 0.454688 0.881250 0.451562 0.879687 0.451562 0.879687 0.453125 0.876563 0.456250 0.875000 0.456250 0.873437 0.454688 0.873437 0.453125 0.871875 0.451562 0.868750 0.451562 0.865625 0.448437
0 0.939063 0.446875 0.935937 0.450000 0.901563 0.450000 0.900000 0.448437 0.898438 0.448437 0.896875 0.450000 0.893750 0.450000 0.893750 0.451562 0.896875 0.454688 0.895312 0.456250 0.892188 0.456250 0.890625 0.457813 0.895312 0.462500 0.895312 0.465625 0.895312 0.464062 0.900000 0.459375 0.906250 0.459375 0.907813 0.460938 0.909375 0.460938 0.910937 0.462500 0.910937 0.468750 0.914062 0.471875 0.915625 0.471875 0.917188 0.470313 0.917188 0.468750 0.912500 0.464062 0.912500 0.462500 0.914062 0.460938 0.915625 0.460938 0.917188 0.459375 0.921875 0.459375 0.925000 0.462500 0.921875 0.465625 0.921875 0.468750 0.923438 0.470313 0.928125 0.470313 0.931250 0.473438 0.931250 0.471875 0.932813 0.470313 0.928125 0.465625 0.928125 0.464062 0.926562 0.462500 0.929688 0.459375 0.932813 0.459375 0.934375 0.457813 0.939063 0.462500 0.939063 0.464062 0.937500 0.465625 0.937500 0.468750 0.940625 0.468750 0.940625 0.465625 0.939063 0.464062 0.939063 0.460938 0.940625 0.459375 0.940625 0.456250 0.939063 0.454688 0.940625 0.453125 0.942187 0.453125 0.945312 0.456250 0.945312 0.457813 0.948438 0.457813 0.948438 0.451562 0.943750 0.451562
0 0.784375 0.429688 0.782813 0.431250 0.782813 0.434375 0.787500 0.434375 0.787500 0.431250 0.785937 0.429688
0 0.768750 0.423438 0.773438 0.428125 0.776563 0.428125 0.778125 0.426563 0.779687 0.426563 0.776563 0.423438
0 0.759375 0.423438 0.759375 0.425000 0.762500 0.425000 0.764062 0.423438
0 0.878125 0.421875 0.878125 0.423438 0.881250 0.423438 0.882812 0.425000 0.884375 0.423438 0.885938 0.423438 0.884375 0.421875
0 0.925000 0.420312 0.923438 0.421875 0.923438 0.423438 0.931250 0.423438 0.929688 0.421875 0.928125 0.421875 0.926562 0.420312
0 0.909375 0.418750 0.907813 0.420312 0.907813 0.421875 0.909375 0.423438 0.907813 0.425000 0.907813 0.426563 0.909375 0.425000 0.915625 0.425000 0.915625 0.421875 0.914062 0.421875 0.910937 0.418750
0 0.860938 0.418750 0.860938 0.421875 0.862500 0.423438 0.871875 0.423438 0.870313 0.421875 0.867188 0.421875 0.864062 0.418750
0 0.879687 0.406250 0.881250 0.407813 0.882812 0.407813 0.882812 0.406250
0 0.864062 0.404687 0.864062 0.407813 0.868750 0.407813 0.868750 0.406250 0.867188 0.406250 0.865625 0.404687
0 0.957812 0.403125 0.960938 0.406250 0.962500 0.406250 0.962500 0.403125
0 0.925000 0.403125 0.925000 0.404687 0.926562 0.406250 0.926562 0.407813 0.929688 0.407813 0.929688 0.406250 0.928125 0.404687 0.928125 0.403125
0 0.910937 0.403125 0.909375 0.404687 0.909375 0.406250 0.910937 0.407813 0.912500 0.407813 0.912500 0.404687
0 0.893750 0.403125 0.893750 0.406250 0.895312 0.407813 0.896875 0.407813 0.896875 0.404687 0.895312 0.403125
0 0.764062 0.403125 0.764062 0.404687 0.767188 0.404687 0.767188 0.403125
0 0.720313 0.401562 0.720313 0.404687 0.721875 0.404687 0.725000 0.407813 0.731250 0.407813 0.731250 0.406250 0.729688 0.406250 0.728125 0.404687 0.725000 0.404687 0.723437 0.403125 0.723437 0.401562
0 0.832812 0.389062 0.832812 0.392188 0.837500 0.392188 0.837500 0.390625 0.835938 0.389062
0 0.864062 0.385937 0.862500 0.387500 0.860938 0.387500 0.860938 0.390625 0.862500 0.392188 0.862500 0.393750 0.865625 0.393750 0.867188 0.395313 0.868750 0.395313 0.871875 0.392188 0.871875 0.390625 0.870313 0.390625 0.868750 0.389062 0.867188 0.389062
0 0.735938 0.381250 0.735938 0.384375 0.734375 0.385937 0.734375 0.390625 0.732812 0.392188 0.734375 0.393750 0.734375 0.403125 0.735938 0.404687 0.754687 0.404687 0.756250 0.406250 0.759375 0.406250 0.760938 0.404687 0.760938 0.403125 0.757812 0.400000 0.757812 0.396875 0.754687 0.396875 0.753125 0.395313 0.750000 0.395313 0.746875 0.398438 0.745313 0.396875 0.745313 0.395313 0.743750 0.395313 0.742188 0.393750 0.740625 0.393750 0.739062 0.392188 0.739062 0.390625 0.740625 0.389062 0.742188 0.389062 0.742188 0.387500 0.740625 0.387500 0.739062 0.385937 0.737500 0.385937 0.735938 0.384375
0 0.757812 0.375000 0.756250 0.376563 0.759375 0.376563 0.759375 0.375000
0 0.720313 0.375000 0.718750 0.376563 0.718750 0.379688 0.720313 0.381250 0.720313 0.384375 0.718750 0.385937 0.718750 0.387500 0.721875 0.390625 0.725000 0.390625 0.726562 0.392188 0.728125 0.392188 0.728125 0.390625 0.726562 0.389062 0.726562 0.387500 0.725000 0.385937 0.725000 0.382812 0.728125 0.379688 0.728125 0.376563 0.726562 0.375000
0 0.817187 0.371875 0.817187 0.375000 0.818750 0.375000 0.820312 0.373437 0.818750 0.371875
0 0.801562 0.371875 0.801562 0.373437 0.804688 0.373437 0.803125 0.371875
0 0.785937 0.370312 0.784375 0.371875 0.782813 0.371875 0.784375 0.373437 0.787500 0.373437 0.787500 0.371875
0 0.704688 0.368750 0.703125 0.370312 0.703125 0.375000 0.704688 0.376563 0.704688 0.379688 0.706250 0.379688 0.707812 0.381250 0.710938 0.381250 0.712500 0.379688 0.712500 0.378125 0.714063 0.376563 0.714063 0.375000 0.715625 0.373437 0.715625 0.371875 0.712500 0.368750
0 0.898438 0.359375 0.900000 0.360938 0.901563 0.360938 0.900000 0.359375
0 0.960938 0.357812 0.962500 0.359375 0.962500 0.357812
0 0.945312 0.356250 0.945312 0.359375 0.946875 0.360938 0.946875 0.356250
0 0.921875 0.356250 0.923438 0.357812 0.925000 0.357812 0.925000 0.356250
0 0.906250 0.356250 0.907813 0.357812 0.910937 0.357812 0.912500 0.359375 0.912500 0.360938 0.917188 0.360938 0.917188 0.359375 0.915625 0.357812 0.910937 0.357812 0.909375 0.356250
0 0.785937 0.354687 0.784375 0.356250 0.782813 0.356250 0.782813 0.359375 0.779687 0.362500 0.778125 0.362500 0.776563 0.360938 0.775000 0.360938 0.771875 0.364063 0.767188 0.364063 0.767188 0.370312 0.765625 0.371875 0.765625 0.373437 0.773438 0.373437 0.773438 0.371875 0.771875 0.371875 0.770312 0.370312 0.768750 0.370312 0.767188 0.368750 0.768750 0.367188 0.771875 0.367188 0.773438 0.365625 0.776563 0.365625 0.778125 0.364063 0.779687 0.364063 0.781250 0.365625 0.784375 0.365625 0.785937 0.367188 0.787500 0.365625 0.790625 0.365625 0.792188 0.364063 0.792188 0.360938 0.793750 0.359375 0.800000 0.359375 0.801562 0.360938 0.801562 0.362500 0.800000 0.364063 0.801562 0.364063 0.803125 0.365625 0.807813 0.365625 0.809375 0.364063 0.815625 0.364063 0.817187 0.365625 0.828125 0.365625 0.831250 0.368750 0.831250 0.370312 0.828125 0.373437 0.829688 0.375000 0.829688 0.378125 0.831250 0.378125 0.832812 0.379688 0.837500 0.379688 0.842187 0.375000 0.845313 0.375000 0.846875 0.376563 0.846875 0.378125 0.845313 0.379688 0.851562 0.379688 0.856250 0.375000 0.859375 0.378125 0.859375 0.379688 0.860938 0.381250 0.868750 0.381250 0.870313 0.379688 0.875000 0.379688 0.876563 0.381250 0.878125 0.381250 0.879687 0.382812 0.879687 0.385937 0.878125 0.387500 0.878125 0.389062 0.879687 0.390625 0.879687 0.392188 0.882812 0.392188 0.884375 0.390625 0.884375 0.389062 0.879687 0.384375 0.882812 0.381250 0.885938 0.381250 0.887500 0.379688 0.890625 0.382812 0.892188 0.382812 0.893750 0.384375 0.890625 0.387500 0.890625 0.389062 0.892188 0.390625 0.892188 0.395313 0.898438 0.395313 0.898438 0.393750 0.901563 0.390625 0.904687 0.390625 0.907813 0.393750 0.907813 0.395313 0.915625 0.395313 0.915625 0.393750 0.917188 0.392188 0.920312 0.392188 0.921875 0.393750 0.921875 0.395313 0.923438 0.396875 0.926562 0.396875 0.928125 0.395313 0.931250 0.395313 0.932813 0.393750 0.932813 0.392188 0.934375 0.390625 0.937500 0.393750 0.937500 0.395313 0.939063 0.396875 0.940625 0.396875 0.942187 0.398438 0.942187 0.401562 0.940625 0.403125 0.940625 0.407813 0.946875 0.407813 0.946875 0.406250 0.945312 0.404687 0.945312 0.403125 0.942187 0.400000 0.942187 0.398438 0.943750 0.396875 0.948438 0.396875 0.950000 0.395313 0.951562 0.395313 0.953125 0.396875 0.956250 0.396875 0.957812 0.398438 0.960938 0.398438 0.962500 0.396875 0.965625 0.396875 0.965625 0.395313 0.964063 0.395313 0.962500 0.393750 0.959375 0.393750 0.957812 0.395313 0.956250 0.393750 0.953125 0.393750 0.951562 0.395313 0.950000 0.395313 0.946875 0.392188 0.950000 0.389062 0.948438 0.387500 0.931250 0.387500 0.929688 0.385937 0.928125 0.385937 0.926562 0.384375 0.925000 0.385937 0.920312 0.385937 0.918750 0.384375 0.917188 0.385937 0.914062 0.385937 0.912500 0.384375 0.915625 0.381250 0.915625 0.379688 0.903125 0.379688 0.901563 0.378125 0.893750 0.378125 0.892188 0.376563 0.887500 0.376563 0.885938 0.375000 0.885938 0.373437 0.884375 0.371875 0.873437 0.371875 0.871875 0.370312 0.867188 0.370312 0.865625 0.368750 0.859375 0.368750 0.857812 0.370312 0.851562 0.370312 0.850000 0.368750 0.850000 0.365625 0.846875 0.365625 0.845313 0.364063 0.839063 0.364063 0.837500 0.362500 0.823438 0.362500 0.821875 0.360938 0.821875 0.357812 0.820312 0.356250 0.818750 0.357812 0.817187 0.356250 0.803125 0.356250 0.801562 0.354687 0.798438 0.354687 0.796875 0.356250 0.789062 0.356250 0.787500 0.354687
0 0.845313 0.340625 0.845313 0.342187 0.848437 0.342187 0.848437 0.340625
0 0.957812 0.339062 0.956250 0.340625 0.953125 0.340625 0.953125 0.342187 0.954688 0.343750 0.956250 0.343750 0.960938 0.348438 0.962500 0.348438 0.965625 0.345313 0.965625 0.343750 0.967187 0.342187 0.967187 0.340625 0.964063 0.340625 0.962500 0.342187 0.960938 0.340625 0.959375 0.340625
0 0.910937 0.325000 0.910937 0.326562 0.912500 0.326562 0.914062 0.325000
0 0.942187 0.317188 0.942187 0.320312 0.943750 0.318750 0.943750 0.317188
0 0.796875 0.317188 0.795312 0.318750 0.796875 0.320312 0.796875 0.325000 0.793750 0.328125 0.792188 0.328125 0.790625 0.326562 0.785937 0.326562 0.784375 0.328125 0.784375 0.329688 0.785937 0.329688 0.787500 0.331250 0.790625 0.331250 0.792188 0.329688 0.796875 0.329688 0.798438 0.331250 0.807813 0.331250 0.809375 0.329688 0.810937 0.329688 0.814063 0.332813 0.815625 0.332813 0.817187 0.331250 0.826562 0.331250 0.829688 0.334375 0.831250 0.334375 0.832812 0.332813 0.837500 0.332813 0.839063 0.331250 0.840625 0.331250 0.843750 0.334375 0.853125 0.334375 0.854688 0.332813 0.856250 0.332813 0.859375 0.335938 0.859375 0.342187 0.860938 0.343750 0.862500 0.343750 0.864062 0.345313 0.865625 0.345313 0.867188 0.346875 0.870313 0.346875 0.871875 0.345313 0.873437 0.345313 0.875000 0.343750 0.876563 0.343750 0.878125 0.345313 0.878125 0.346875 0.881250 0.346875 0.882812 0.348438 0.885938 0.348438 0.887500 0.346875 0.889062 0.346875 0.892188 0.350000 0.900000 0.350000 0.901563 0.348438 0.906250 0.348438 0.907813 0.350000 0.917188 0.350000 0.918750 0.348438 0.920312 0.348438 0.921875 0.350000 0.928125 0.350000 0.929688 0.348438 0.931250 0.348438 0.934375 0.345313 0.939063 0.350000 0.940625 0.348438 0.942187 0.348438 0.943750 0.346875 0.945312 0.346875 0.946875 0.345313 0.945312 0.345313 0.943750 0.343750 0.935937 0.343750 0.934375 0.345313 0.928125 0.345313 0.923438 0.340625 0.918750 0.340625 0.917188 0.339062 0.914062 0.339062 0.912500 0.337500 0.912500 0.335938 0.915625 0.332813 0.914062 0.331250 0.910937 0.331250 0.907813 0.328125 0.906250 0.328125 0.904687 0.329688 0.900000 0.329688 0.901563 0.329688 0.903125 0.331250 0.907813 0.331250 0.909375 0.332813 0.909375 0.334375 0.906250 0.337500 0.904687 0.337500 0.903125 0.339062 0.898438 0.339062 0.895312 0.335938 0.890625 0.335938 0.889062 0.334375 0.889062 0.331250 0.890625 0.329688 0.889062 0.329688 0.887500 0.328125 0.885938 0.328125 0.884375 0.329688 0.882812 0.328125 0.881250 0.328125 0.878125 0.325000 0.878125 0.323437 0.879687 0.321875 0.875000 0.321875 0.875000 0.323437 0.876563 0.325000 0.875000 0.326562 0.875000 0.328125 0.873437 0.329688 0.868750 0.329688 0.865625 0.326562 0.865625 0.323437 0.867188 0.321875 0.868750 0.321875 0.868750 0.320312 0.867188 0.320312 0.865625 0.321875 0.864062 0.321875 0.862500 0.320312 0.859375 0.320312 0.857812 0.321875 0.854688 0.321875 0.853125 0.320312 0.851562 0.320312 0.850000 0.321875 0.848437 0.321875 0.851562 0.325000 0.850000 0.326562 0.843750 0.326562 0.842187 0.328125 0.840625 0.328125 0.839063 0.326562 0.837500 0.326562 0.835938 0.325000 0.839063 0.321875 0.837500 0.321875 0.835938 0.320312 0.834375 0.321875 0.832812 0.321875 0.831250 0.320312 0.828125 0.320312 0.826562 0.321875 0.823438 0.321875 0.821875 0.320312 0.820312 0.320312 0.818750 0.318750 0.815625 0.318750 0.814063 0.317188 0.812500 0.318750 0.812500 0.323437 0.814063 0.325000 0.810937 0.328125 0.809375 0.328125 0.807813 0.326562 0.806250 0.326562 0.804688 0.325000 0.804688 0.321875 0.807813 0.318750 0.807813 0.317188
0 0.765625 0.317188 0.765625 0.318750 0.768750 0.318750 0.770312 0.320312 0.770312 0.329688 0.771875 0.331250 0.773438 0.331250 0.775000 0.329688 0.779687 0.329688 0.779687 0.328125 0.773438 0.328125 0.770312 0.325000 0.770312 0.321875 0.771875 0.320312 0.773438 0.320312 0.775000 0.318750 0.785937 0.318750 0.787500 0.320312 0.790625 0.320312 0.792188 0.318750 0.790625 0.317188 0.787500 0.317188 0.785937 0.318750 0.784375 0.317188
0 0.757812 0.317188 0.759375 0.318750 0.759375 0.317188
0 0.928125 0.315625 0.926562 0.317188 0.925000 0.317188 0.925000 0.321875 0.926562 0.323437 0.928125 0.323437 0.931250 0.320312 0.931250 0.315625
0 0.912500 0.314063 0.912500 0.317188 0.915625 0.317188 0.915625 0.314063
0 0.567187 0.312500 0.565625 0.314063 0.553125 0.314063 0.551562 0.315625 0.551562 0.318750 0.553125 0.320312 0.550000 0.323437 0.546875 0.323437 0.543750 0.326562 0.542188 0.326562 0.540625 0.328125 0.539062 0.328125 0.539062 0.329688 0.535937 0.332813 0.534375 0.332813 0.526563 0.340625 0.525000 0.340625 0.525000 0.343750 0.518750 0.350000 0.517188 0.350000 0.515625 0.351562 0.512500 0.351562 0.510938 0.353125 0.509375 0.353125 0.509375 0.356250 0.504687 0.360938 0.503125 0.360938 0.501563 0.362500 0.498437 0.362500 0.496875 0.364063 0.479687 0.364063 0.478125 0.362500 0.476562 0.364063 0.473438 0.364063 0.471875 0.365625 0.471875 0.367188 0.468750 0.370312 0.468750 0.371875 0.467187 0.373437 0.465625 0.373437 0.464062 0.375000 0.456250 0.375000 0.454688 0.373437 0.454688 0.371875 0.453125 0.371875 0.451562 0.370312 0.448437 0.370312 0.446875 0.368750 0.443750 0.368750 0.442188 0.367188 0.440625 0.367188 0.439063 0.365625 0.428125 0.365625 0.426563 0.367188 0.417187 0.367188 0.415625 0.365625 0.414062 0.365625 0.412500 0.367188 0.409375 0.367188 0.407813 0.365625 0.404687 0.365625 0.403125 0.364063 0.390625 0.364063 0.389062 0.362500 0.375000 0.362500 0.373437 0.364063 0.370312 0.364063 0.368750 0.362500 0.365625 0.362500 0.364063 0.364063 0.351562 0.364063 0.350000 0.365625 0.348438 0.365625 0.346875 0.367188 0.342187 0.367188 0.340625 0.368750 0.334375 0.368750 0.332813 0.370312 0.328125 0.370312 0.326562 0.368750 0.325000 0.368750 0.323437 0.370312 0.318750 0.370312 0.317188 0.368750 0.315625 0.370312 0.314063 0.370312 0.312500 0.368750 0.298438 0.368750 0.296875 0.367188 0.289062 0.367188 0.287500 0.365625 0.284375 0.365625 0.282813 0.364063 0.243750 0.364063 0.242188 0.365625 0.239063 0.365625 0.237500 0.367188 0.235937 0.367188 0.234375 0.368750 0.232813 0.368750 0.231250 0.370312 0.226562 0.370312 0.225000 0.371875 0.207813 0.371875 0.206250 0.373437 0.206250 0.376563 0.204687 0.378125 0.201563 0.378125 0.198437 0.381250 0.196875 0.381250 0.190625 0.387500 0.185938 0.387500 0.184375 0.389062 0.184375 0.395313 0.185938 0.396875 0.185938 0.398438 0.187500 0.400000 0.185938 0.401562 0.185938 0.403125 0.189062 0.403125 0.192188 0.406250 0.196875 0.406250 0.198437 0.407813 0.198437 0.409375 0.200000 0.410938 0.201563 0.410938 0.203125 0.412500 0.204687 0.412500 0.206250 0.414062 0.206250 0.418750 0.207813 0.420312 0.210938 0.420312 0.212500 0.421875 0.212500 0.423438 0.214062 0.423438 0.215625 0.425000 0.217188 0.425000 0.218750 0.426563 0.220312 0.426563 0.221875 0.428125 0.221875 0.432812 0.223438 0.434375 0.221875 0.435937 0.221875 0.439063 0.223438 0.440625 0.223438 0.443750 0.225000 0.445312 0.225000 0.451562 0.226562 0.453125 0.226562 0.459375 0.228125 0.460938 0.228125 0.471875 0.229687 0.473438 0.231250 0.473438 0.232813 0.475000 0.256250 0.475000 0.257812 0.476562 0.259375 0.476562 0.260937 0.475000 0.264062 0.475000 0.265625 0.476562 0.270313 0.476562 0.271875 0.478125 0.276562 0.478125 0.278125 0.476562 0.279687 0.478125 0.281250 0.478125 0.282813 0.479687 0.285938 0.476562 0.287500 0.476562 0.289062 0.478125 0.289062 0.479687 0.295312 0.479687 0.296875 0.481250 0.301563 0.481250 0.303125 0.479687 0.312500 0.479687 0.314063 0.478125 0.317188 0.478125 0.318750 0.476562 0.320312 0.476562 0.321875 0.475000 0.326562 0.475000 0.326562 0.473438 0.328125 0.471875 0.328125 0.470313 0.329688 0.468750 0.331250 0.468750 0.332813 0.470313 0.334375 0.468750 0.334375 0.465625 0.335938 0.464062 0.335938 0.462500 0.337500 0.460938 0.345313 0.460938 0.346875 0.459375 0.365625 0.459375 0.367188 0.460938 0.367188 0.464062 0.364063 0.467187 0.360938 0.464062 0.359375 0.465625 0.354687 0.465625 0.353125 0.464062 0.351562 0.464062 0.350000 0.465625 0.348438 0.465625 0.346875 0.464062 0.340625 0.464062 0.339062 0.465625 0.339062 0.468750 0.340625 0.470313 0.342187 0.468750 0.343750 0.468750 0.345313 0.467187 0.346875 0.468750 0.353125 0.468750 0.357812 0.473438 0.364063 0.473438 0.367188 0.476562 0.367188 0.478125 0.362500 0.482812 0.360938 0.482812 0.359375 0.484375 0.359375 0.485938 0.357812 0.487500 0.357812 0.490625 0.356250 0.492188 0.353125 0.492188 0.351562 0.493750 0.351562 0.495312 0.350000 0.496875 0.350000 0.498437 0.348438 0.500000 0.348438 0.501563 0.345313 0.504687 0.343750 0.504687 0.342187 0.506250 0.337500 0.506250 0.335938 0.507812 0.314063 0.507812 0.312500 0.506250 0.304688 0.506250 0.301563 0.503125 0.292187 0.503125 0.290625 0.504687 0.285938 0.500000 0.282813 0.503125 0.281250 0.503125 0.279687 0.501563 0.278125 0.501563 0.276562 0.503125 0.273438 0.503125 0.271875 0.501563 0.271875 0.500000 0.267188 0.500000 0.265625 0.501563 0.260937 0.501563 0.259375 0.503125 0.256250 0.500000 0.251563 0.500000 0.250000 0.501563 0.248438 0.501563 0.246875 0.503125 0.245312 0.503125 0.243750 0.504687 0.239063 0.500000 0.235937 0.503125 0.232813 0.500000 0.226562 0.500000 0.225000 0.498437 0.221875 0.498437 0.220312 0.500000 0.218750 0.500000 0.217188 0.498437 0.215625 0.498437 0.214062 0.500000 0.212500 0.500000 0.207813 0.504687 0.207813 0.506250 0.204687 0.509375 0.203125 0.509375 0.203125 0.510938 0.200000 0.514062 0.198437 0.514062 0.196875 0.515625 0.195312 0.515625 0.195312 0.517188 0.193750 0.518750 0.192188 0.518750 0.189062 0.521875 0.187500 0.521875 0.185938 0.523438 0.179688 0.523438 0.176563 0.526563 0.175000 0.526563 0.173437 0.528125 0.171875 0.528125 0.168750 0.531250 0.165625 0.531250 0.164062 0.532813 0.162500 0.532813 0.160938 0.534375 0.159375 0.534375 0.157812 0.535937 0.156250 0.535937 0.154688 0.537500 0.153125 0.537500 0.151562 0.539062 0.148438 0.539062 0.146875 0.540625 0.143750 0.540625 0.142187 0.542188 0.140625 0.542188 0.139063 0.543750 0.135937 0.543750 0.134375 0.545312 0.132812 0.545312 0.131250 0.546875 0.128125 0.546875 0.126562 0.548438 0.123438 0.548438 0.121875 0.550000 0.118750 0.550000 0.117188 0.551562 0.114062 0.551562 0.110937 0.554688 0.104688 0.554688 0.103125 0.556250 0.101562 0.556250 0.098437 0.559375 0.095312 0.559375 0.092188 0.562500 0.090625 0.562500 0.089063 0.564063 0.082812 0.564063 0.081250 0.565625 0.078125 0.565625 0.076563 0.567187 0.071875 0.567187 0.070312 0.568750 0.067187 0.568750 0.064062 0.571875 0.057813 0.571875 0.056250 0.573438 0.053125 0.573438 0.051562 0.575000 0.046875 0.575000 0.043750 0.578125 0.042188 0.578125 0.040625 0.576562 0.039062 0.578125 0.037500 0.578125 0.035937 0.579688 0.043750 0.587500 0.043750 0.589063 0.046875 0.585938 0.048438 0.585938 0.051562 0.589063 0.051562 0.592187 0.050000 0.593750 0.046875 0.593750 0.046875 0.596875 0.054688 0.596875 0.056250 0.598437 0.067187 0.598437 0.068750 0.596875 0.070312 0.596875 0.071875 0.598437 0.104688 0.598437 0.106250 0.600000 0.178125 0.600000 0.179688 0.598437 0.182812 0.598437 0.184375 0.600000 0.187500 0.600000 0.189062 0.598437 0.192188 0.598437 0.192188 0.596875 0.193750 0.595313 0.193750 0.592187 0.198437 0.587500 0.200000 0.587500 0.201563 0.585938 0.204687 0.585938 0.206250 0.584375 0.209375 0.584375 0.210938 0.582812 0.243750 0.582812 0.245312 0.584375 0.246875 0.584375 0.250000 0.587500 0.250000 0.590625 0.248438 0.592187 0.248438 0.593750 0.246875 0.595313 0.246875 0.598437 0.243750 0.601562 0.242188 0.601562 0.242188 0.604688 0.235937 0.610938 0.234375 0.610938 0.234375 0.612500 0.229687 0.617188 0.226562 0.617188 0.226562 0.618750 0.225000 0.620313 0.225000 0.621875 0.221875 0.625000 0.220312 0.625000 0.220312 0.626563 0.214062 0.632812 0.212500 0.632812 0.204687 0.640625 0.203125 0.640625 0.200000 0.643750 0.200000 0.645312 0.198437 0.646875 0.196875 0.646875 0.195312 0.648438 0.192188 0.648438 0.190625 0.650000 0.184375 0.650000 0.182812 0.651563 0.179688 0.651563 0.178125 0.650000 0.164062 0.650000 0.162500 0.648438 0.150000 0.648438 0.146875 0.645312 0.146875 0.626563 0.145313 0.625000 0.143750 0.625000 0.142187 0.626563 0.140625 0.626563 0.140625 0.628125 0.139063 0.629687 0.137500 0.629687 0.135937 0.631250 0.134375 0.631250 0.129688 0.626563 0.126562 0.629687 0.120313 0.629687 0.118750 0.631250 0.115625 0.628125 0.115625 0.626563 0.114062 0.625000 0.110937 0.628125 0.107813 0.628125 0.106250 0.629687 0.101562 0.629687 0.100000 0.628125 0.100000 0.626563 0.098437 0.625000 0.096875 0.625000 0.095312 0.626563 0.093750 0.626563 0.090625 0.629687 0.085938 0.629687 0.082812 0.626563 0.082812 0.625000 0.079687 0.628125 0.078125 0.628125 0.076563 0.629687 0.075000 0.629687 0.073438 0.631250 0.073438 0.632812 0.071875 0.634375 0.070312 0.632812 0.070312 0.631250 0.067187 0.628125 0.065625 0.629687 0.062500 0.629687 0.059375 0.632812 0.059375 0.635938 0.057813 0.637500 0.057813 0.639062 0.059375 0.640625 0.059375 0.642188 0.056250 0.645312 0.059375 0.648438 0.059375 0.651563 0.057813 0.653125 0.057813 0.654687 0.059375 0.656250 0.059375 0.659375 0.060937 0.660937 0.060937 0.662500 0.064062 0.662500 0.065625 0.664062 0.065625 0.665625 0.064062 0.667188 0.060937 0.667188 0.060937 0.668750 0.059375 0.670312 0.059375 0.673438 0.057813 0.675000 0.057813 0.676562 0.059375 0.678125 0.064062 0.678125 0.067187 0.681250 0.064062 0.684375 0.062500 0.684375 0.062500 0.685937 0.059375 0.689063 0.059375 0.692187 0.060937 0.693750 0.065625 0.693750 0.067187 0.695312 0.067187 0.696875 0.064062 0.700000 0.062500 0.700000 0.062500 0.701562 0.065625 0.704688 0.064062 0.706250 0.060937 0.706250 0.060937 0.707812 0.064062 0.707812 0.067187 0.710938 0.067187 0.712500 0.062500 0.717187 0.064062 0.718750 0.064062 0.720313 0.062500 0.721875 0.060937 0.720313 0.062500 0.721875 0.062500 0.723437 0.064062 0.723437 0.067187 0.726562 0.067187 0.728125 0.064062 0.731250 0.062500 0.731250 0.059375 0.734375 0.059375 0.739062 0.060937 0.740625 0.064062 0.740625 0.065625 0.742188 0.065625 0.745313 0.064062 0.746875 0.062500 0.746875 0.059375 0.750000 0.059375 0.753125 0.060937 0.754687 0.059375 0.756250 0.059375 0.771875 0.065625 0.771875 0.067187 0.773438 0.067187 0.776563 0.065625 0.778125 0.062500 0.778125 0.059375 0.781250 0.059375 0.785937 0.060937 0.787500 0.065625 0.787500 0.067187 0.789062 0.068750 0.789062 0.071875 0.785937 0.073438 0.787500 0.075000 0.787500 0.076563 0.789062 0.076563 0.790625 0.071875 0.795312 0.062500 0.795312 0.060937 0.796875 0.059375 0.796875 0.059375 0.800000 0.057813 0.801562 0.062500 0.801562 0.064062 0.803125 0.065625 0.803125 0.067187 0.804688 0.067187 0.806250 0.065625 0.807813 0.065625 0.810937 0.064062 0.812500 0.062500 0.812500 0.060937 0.810937 0.059375 0.810937 0.057813 0.812500 0.057813 0.814063 0.056250 0.815625 0.053125 0.812500 0.050000 0.812500 0.050000 0.815625 0.053125 0.815625 0.054688 0.817187 0.056250 0.817187 0.057813 0.818750 0.059375 0.818750 0.062500 0.821875 0.054688 0.829688 0.051562 0.829688 0.050000 0.831250 0.046875 0.831250 0.045312 0.832812 0.048438 0.835938 0.048438 0.837500 0.045312 0.840625 0.045312 0.843750 0.043750 0.845313 0.043750 0.846875 0.042188 0.848437 0.042188 0.850000 0.039062 0.853125 0.035937 0.853125 0.035937 0.854688 0.034375 0.856250 0.032813 0.856250 0.032813 0.857812 0.031250 0.859375 0.029687 0.859375 0.028125 0.860938 0.028125 0.865625 0.026562 0.867188 0.026562 0.868750 0.025000 0.870313 0.021875 0.870313 0.020313 0.868750 0.020313 0.871875 0.018750 0.873437 0.015625 0.873437 0.014063 0.871875 0.014063 0.860938 0.012500 0.859375 0.012500 0.867188 0.014063 0.868750 0.014063 0.871875 0.012500 0.873437 0.010937 0.873437 0.009375 0.875000 0.007812 0.875000 0.006250 0.876563 0.004687 0.876563 0.006250 0.876563 0.007812 0.878125 0.007812 0.879687 0.009375 0.881250 0.009375 0.882812 0.010937 0.884375 0.009375 0.885938 0.009375 0.887500 0.006250 0.890625 0.006250 0.893750 0.007812 0.895312 0.007812 0.896875 0.006250 0.898438 0.006250 0.903125 0.004687 0.904687 0.004687 0.912500 0.006250 0.914062 0.006250 0.918750 0.004687 0.920312 0.004687 0.926562 0.006250 0.928125 0.007812 0.928125 0.010937 0.931250 0.004687 0.937500 0.004687 0.942187 0.006250 0.943750 0.006250 0.946875 0.007812 0.945312 0.009375 0.945312 0.010937 0.946875 0.006250 0.951562 0.004687 0.951562 0.004687 0.956250 0.010937 0.962500 0.009375 0.964063 0.009375 0.965625 0.007812 0.967187 0.006250 0.967187 0.004687 0.968750 0.004687 0.973437 0.006250 0.975000 0.006250 0.976562 0.009375 0.976562 0.010937 0.978125 0.009375 0.979688 0.007812 0.979688 0.007812 0.981250 0.006250 0.982812 0.004687 0.982812 0.004687 0.989062 0.006250 0.990625 0.007812 0.990625 0.009375 0.992188 0.010937 0.992188 0.012500 0.993750 0.015625 0.990625 0.018750 0.990625 0.020313 0.992188 0.020313 0.993750 0.021875 0.993750 0.023438 0.992188 0.025000 0.992188 0.026562 0.993750 0.028125 0.993750 0.031250 0.990625 0.034375 0.990625 0.035937 0.992188 0.040625 0.992188 0.042188 0.993750 0.046875 0.993750 0.048438 0.995313 0.048438 0.998437 0.703125 0.998437 0.704688 0.996875 0.706250 0.996875 0.707812 0.998437 0.715625 0.998437 0.717187 0.996875 0.723437 0.996875 0.725000 0.998437 0.729688 0.998437 0.731250 0.996875 0.732812 0.996875 0.734375 0.995313 0.740625 0.995313 0.742188 0.996875 0.748437 0.996875 0.750000 0.995313 0.754687 0.995313 0.756250 0.996875 0.764062 0.996875 0.765625 0.995313 0.767188 0.995313 0.768750 0.996875 0.771875 0.996875 0.773438 0.998437 0.779687 0.998437 0.781250 0.996875 0.789062 0.996875 0.790625 0.998437 0.795312 0.998437 0.796875 0.996875 0.801562 0.996875 0.803125 0.998437 0.810937 0.998437 0.812500 0.996875 0.817187 0.996875 0.818750 0.998437 0.826562 0.998437 0.829688 0.995313 0.831250 0.995313 0.832812 0.996875 0.834375 0.996875 0.835938 0.998437 0.842187 0.998437 0.843750 0.996875 0.848437 0.996875 0.850000 0.998437 0.857812 0.998437 0.859375 0.996875 0.864062 0.996875 0.865625 0.998437 0.873437 0.998437 0.873437 0.996875 0.875000 0.995313 0.885938 0.995313 0.887500 0.996875 0.889062 0.995313 0.901563 0.995313 0.903125 0.996875 0.906250 0.993750 0.914062 0.993750 0.915625 0.995313 0.920312 0.995313 0.921875 0.993750 0.929688 0.993750 0.931250 0.995313 0.934375 0.995313 0.935937 0.993750 0.937500 0.993750 0.937500 0.992188 0.935937 0.990625 0.935937 0.981250 0.937500 0.979688 0.937500 0.978125 0.935937 0.976562 0.935937 0.975000 0.934375 0.973437 0.934375 0.971875 0.935937 0.970313 0.935937 0.968750 0.939063 0.965625 0.937500 0.964063 0.937500 0.962500 0.934375 0.959375 0.934375 0.954688 0.939063 0.950000 0.946875 0.950000 0.948438 0.951562 0.951562 0.951562 0.951562 0.939063 0.953125 0.937500 0.953125 0.929688 0.951562 0.928125 0.951562 0.923438 0.953125 0.921875 0.953125 0.920312 0.954688 0.918750 0.959375 0.918750 0.962500 0.921875 0.962500 0.926562 0.959375 0.929688 0.959375 0.931250 0.962500 0.934375 0.962500 0.940625 0.960938 0.942187 0.960938 0.946875 0.962500 0.948438 0.962500 0.954688 0.965625 0.951562 0.965625 0.945312 0.964063 0.943750 0.964063 0.939063 0.962500 0.937500 0.962500 0.934375 0.965625 0.931250 0.964063 0.929688 0.964063 0.928125 0.962500 0.926562 0.965625 0.923438 0.965625 0.921875 0.967187 0.920312 0.967187 0.914062 0.964063 0.910937 0.965625 0.909375 0.965625 0.907813 0.967187 0.906250 0.967187 0.904687 0.968750 0.903125 0.968750 0.900000 0.962500 0.893750 0.957812 0.898438 0.953125 0.893750 0.953125 0.892188 0.956250 0.889062 0.960938 0.889062 0.962500 0.890625 0.967187 0.890625 0.968750 0.889062 0.970313 0.889062 0.971875 0.887500 0.973437 0.887500 0.975000 0.889062 0.976562 0.889062 0.978125 0.890625 0.987500 0.890625 0.989062 0.889062 0.995313 0.889062 0.996875 0.887500 0.998437 0.887500 0.998437 0.884375 0.995313 0.881250 0.995313 0.876563 0.996875 0.875000 0.998437 0.875000 0.998437 0.712500 0.996875 0.712500 0.992188 0.707812 0.992188 0.706250 0.989062 0.703125 0.989062 0.700000 0.987500 0.698438 0.985938 0.698438 0.982812 0.695312 0.979688 0.695312 0.976562 0.692187 0.975000 0.692187 0.968750 0.685937 0.967187 0.685937 0.959375 0.678125 0.957812 0.678125 0.954688 0.675000 0.953125 0.675000 0.948438 0.670312 0.948438 0.668750 0.940625 0.660937 0.939063 0.660937 0.937500 0.659375 0.935937 0.659375 0.931250 0.654687 0.931250 0.653125 0.928125 0.650000 0.928125 0.648438 0.926562 0.648438 0.925000 0.646875 0.921875 0.646875 0.920312 0.645312 0.918750 0.645312 0.912500 0.639062 0.912500 0.637500 0.909375 0.634375 0.907813 0.634375 0.906250 0.632812 0.904687 0.632812 0.903125 0.631250 0.901563 0.631250 0.896875 0.626563 0.896875 0.625000 0.889062 0.617188 0.887500 0.617188 0.881250 0.610938 0.881250 0.609375 0.879687 0.607812 0.878125 0.607812 0.871875 0.601562 0.870313 0.601562 0.856250 0.587500 0.854688 0.587500 0.846875 0.579688 0.845313 0.579688 0.839063 0.573438 0.837500 0.573438 0.835938 0.571875 0.835938 0.570312 0.834375 0.568750 0.832812 0.568750 0.829688 0.565625 0.828125 0.565625 0.821875 0.559375 0.821875 0.557813 0.815625 0.551562 0.814063 0.551562 0.804688 0.542188 0.804688 0.540625 0.801562 0.537500 0.800000 0.537500 0.796875 0.534375 0.795312 0.534375 0.790625 0.529687 0.790625 0.528125 0.787500 0.525000 0.787500 0.523438 0.785937 0.523438 0.782813 0.520312 0.781250 0.520312 0.778125 0.517188 0.776563 0.517188 0.775000 0.515625 0.775000 0.514062 0.773438 0.512500 0.773438 0.510938 0.771875 0.509375 0.771875 0.507812 0.770312 0.507812 0.768750 0.506250 0.767188 0.506250 0.757812 0.496875 0.757812 0.495312 0.754687 0.492188 0.753125 0.492188 0.746875 0.485938 0.745313 0.485938 0.743750 0.484375 0.743750 0.482812 0.740625 0.479687 0.740625 0.478125 0.739062 0.478125 0.737500 0.476562 0.735938 0.476562 0.731250 0.471875 0.729688 0.471875 0.723437 0.465625 0.723437 0.464062 0.721875 0.462500 0.720313 0.462500 0.718750 0.460938 0.715625 0.460938 0.700000 0.445312 0.698438 0.445312 0.693750 0.440625 0.693750 0.439063 0.692187 0.437500 0.690625 0.437500 0.689063 0.435937 0.689063 0.434375 0.685937 0.431250 0.685937 0.429688 0.684375 0.429688 0.673438 0.418750 0.673438 0.417187 0.668750 0.412500 0.667188 0.412500 0.664062 0.409375 0.664062 0.407813 0.657813 0.401562 0.657813 0.400000 0.653125 0.395313 0.651563 0.395313 0.648438 0.392188 0.648438 0.390625 0.645312 0.387500 0.645312 0.384375 0.643750 0.384375 0.639062 0.379688 0.637500 0.379688 0.632812 0.375000 0.632812 0.371875 0.631250 0.370312 0.631250 0.368750 0.629687 0.367188 0.628125 0.367188 0.623437 0.362500 0.621875 0.362500 0.618750 0.359375 0.617188 0.359375 0.614062 0.356250 0.614062 0.354687 0.612500 0.354687 0.609375 0.351562 0.609375 0.350000 0.607812 0.348438 0.607812 0.346875 0.606250 0.345313 0.606250 0.342187 0.603125 0.339062 0.603125 0.337500 0.601562 0.335938 0.601562 0.332813 0.600000 0.331250 0.600000 0.329688 0.598437 0.328125 0.595313 0.328125 0.590625 0.323437 0.589063 0.323437 0.587500 0.321875 0.587500 0.320312 0.590625 0.317188 0.590625 0.314063 0.589063 0.315625 0.587500 0.315625 0.585938 0.314063 0.570312 0.314063 0.568750 0.312500