0 0.035937 0.973437 0.035937 0.975000 0.037500 0.973437
0 0.028125 0.971875 0.028125 0.973437 0.026562 0.975000 0.026562 0.976562 0.025000 0.978125 0.023438 0.978125 0.021875 0.979688 0.021875 0.981250 0.023438 0.982812 0.026562 0.982812 0.028125 0.984375 0.028125 0.990625 0.028125 0.985938 0.029687 0.984375 0.029687 0.973437
0 0.931250 0.635938 0.929688 0.637500 0.929688 0.640625 0.926562 0.643750 0.925000 0.643750 0.923438 0.642188 0.921875 0.642188 0.921875 0.643750 0.920312 0.645312 0.917188 0.645312 0.915625 0.643750 0.915625 0.640625 0.917188 0.639062 0.918750 0.639062 0.918750 0.637500 0.915625 0.637500 0.915625 0.645312 0.920312 0.645312 0.921875 0.646875 0.928125 0.646875 0.931250 0.650000 0.931250 0.653125 0.934375 0.653125 0.934375 0.651563 0.932813 0.650000 0.934375 0.648438 0.935937 0.648438 0.937500 0.646875 0.943750 0.646875 0.945312 0.648438 0.945312 0.659375 0.943750 0.660937 0.942187 0.660937 0.942187 0.662500 0.945312 0.665625 0.945312 0.668750 0.946875 0.670312 0.953125 0.670312 0.954688 0.671875 0.954688 0.676562 0.957812 0.676562 0.965625 0.684375 0.967187 0.684375 0.971875 0.679688 0.973437 0.679688 0.975000 0.681250 0.975000 0.685937 0.976562 0.687500 0.976562 0.689063 0.978125 0.690625 0.978125 0.692187 0.981250 0.692187 0.984375 0.695312 0.984375 0.696875 0.989062 0.696875 0.990625 0.698438 0.990625 0.700000 0.993750 0.703125 0.993750 0.704688 0.996875 0.701562 0.998437 0.701562 0.998437 0.679688 0.993750 0.675000 0.993750 0.673438 0.992188 0.673438 0.990625 0.675000 0.989062 0.675000 0.987500 0.673438 0.987500 0.670312 0.989062 0.668750 0.987500 0.667188 0.987500 0.665625 0.985938 0.664062 0.984375 0.664062 0.982812 0.665625 0.981250 0.665625 0.978125 0.662500 0.976562 0.662500 0.975000 0.660937 0.971875 0.660937 0.970313 0.659375 0.970313 0.657813 0.968750 0.657813 0.965625 0.660937 0.962500 0.657813 0.962500 0.656250 0.964063 0.654687 0.964063 0.653125 0.962500 0.651563 0.960938 0.653125 0.960938 0.656250 0.962500 0.657813 0.959375 0.660937 0.957812 0.660937 0.956250 0.662500 0.953125 0.662500 0.948438 0.657813 0.948438 0.656250 0.950000 0.654687 0.950000 0.651563 0.948438 0.650000 0.948438 0.648438 0.950000 0.646875 0.951562 0.646875 0.953125 0.648438 0.954688 0.648438 0.954688 0.645312 0.950000 0.645312 0.946875 0.642188 0.946875 0.637500 0.945312 0.639062 0.946875 0.640625 0.946875 0.642188 0.943750 0.645312 0.940625 0.645312 0.935937 0.640625 0.935937 0.637500 0.932813 0.637500
0 0.914062 0.621875 0.915625 0.623437 0.917188 0.621875
0 0.884375 0.606250 0.884375 0.607812 0.885938 0.606250
0 0.789062 0.526563 0.787500 0.528125 0.789062 0.529687 0.790625 0.529687 0.792188 0.528125 0.790625 0.526563
0 0.773438 0.525000 0.773438 0.526563 0.771875 0.528125 0.775000 0.528125 0.775000 0.525000
0 0.781250 0.518750 0.781250 0.520312 0.779687 0.521875 0.779687 0.523438 0.781250 0.525000 0.781250 0.526563 0.782813 0.528125 0.785937 0.525000 0.785937 0.523438 0.784375 0.521875 0.784375 0.520312 0.782813 0.518750
0 0.767188 0.518750 0.765625 0.520312 0.765625 0.525000 0.767188 0.526563 0.768750 0.526563 0.768750 0.520312
0 0.757812 0.510938 0.757812 0.512500 0.759375 0.514062 0.760938 0.512500 0.759375 0.510938
0 0.751563 0.506250 0.750000 0.507812 0.750000 0.509375 0.751563 0.510938
0 0.767188 0.503125 0.765625 0.504687 0.765625 0.510938 0.764062 0.512500 0.767188 0.515625 0.770312 0.512500 0.771875 0.514062 0.773438 0.514062 0.775000 0.515625 0.775000 0.512500 0.767188 0.504687
0 0.756250 0.496875 0.757812 0.498437 0.759375 0.498437 0.759375 0.496875
0 0.657813 0.425000 0.656250 0.426563 0.662500 0.426563 0.660937 0.425000
0 0.640625 0.412500 0.640625 0.415625 0.642188 0.417187 0.643750 0.417187 0.645312 0.418750 0.650000 0.418750 0.650000 0.417187 0.651563 0.415625 0.648438 0.412500
0 0.640625 0.401562 0.639062 0.403125 0.640625 0.404687 0.642188 0.404687 0.643750 0.403125 0.642188 0.401562
0 0.632812 0.400000 0.632812 0.403125 0.634375 0.404687 0.635938 0.403125
0 0.626563 0.393750 0.625000 0.395313 0.625000 0.398438 0.626563 0.400000 0.626563 0.401562 0.628125 0.400000 0.628125 0.395313
0 0.609375 0.379688 0.609375 0.381250 0.610938 0.382812 0.612500 0.381250 0.610938 0.379688
0 0.579688 0.351562 0.578125 0.353125 0.579688 0.354687 0.579688 0.356250 0.587500 0.356250 0.584375 0.356250 0.582812 0.354687 0.582812 0.353125 0.581250 0.353125
0 0.564063 0.339062 0.564063 0.340625 0.565625 0.340625
0 0.468750 0.273438 0.467187 0.275000 0.462500 0.275000 0.460938 0.276562 0.459375 0.276562 0.457813 0.278125 0.451562 0.278125 0.450000 0.279687 0.445312 0.279687 0.443750 0.278125 0.440625 0.278125 0.439063 0.279687 0.412500 0.279687 0.410938 0.278125 0.409375 0.279687 0.406250 0.279687 0.404687 0.278125 0.401562 0.278125 0.400000 0.279687 0.398438 0.278125 0.395313 0.278125 0.393750 0.279687 0.390625 0.279687 0.389062 0.278125 0.335938 0.278125 0.334375 0.276562 0.331250 0.276562 0.329688 0.278125 0.328125 0.276562 0.323437 0.276562 0.321875 0.278125 0.320312 0.276562 0.315625 0.276562 0.314063 0.278125 0.309375 0.278125 0.307812 0.276562 0.300000 0.276562 0.298438 0.275000 0.296875 0.276562 0.295312 0.276562 0.293750 0.278125 0.289062 0.278125 0.287500 0.276562 0.284375 0.276562 0.282813 0.278125 0.276562 0.278125 0.275000 0.279687 0.273438 0.278125 0.268750 0.278125 0.267188 0.279687 0.259375 0.279687 0.259375 0.296875 0.260937 0.298438 0.260937 0.307812 0.259375 0.309375 0.259375 0.310937 0.260937 0.310937 0.262500 0.312500 0.262500 0.317188 0.264062 0.318750 0.265625 0.318750 0.268750 0.321875 0.268750 0.323437 0.267188 0.325000 0.267188 0.328125 0.265625 0.329688 0.264062 0.329688 0.262500 0.331250 0.260937 0.331250 0.259375 0.332813 0.257812 0.332813 0.256250 0.334375 0.253125 0.334375 0.251563 0.335938 0.250000 0.335938 0.248438 0.334375 0.240625 0.334375 0.239063 0.332813 0.235937 0.332813 0.234375 0.331250 0.234375 0.329688 0.228125 0.323437 0.226562 0.323437 0.223438 0.320312 0.221875 0.320312 0.220312 0.321875 0.218750 0.320312 0.212500 0.320312 0.210938 0.318750 0.204687 0.318750 0.203125 0.317188 0.192188 0.317188 0.189062 0.320312 0.182812 0.320312 0.181250 0.321875 0.181250 0.323437 0.179688 0.325000 0.179688 0.340625 0.181250 0.342187 0.182812 0.342187 0.184375 0.343750 0.185938 0.342187 0.187500 0.342187 0.189062 0.340625 0.193750 0.345313 0.193750 0.346875 0.192188 0.348438 0.192188 0.350000 0.190625 0.351562 0.190625 0.368750 0.182812 0.376563 0.182812 0.379688 0.185938 0.382812 0.189062 0.382812 0.192188 0.385937 0.193750 0.385937 0.195312 0.387500 0.198437 0.387500 0.200000 0.389062 0.204687 0.389062 0.206250 0.390625 0.207813 0.390625 0.209375 0.392188 0.209375 0.395313 0.207813 0.396875 0.207813 0.398438 0.206250 0.400000 0.206250 0.403125 0.204687 0.404687 0.196875 0.404687 0.195312 0.406250 0.175000 0.406250 0.173437 0.407813 0.159375 0.407813 0.157812 0.409375 0.156250 0.409375 0.154688 0.407813 0.153125 0.409375 0.146875 0.409375 0.145313 0.407813 0.143750 0.409375 0.135937 0.409375 0.134375 0.410938 0.132812 0.410938 0.131250 0.409375 0.129688 0.409375 0.128125 0.410938 0.128125 0.412500 0.121875 0.418750 0.120313 0.418750 0.118750 0.420312 0.117188 0.420312 0.115625 0.421875 0.112500 0.421875 0.110937 0.423438 0.106250 0.423438 0.104688 0.425000 0.100000 0.425000 0.098437 0.426563 0.095312 0.426563 0.093750 0.428125 0.092188 0.428125 0.090625 0.429688 0.089063 0.429688 0.087500 0.431250 0.087500 0.432812 0.085938 0.434375 0.085938 0.453125 0.087500 0.454688 0.087500 0.460938 0.089063 0.462500 0.089063 0.465625 0.090625 0.467187 0.090625 0.471875 0.092188 0.473438 0.092188 0.475000 0.093750 0.476562 0.093750 0.482812 0.092188 0.484375 0.092188 0.485938 0.090625 0.487500 0.090625 0.489063 0.087500 0.492188 0.087500 0.493750 0.085938 0.495312 0.085938 0.500000 0.084375 0.501563 0.084375 0.506250 0.082812 0.507812 0.082812 0.509375 0.081250 0.510938 0.081250 0.518750 0.078125 0.521875 0.076563 0.521875 0.073438 0.525000 0.073438 0.529687 0.075000 0.529687 0.076563 0.531250 0.081250 0.531250 0.084375 0.534375 0.084375 0.537500 0.085938 0.539062 0.085938 0.540625 0.084375 0.542188 0.084375 0.543750 0.085938 0.545312 0.087500 0.545312 0.089063 0.546875 0.090625 0.546875 0.092188 0.548438 0.087500 0.553125 0.085938 0.553125 0.084375 0.554688 0.082812 0.554688 0.081250 0.556250 0.081250 0.557813 0.079687 0.559375 0.078125 0.557813 0.073438 0.557813 0.070312 0.560937 0.070312 0.562500 0.068750 0.564063 0.068750 0.565625 0.067187 0.567187 0.067187 0.568750 0.064062 0.571875 0.062500 0.571875 0.060937 0.570312 0.059375 0.570312 0.057813 0.571875 0.057813 0.575000 0.060937 0.578125 0.062500 0.578125 0.067187 0.582812 0.067187 0.585938 0.068750 0.587500 0.068750 0.598437 0.067187 0.600000 0.065625 0.600000 0.064062 0.601562 0.057813 0.601562 0.054688 0.604688 0.054688 0.609375 0.053125 0.610938 0.053125 0.614062 0.048438 0.618750 0.046875 0.618750 0.045312 0.617188 0.043750 0.617188 0.042188 0.618750 0.042188 0.629687 0.040625 0.631250 0.040625 0.640625 0.039062 0.642188 0.039062 0.645312 0.037500 0.646875 0.037500 0.648438 0.035937 0.650000 0.034375 0.650000 0.031250 0.653125 0.029687 0.653125 0.028125 0.654687 0.028125 0.657813 0.026562 0.659375 0.026562 0.670312 0.025000 0.671875 0.023438 0.671875 0.020313 0.675000 0.020313 0.676562 0.018750 0.678125 0.018750 0.681250 0.017188 0.682813 0.015625 0.682813 0.014063 0.681250 0.012500 0.681250 0.012500 0.685937 0.010937 0.687500 0.010937 0.689063 0.009375 0.690625 0.009375 0.692187 0.006250 0.695312 0.006250 0.707812 0.004687 0.709375 0.004687 0.710938 0.003125 0.712500 0.003125 0.721875 0.004687 0.723437 0.004687 0.725000 0.003125 0.726562 0.003125 0.728125 0.004687 0.729688 0.004687 0.734375 0.006250 0.735938 0.004687 0.737500 0.004687 0.740625 0.003125 0.742188 0.003125 0.754687 0.000000 0.757812 0.000000 0.768750 0.001563 0.770312 0.000000 0.771875 0.000000 0.796875 0.001563 0.798438 0.001563 0.818750 0.000000 0.820312 0.000000 0.871875 0.001563 0.873437 0.001563 0.876563 0.003125 0.878125 0.003125 0.923438 0.004687 0.925000 0.004687 0.928125 0.006250 0.929688 0.006250 0.932813 0.007812 0.934375 0.007812 0.935937 0.010937 0.939063 0.010937 0.942187 0.009375 0.943750 0.007812 0.943750 0.006250 0.942187 0.006250 0.946875 0.004687 0.948438 0.004687 0.951562 0.006250 0.953125 0.007812 0.953125 0.010937 0.956250 0.010937 0.960938 0.009375 0.962500 0.007812 0.962500 0.006250 0.960938 0.006250 0.956250 0.006250 0.964063 0.004687 0.965625 0.004687 0.967187 0.006250 0.968750 0.009375 0.968750 0.010937 0.970313 0.010937 0.976562 0.009375 0.978125 0.007812 0.978125 0.006250 0.979688 0.006250 0.982812 0.009375 0.982812 0.010937 0.984375 0.010937 0.987500 0.012500 0.989062 0.012500 0.992188 0.010937 0.993750 0.012500 0.995313 0.012500 0.998437 0.012500 0.995313 0.014063 0.993750 0.014063 0.987500 0.015625 0.985938 0.015625 0.979688 0.014063 0.978125 0.014063 0.970313 0.015625 0.968750 0.015625 0.964063 0.014063 0.962500 0.017188 0.959375 0.018750 0.959375 0.021875 0.962500 0.021875 0.964063 0.020313 0.965625 0.021875 0.967187 0.026562 0.967187 0.028125 0.968750 0.034375 0.968750 0.037500 0.965625 0.037500 0.962500 0.039062 0.960938 0.042188 0.964063 0.042188 0.965625 0.046875 0.970313 0.045312 0.971875 0.045312 0.973437 0.043750 0.975000 0.045312 0.976562 0.042188 0.979688 0.037500 0.979688 0.035937 0.981250 0.037500 0.982812 0.042188 0.982812 0.045312 0.985938 0.043750 0.987500 0.043750 0.993750 0.045312 0.992188 0.045312 0.990625 0.046875 0.989062 0.050000 0.989062 0.051562 0.990625 0.053125 0.990625 0.053125 0.989062 0.051562 0.989062 0.048438 0.985938 0.053125 0.981250 0.053125 0.978125 0.054688 0.976562 0.056250 0.976562 0.057813 0.978125 0.057813 0.981250 0.060937 0.984375 0.060937 0.985938 0.057813 0.989062 0.057813 0.990625 0.056250 0.992188 0.056250 0.993750 0.059375 0.996875 0.059375 0.998437 0.062500 0.998437 0.068750 0.992188 0.071875 0.992188 0.078125 0.998437 0.998437 0.998437 0.998437 0.723437 0.995313 0.720313 0.998437 0.717187 0.998437 0.715625 0.995313 0.715625 0.989062 0.709375 0.987500 0.709375 0.985938 0.707812 0.981250 0.707812 0.978125 0.704688 0.978125 0.701562 0.979688 0.700000 0.976562 0.700000 0.971875 0.695312 0.968750 0.695312 0.967187 0.693750 0.964063 0.693750 0.960938 0.690625 0.959375 0.690625 0.953125 0.684375 0.951562 0.684375 0.950000 0.682813 0.948438 0.682813 0.943750 0.678125 0.940625 0.678125 0.939063 0.676562 0.934375 0.676562 0.929688 0.671875 0.929688 0.668750 0.926562 0.665625 0.926562 0.664062 0.921875 0.664062 0.920312 0.662500 0.917188 0.662500 0.903125 0.648438 0.900000 0.648438 0.898438 0.646875 0.896875 0.646875 0.893750 0.643750 0.892188 0.643750 0.890625 0.642188 0.889062 0.642188 0.881250 0.634375 0.881250 0.632812 0.879687 0.631250 0.878125 0.631250 0.876563 0.629687 0.875000 0.629687 0.873437 0.628125 0.871875 0.628125 0.870313 0.626563 0.870313 0.625000 0.868750 0.623437 0.868750 0.621875 0.865625 0.618750 0.865625 0.617188 0.864062 0.617188 0.862500 0.615625 0.860938 0.615625 0.859375 0.614062 0.857812 0.614062 0.853125 0.609375 0.853125 0.607812 0.846875 0.601562 0.842187 0.601562 0.840625 0.600000 0.839063 0.600000 0.834375 0.595313 0.834375 0.593750 0.826562 0.585938 0.825000 0.585938 0.823438 0.584375 0.821875 0.584375 0.814063 0.576562 0.812500 0.576562 0.809375 0.573438 0.807813 0.573438 0.803125 0.568750 0.801562 0.568750 0.798438 0.565625 0.796875 0.565625 0.795312 0.564063 0.793750 0.564063 0.792188 0.562500 0.792188 0.560937 0.784375 0.553125 0.779687 0.553125 0.778125 0.551562 0.776563 0.551562 0.768750 0.543750 0.768750 0.542188 0.767188 0.540625 0.765625 0.540625 0.764062 0.539062 0.762500 0.539062 0.757812 0.534375 0.757812 0.532813 0.756250 0.531250 0.756250 0.529687 0.754687 0.529687 0.753125 0.528125 0.753125 0.526563 0.751563 0.526563 0.750000 0.525000 0.748437 0.525000 0.746875 0.523438 0.745313 0.523438 0.740625 0.518750 0.739062 0.518750 0.737500 0.517188 0.737500 0.515625 0.735938 0.514062 0.732812 0.514062 0.726562 0.507812 0.726562 0.506250 0.717187 0.496875 0.715625 0.496875 0.712500 0.493750 0.712500 0.492188 0.689063 0.468750 0.687500 0.468750 0.685937 0.467187 0.684375 0.467187 0.675000 0.457813 0.673438 0.457813 0.671875 0.456250 0.668750 0.456250 0.667188 0.454688 0.667188 0.453125 0.665625 0.451562 0.665625 0.450000 0.662500 0.446875 0.662500 0.445312 0.660937 0.443750 0.659375 0.443750 0.657813 0.442188 0.654687 0.442188 0.650000 0.437500 0.650000 0.435937 0.648438 0.434375 0.648438 0.432812 0.646875 0.431250 0.646875 0.428125 0.645312 0.428125 0.643750 0.426563 0.637500 0.426563 0.635938 0.425000 0.634375 0.425000 0.632812 0.423438 0.632812 0.420312 0.628125 0.415625 0.626563 0.415625 0.625000 0.414062 0.621875 0.414062 0.614062 0.406250 0.614062 0.404687 0.610938 0.401562 0.609375 0.401562 0.604688 0.396875 0.603125 0.396875 0.601562 0.395313 0.601562 0.393750 0.600000 0.392188 0.600000 0.390625 0.596875 0.387500 0.595313 0.387500 0.593750 0.385937 0.592187 0.385937 0.578125 0.371875 0.576562 0.371875 0.562500 0.357812 0.560937 0.357812 0.556250 0.353125 0.556250 0.351562 0.554688 0.350000 0.553125 0.350000 0.545312 0.342187 0.543750 0.342187 0.539062 0.337500 0.539062 0.335938 0.523438 0.320312 0.523438 0.318750 0.520312 0.315625 0.518750 0.315625 0.517188 0.314063 0.517188 0.312500 0.514062 0.309375 0.512500 0.309375 0.509375 0.306250 0.509375 0.304688 0.507812 0.303125 0.506250 0.303125 0.485938 0.282813 0.484375 0.282813 0.479687 0.278125 0.478125 0.278125 0.475000 0.275000 0.473438 0.275000 0.471875 0.273438
0 0.381250 0.171875 0.378125 0.175000 0.376563 0.175000 0.371875 0.179688 0.370312 0.179688 0.362500 0.187500 0.360938 0.187500 0.353125 0.195312 0.351562 0.195312 0.351562 0.196875 0.345313 0.203125 0.343750 0.203125 0.337500 0.209375 0.337500 0.210938 0.335938 0.212500 0.335938 0.214062 0.334375 0.215625 0.334375 0.217188 0.332813 0.218750 0.332813 0.223438 0.335938 0.226562 0.337500 0.226562 0.342187 0.231250 0.345313 0.231250 0.346875 0.232813 0.376563 0.232813 0.378125 0.234375 0.381250 0.234375 0.382812 0.232813 0.434375 0.232813 0.435937 0.234375 0.437500 0.234375 0.439063 0.235937 0.437500 0.237500 0.435937 0.237500 0.434375 0.239063 0.429688 0.239063 0.439063 0.239063 0.440625 0.240625 0.445312 0.240625 0.446875 0.242188 0.450000 0.242188 0.454688 0.246875 0.457813 0.246875 0.459375 0.248438 0.467187 0.248438 0.467187 0.246875 0.460938 0.240625 0.460938 0.239063 0.459375 0.237500 0.459375 0.235937 0.457813 0.234375 0.457813 0.232813 0.453125 0.228125 0.453125 0.226562 0.451562 0.225000 0.451562 0.223438 0.443750 0.215625 0.443750 0.214062 0.434375 0.204687 0.434375 0.203125 0.429688 0.198437 0.429688 0.196875 0.428125 0.195312 0.428125 0.193750 0.421875 0.187500 0.421875 0.185938 0.415625 0.179688 0.415625 0.178125 0.412500 0.175000 0.407813 0.175000 0.406250 0.173437 0.385937 0.173437 0.384375 0.171875