0 0.595313 0.925000 0.595313 0.928125 0.598437 0.928125 0.598437 0.926562 0.596875 0.926562
0 0.593750 0.915625 0.593750 0.918750 0.595313 0.918750 0.595313 0.915625
0 0.560937 0.903125 0.562500 0.903125 0.564063 0.904687 0.565625 0.903125
0 0.579688 0.900000 0.578125 0.901563 0.578125 0.904687 0.590625 0.904687 0.590625 0.903125 0.582812 0.903125
0 0.546875 0.885938 0.546875 0.892188 0.548438 0.893750 0.548438 0.885938
0 0.559375 0.876563 0.559375 0.884375 0.560937 0.884375 0.560937 0.878125
0 0.546875 0.876563 0.546875 0.881250 0.548438 0.882812 0.548438 0.876563
0 0.020313 0.804688 0.018750 0.806250 0.021875 0.806250
0 0.015625 0.782813 0.015625 0.790625 0.017188 0.792188 0.018750 0.790625 0.021875 0.790625 0.023438 0.792188 0.026562 0.792188 0.028125 0.793750 0.028125 0.795312 0.028125 0.792188 0.029687 0.790625 0.029687 0.789062 0.025000 0.784375 0.021875 0.784375 0.020313 0.782813
0 0.084375 0.612500 0.082812 0.614062 0.085938 0.617188 0.087500 0.617188 0.089063 0.615625 0.089063 0.614062 0.087500 0.612500
0 0.070312 0.612500 0.068750 0.614062 0.067187 0.614062 0.070312 0.617188 0.071875 0.617188 0.073438 0.615625 0.073438 0.614062 0.071875 0.612500
0 0.117188 0.598437 0.118750 0.600000 0.120313 0.598437
0 0.100000 0.598437 0.101562 0.600000 0.104688 0.600000 0.104688 0.598437
0 0.085938 0.596875 0.084375 0.598437 0.082812 0.598437 0.085938 0.601562 0.085938 0.603125 0.087500 0.604688 0.089063 0.603125 0.089063 0.601562 0.090625 0.600000 0.090625 0.598437 0.089063 0.596875
0 0.073438 0.595313 0.071875 0.596875 0.068750 0.596875 0.067187 0.598437 0.046875 0.598437 0.045312 0.596875 0.043750 0.596875 0.042188 0.598437 0.042188 0.601562 0.040625 0.603125 0.037500 0.603125 0.035937 0.601562 0.034375 0.601562 0.032813 0.600000 0.031250 0.600000 0.029687 0.598437 0.026562 0.598437 0.025000 0.596875 0.015625 0.596875 0.014063 0.598437 0.006250 0.598437 0.004687 0.600000 0.004687 0.601562 0.006250 0.603125 0.006250 0.604688 0.009375 0.604688 0.012500 0.601562 0.015625 0.604688 0.015625 0.606250 0.017188 0.607812 0.023438 0.607812 0.025000 0.609375 0.026562 0.607812 0.028125 0.607812 0.031250 0.610938 0.028125 0.614062 0.026562 0.614062 0.025000 0.612500 0.023438 0.614062 0.023438 0.615625 0.025000 0.617188 0.028125 0.614062 0.032813 0.618750 0.034375 0.617188 0.037500 0.617188 0.040625 0.620313 0.042188 0.620313 0.043750 0.618750 0.045312 0.620313 0.048438 0.620313 0.050000 0.618750 0.056250 0.618750 0.059375 0.615625 0.060937 0.615625 0.057813 0.612500 0.056250 0.612500 0.054688 0.610938 0.048438 0.610938 0.046875 0.609375 0.046875 0.603125 0.050000 0.600000 0.053125 0.600000 0.056250 0.603125 0.056250 0.606250 0.056250 0.603125 0.057813 0.601562 0.060937 0.601562 0.062500 0.600000 0.068750 0.600000 0.071875 0.603125 0.071875 0.604688 0.075000 0.601562 0.076563 0.601562 0.076563 0.600000 0.078125 0.598437 0.076563 0.596875 0.076563 0.595313
0 0.985938 0.582812 0.985938 0.584375 0.984375 0.585938 0.984375 0.587500 0.985938 0.589063 0.987500 0.589063 0.989062 0.590625 0.989062 0.589063 0.990625 0.587500 0.992188 0.587500 0.989062 0.584375 0.987500 0.584375
0 0.765625 0.351562 0.765625 0.354687 0.767188 0.356250 0.768750 0.356250 0.768750 0.351562
0 0.979688 0.350000 0.979688 0.351562 0.981250 0.351562 0.981250 0.350000
0 0.695312 0.340625 0.696875 0.342187 0.700000 0.342187 0.700000 0.340625
0 0.957812 0.334375 0.956250 0.335938 0.956250 0.337500 0.957812 0.339062 0.959375 0.337500 0.967187 0.337500 0.967187 0.335938 0.964063 0.335938 0.962500 0.337500 0.960938 0.335938 0.959375 0.335938
0 0.879687 0.331250 0.873437 0.337500 0.875000 0.339062 0.878125 0.339062 0.879687 0.337500 0.879687 0.335938 0.881250 0.334375 0.881250 0.332813
0 0.439063 0.304688 0.437500 0.306250 0.437500 0.307812 0.434375 0.310937 0.426563 0.310937 0.425000 0.312500 0.423438 0.312500 0.423438 0.317188 0.420312 0.320312 0.420312 0.328125 0.418750 0.329688 0.418750 0.331250 0.417187 0.332813 0.417187 0.334375 0.418750 0.335938 0.418750 0.337500 0.420312 0.339062 0.420312 0.345313 0.421875 0.346875 0.421875 0.354687 0.423438 0.356250 0.423438 0.368750 0.426563 0.371875 0.439063 0.371875 0.440625 0.373437 0.457813 0.373437 0.459375 0.375000 0.460938 0.375000 0.467187 0.381250 0.467187 0.384375 0.470313 0.387500 0.471875 0.387500 0.473438 0.389062 0.476562 0.389062 0.478125 0.390625 0.481250 0.390625 0.484375 0.393750 0.485938 0.393750 0.487500 0.395313 0.489063 0.395313 0.490625 0.396875 0.493750 0.396875 0.495312 0.398438 0.498437 0.398438 0.500000 0.400000 0.500000 0.401562 0.501563 0.403125 0.504687 0.403125 0.510938 0.409375 0.510938 0.410938 0.512500 0.410938 0.517188 0.415625 0.517188 0.417187 0.518750 0.418750 0.520312 0.418750 0.526563 0.425000 0.528125 0.425000 0.532813 0.429688 0.534375 0.429688 0.535937 0.431250 0.543750 0.431250 0.545312 0.432812 0.548438 0.432812 0.550000 0.434375 0.551562 0.434375 0.554688 0.437500 0.554688 0.448437 0.553125 0.450000 0.553125 0.464062 0.551562 0.465625 0.554688 0.468750 0.554688 0.473438 0.556250 0.475000 0.557813 0.475000 0.559375 0.476562 0.560937 0.476562 0.562500 0.478125 0.562500 0.481250 0.564063 0.482812 0.565625 0.482812 0.568750 0.485938 0.567187 0.487500 0.567187 0.489063 0.568750 0.490625 0.568750 0.498437 0.570312 0.500000 0.570312 0.506250 0.573438 0.509375 0.573438 0.510938 0.575000 0.512500 0.575000 0.514062 0.576562 0.515625 0.576562 0.518750 0.573438 0.521875 0.571875 0.521875 0.565625 0.528125 0.564063 0.528125 0.562500 0.529687 0.550000 0.529687 0.548438 0.531250 0.539062 0.531250 0.532813 0.537500 0.525000 0.537500 0.523438 0.535937 0.517188 0.535937 0.515625 0.537500 0.514062 0.537500 0.512500 0.539062 0.509375 0.539062 0.507812 0.540625 0.506250 0.540625 0.504687 0.542188 0.503125 0.542188 0.501563 0.543750 0.500000 0.543750 0.500000 0.545312 0.498437 0.546875 0.498437 0.564063 0.500000 0.565625 0.500000 0.568750 0.501563 0.570312 0.501563 0.581250 0.503125 0.582812 0.503125 0.585938 0.504687 0.587500 0.504687 0.592187 0.501563 0.595313 0.500000 0.595313 0.498437 0.596875 0.479687 0.596875 0.478125 0.598437 0.467187 0.598437 0.465625 0.600000 0.462500 0.600000 0.460938 0.598437 0.445312 0.598437 0.443750 0.596875 0.360938 0.596875 0.359375 0.598437 0.353125 0.598437 0.351562 0.596875 0.346875 0.596875 0.345313 0.598437 0.339062 0.598437 0.337500 0.596875 0.312500 0.596875 0.310937 0.595313 0.296875 0.595313 0.295312 0.593750 0.251563 0.593750 0.250000 0.592187 0.223438 0.592187 0.221875 0.593750 0.210938 0.593750 0.209375 0.595313 0.207813 0.595313 0.206250 0.596875 0.201563 0.596875 0.200000 0.598437 0.196875 0.598437 0.192188 0.603125 0.190625 0.603125 0.189062 0.604688 0.187500 0.604688 0.187500 0.606250 0.185938 0.607812 0.184375 0.607812 0.179688 0.612500 0.178125 0.612500 0.176563 0.614062 0.175000 0.614062 0.173437 0.615625 0.167187 0.615625 0.164062 0.618750 0.162500 0.618750 0.162500 0.620313 0.160938 0.621875 0.157812 0.621875 0.157812 0.623437 0.154688 0.626563 0.154688 0.628125 0.153125 0.629687 0.153125 0.631250 0.151562 0.632812 0.151562 0.634375 0.150000 0.635938 0.150000 0.637500 0.148438 0.639062 0.148438 0.640625 0.146875 0.642188 0.146875 0.645312 0.143750 0.648438 0.143750 0.650000 0.142187 0.651563 0.142187 0.653125 0.139063 0.656250 0.139063 0.657813 0.137500 0.659375 0.135937 0.659375 0.131250 0.664062 0.131250 0.665625 0.129688 0.667188 0.129688 0.668750 0.123438 0.675000 0.123438 0.676562 0.121875 0.678125 0.120313 0.678125 0.117188 0.681250 0.117188 0.684375 0.112500 0.689063 0.112500 0.690625 0.106250 0.696875 0.106250 0.700000 0.101562 0.704688 0.101562 0.707812 0.100000 0.709375 0.100000 0.710938 0.098437 0.712500 0.098437 0.715625 0.093750 0.720313 0.093750 0.721875 0.092188 0.723437 0.092188 0.731250 0.090625 0.732812 0.087500 0.732812 0.084375 0.735938 0.084375 0.737500 0.079687 0.742188 0.079687 0.743750 0.078125 0.745313 0.078125 0.746875 0.075000 0.750000 0.075000 0.751563 0.073438 0.753125 0.073438 0.754687 0.070312 0.757812 0.070312 0.762500 0.068750 0.764062 0.068750 0.765625 0.065625 0.768750 0.065625 0.770312 0.062500 0.773438 0.062500 0.776563 0.060937 0.778125 0.060937 0.781250 0.057813 0.784375 0.057813 0.785937 0.054688 0.789062 0.054688 0.793750 0.053125 0.795312 0.053125 0.796875 0.050000 0.800000 0.050000 0.803125 0.046875 0.806250 0.046875 0.807813 0.045312 0.809375 0.045312 0.810937 0.042188 0.814063 0.042188 0.815625 0.037500 0.820312 0.037500 0.821875 0.035937 0.823438 0.035937 0.825000 0.034375 0.826562 0.034375 0.828125 0.031250 0.831250 0.031250 0.832812 0.028125 0.835938 0.028125 0.840625 0.025000 0.843750 0.025000 0.845313 0.023438 0.846875 0.023438 0.850000 0.021875 0.851562 0.021875 0.854688 0.020313 0.856250 0.020313 0.857812 0.018750 0.859375 0.018750 0.862500 0.015625 0.865625 0.015625 0.867188 0.014063 0.868750 0.014063 0.871875 0.009375 0.876563 0.009375 0.878125 0.007812 0.879687 0.007812 0.881250 0.006250 0.882812 0.006250 0.885938 0.004687 0.887500 0.004687 0.893750 0.003125 0.895312 0.003125 0.926562 0.001563 0.928125 0.001563 0.932813 0.003125 0.934375 0.003125 0.935937 0.001563 0.937500 0.001563 0.940625 0.003125 0.942187 0.001563 0.943750 0.001563 0.948438 0.003125 0.950000 0.003125 0.957812 0.001563 0.959375 0.001563 0.964063 0.003125 0.965625 0.003125 0.967187 0.001563 0.968750 0.001563 0.995313 0.003125 0.996875 0.003125 0.998437 0.520312 0.998437 0.520312 0.995313 0.521875 0.993750 0.521875 0.992188 0.520312 0.990625 0.520312 0.976562 0.518750 0.975000 0.518750 0.971875 0.517188 0.970313 0.517188 0.968750 0.515625 0.967187 0.515625 0.959375 0.514062 0.957812 0.514062 0.953125 0.510938 0.950000 0.512500 0.948438 0.512500 0.945312 0.510938 0.943750 0.510938 0.940625 0.512500 0.939063 0.510938 0.937500 0.509375 0.937500 0.507812 0.935937 0.507812 0.921875 0.509375 0.920312 0.509375 0.914062 0.507812 0.912500 0.507812 0.909375 0.506250 0.907813 0.506250 0.904687 0.504687 0.903125 0.506250 0.901563 0.506250 0.900000 0.504687 0.898438 0.504687 0.896875 0.503125 0.895312 0.503125 0.890625 0.501563 0.889062 0.501563 0.885938 0.500000 0.884375 0.500000 0.864062 0.498437 0.862500 0.498437 0.859375 0.496875 0.857812 0.496875 0.845313 0.495312 0.843750 0.495312 0.842187 0.493750 0.840625 0.493750 0.829688 0.492188 0.828125 0.492188 0.815625 0.490625 0.814063 0.490625 0.810937 0.489063 0.809375 0.489063 0.800000 0.487500 0.798438 0.487500 0.795312 0.485938 0.793750 0.485938 0.785937 0.484375 0.784375 0.484375 0.773438 0.482812 0.771875 0.482812 0.767188 0.481250 0.765625 0.481250 0.757812 0.479687 0.756250 0.479687 0.750000 0.478125 0.748437 0.478125 0.743750 0.476562 0.742188 0.476562 0.732812 0.475000 0.731250 0.475000 0.723437 0.473438 0.721875 0.473438 0.717187 0.471875 0.715625 0.471875 0.704688 0.470313 0.703125 0.470313 0.700000 0.468750 0.698438 0.468750 0.685937 0.467187 0.684375 0.467187 0.678125 0.465625 0.676562 0.465625 0.670312 0.464062 0.668750 0.464062 0.657813 0.462500 0.656250 0.462500 0.654687 0.460938 0.653125 0.460938 0.642188 0.459375 0.640625 0.459375 0.625000 0.462500 0.621875 0.465625 0.621875 0.467187 0.620313 0.470313 0.620313 0.471875 0.621875 0.500000 0.621875 0.501563 0.623437 0.509375 0.623437 0.514062 0.628125 0.514062 0.634375 0.515625 0.635938 0.515625 0.642188 0.517188 0.643750 0.517188 0.646875 0.518750 0.648438 0.518750 0.657813 0.520312 0.659375 0.520312 0.660937 0.521875 0.662500 0.521875 0.667188 0.523438 0.668750 0.523438 0.671875 0.525000 0.673438 0.525000 0.675000 0.526563 0.676562 0.526563 0.681250 0.528125 0.682813 0.528125 0.685937 0.529687 0.687500 0.529687 0.693750 0.531250 0.695312 0.531250 0.698438 0.532813 0.700000 0.532813 0.703125 0.534375 0.704688 0.534375 0.709375 0.535937 0.710938 0.535937 0.714063 0.537500 0.715625 0.537500 0.718750 0.539062 0.720313 0.539062 0.723437 0.540625 0.725000 0.540625 0.726562 0.542188 0.728125 0.542188 0.731250 0.543750 0.732812 0.543750 0.735938 0.545312 0.737500 0.545312 0.742188 0.546875 0.743750 0.546875 0.748437 0.548438 0.750000 0.548438 0.753125 0.550000 0.754687 0.550000 0.759375 0.551562 0.760938 0.551562 0.762500 0.553125 0.764062 0.553125 0.767188 0.554688 0.768750 0.554688 0.771875 0.557813 0.775000 0.557813 0.779687 0.559375 0.781250 0.559375 0.782813 0.560937 0.784375 0.560937 0.789062 0.562500 0.790625 0.562500 0.792188 0.564063 0.793750 0.564063 0.798438 0.565625 0.800000 0.565625 0.803125 0.567187 0.804688 0.567187 0.807813 0.568750 0.809375 0.568750 0.812500 0.570312 0.814063 0.570312 0.817187 0.571875 0.818750 0.571875 0.820312 0.573438 0.821875 0.573438 0.825000 0.575000 0.826562 0.575000 0.829688 0.576562 0.831250 0.576562 0.835938 0.578125 0.837500 0.578125 0.839063 0.579688 0.840625 0.579688 0.843750 0.581250 0.845313 0.581250 0.851562 0.582812 0.853125 0.582812 0.854688 0.584375 0.856250 0.584375 0.859375 0.585938 0.860938 0.585938 0.865625 0.587500 0.867188 0.587500 0.868750 0.589063 0.870313 0.589063 0.875000 0.590625 0.876563 0.590625 0.878125 0.592187 0.879687 0.592187 0.887500 0.593750 0.889062 0.593750 0.893750 0.595313 0.895312 0.595313 0.898438 0.596875 0.900000 0.596875 0.901563 0.598437 0.903125 0.598437 0.907813 0.600000 0.909375 0.600000 0.914062 0.601562 0.915625 0.601562 0.918750 0.603125 0.920312 0.603125 0.921875 0.604688 0.923438 0.604688 0.926562 0.606250 0.928125 0.606250 0.931250 0.607812 0.932813 0.607812 0.937500 0.609375 0.939063 0.609375 0.942187 0.610938 0.943750 0.610938 0.945312 0.612500 0.946875 0.612500 0.948438 0.614062 0.950000 0.614062 0.956250 0.615625 0.957812 0.615625 0.960938 0.617188 0.962500 0.617188 0.964063 0.618750 0.965625 0.618750 0.968750 0.620313 0.970313 0.620313 0.975000 0.621875 0.976562 0.621875 0.979688 0.623437 0.981250 0.623437 0.989062 0.625000 0.990625 0.625000 0.993750 0.628125 0.996875 0.628125 0.998437 0.939063 0.998437 0.940625 0.996875 0.942187 0.996875 0.943750 0.998437 0.951562 0.998437 0.951562 0.996875 0.954688 0.993750 0.956250 0.993750 0.957812 0.995313 0.959375 0.995313 0.962500 0.998437 0.967187 0.998437 0.967187 0.995313 0.968750 0.993750 0.968750 0.987500 0.970313 0.985938 0.971875 0.987500 0.971875 0.993750 0.976562 0.993750 0.978125 0.995313 0.984375 0.995313 0.985938 0.993750 0.990625 0.993750 0.992188 0.995313 0.993750 0.995313 0.995313 0.993750 0.998437 0.993750 0.993750 0.989062 0.995313 0.987500 0.995313 0.985938 0.996875 0.984375 0.998437 0.984375 0.998437 0.976562 0.995313 0.973437 0.995313 0.971875 0.996875 0.970313 0.998437 0.970313 0.998437 0.628125 0.996875 0.628125 0.995313 0.626563 0.993750 0.626563 0.990625 0.623437 0.989062 0.623437 0.987500 0.621875 0.985938 0.621875 0.984375 0.620313 0.979688 0.620313 0.976562 0.617188 0.975000 0.617188 0.973437 0.615625 0.971875 0.615625 0.970313 0.614062 0.968750 0.614062 0.967187 0.612500 0.965625 0.612500 0.962500 0.609375 0.960938 0.609375 0.959375 0.607812 0.957812 0.607812 0.954688 0.604688 0.951562 0.604688 0.948438 0.601562 0.946875 0.601562 0.945312 0.600000 0.943750 0.600000 0.942187 0.598437 0.940625 0.598437 0.939063 0.596875 0.937500 0.596875 0.932813 0.592187 0.931250 0.592187 0.929688 0.590625 0.928125 0.590625 0.926562 0.589063 0.925000 0.589063 0.921875 0.585938 0.918750 0.585938 0.917188 0.584375 0.915625 0.584375 0.912500 0.581250 0.910937 0.581250 0.907813 0.578125 0.906250 0.578125 0.904687 0.576562 0.903125 0.576562 0.901563 0.575000 0.900000 0.575000 0.898438 0.573438 0.896875 0.573438 0.893750 0.570312 0.892188 0.570312 0.890625 0.568750 0.889062 0.568750 0.887500 0.567187 0.885938 0.567187 0.881250 0.562500 0.879687 0.562500 0.878125 0.560937 0.876563 0.560937 0.875000 0.559375 0.873437 0.559375 0.871875 0.557813 0.870313 0.557813 0.865625 0.553125 0.862500 0.553125 0.860938 0.551562 0.859375 0.551562 0.857812 0.550000 0.856250 0.550000 0.854688 0.548438 0.853125 0.548438 0.850000 0.545312 0.848437 0.545312 0.846875 0.543750 0.845313 0.543750 0.843750 0.542188 0.842187 0.542188 0.839063 0.539062 0.837500 0.539062 0.835938 0.537500 0.834375 0.537500 0.829688 0.532813 0.828125 0.532813 0.826562 0.531250 0.825000 0.531250 0.823438 0.529687 0.821875 0.529687 0.818750 0.526563 0.817187 0.526563 0.815625 0.525000 0.814063 0.525000 0.812500 0.523438 0.810937 0.523438 0.809375 0.521875 0.806250 0.521875 0.803125 0.518750 0.801562 0.518750 0.798438 0.515625 0.796875 0.515625 0.795312 0.514062 0.793750 0.514062 0.792188 0.512500 0.790625 0.512500 0.787500 0.509375 0.785937 0.509375 0.784375 0.507812 0.781250 0.507812 0.779687 0.506250 0.778125 0.506250 0.775000 0.503125 0.773438 0.503125 0.770312 0.500000 0.768750 0.500000 0.767188 0.498437 0.765625 0.498437 0.764062 0.496875 0.762500 0.496875 0.760938 0.495312 0.759375 0.495312 0.754687 0.490625 0.751563 0.490625 0.748437 0.487500 0.745313 0.487500 0.740625 0.482812 0.737500 0.482812 0.735938 0.481250 0.734375 0.481250 0.732812 0.479687 0.729688 0.479687 0.725000 0.475000 0.721875 0.475000 0.720313 0.473438 0.718750 0.473438 0.717187 0.471875 0.715625 0.471875 0.710938 0.467187 0.709375 0.467187 0.707812 0.465625 0.706250 0.465625 0.704688 0.464062 0.703125 0.464062 0.701562 0.462500 0.700000 0.462500 0.696875 0.459375 0.695312 0.459375 0.693750 0.457813 0.692187 0.457813 0.690625 0.456250 0.689063 0.456250 0.685937 0.453125 0.684375 0.453125 0.682813 0.451562 0.681250 0.451562 0.679688 0.450000 0.678125 0.450000 0.676562 0.448437 0.675000 0.448437 0.671875 0.445312 0.668750 0.445312 0.667188 0.443750 0.665625 0.443750 0.662500 0.440625 0.660937 0.440625 0.657813 0.437500 0.656250 0.437500 0.651563 0.432812 0.648438 0.432812 0.645312 0.429688 0.640625 0.429688 0.639062 0.428125 0.635938 0.428125 0.631250 0.423438 0.629687 0.423438 0.626563 0.420312 0.621875 0.420312 0.618750 0.417187 0.617188 0.417187 0.612500 0.412500 0.609375 0.412500 0.606250 0.409375 0.604688 0.409375 0.603125 0.407813 0.601562 0.407813 0.598437 0.404687 0.595313 0.404687 0.593750 0.403125 0.592187 0.403125 0.590625 0.401562 0.589063 0.401562 0.584375 0.396875 0.582812 0.396875 0.579688 0.393750 0.578125 0.393750 0.575000 0.390625 0.573438 0.390625 0.568750 0.385937 0.567187 0.385937 0.564063 0.382812 0.560937 0.382812 0.559375 0.381250 0.557813 0.381250 0.551562 0.375000 0.550000 0.375000 0.548438 0.373437 0.545312 0.373437 0.542188 0.370312 0.540625 0.370312 0.535937 0.365625 0.534375 0.365625 0.532813 0.364063 0.531250 0.364063 0.528125 0.360938 0.526563 0.360938 0.525000 0.359375 0.523438 0.359375 0.521875 0.357812 0.520312 0.357812 0.517188 0.354687 0.515625 0.354687 0.514062 0.353125 0.512500 0.353125 0.510938 0.351562 0.509375 0.351562 0.504687 0.346875 0.503125 0.346875 0.500000 0.343750 0.496875 0.343750 0.493750 0.340625 0.492188 0.340625 0.489063 0.337500 0.487500 0.337500 0.485938 0.335938 0.484375 0.335938 0.481250 0.332813 0.479687 0.332813 0.478125 0.331250 0.476562 0.331250 0.475000 0.329688 0.475000 0.328125 0.473438 0.326562 0.471875 0.326562 0.470313 0.325000 0.468750 0.325000 0.467187 0.323437 0.464062 0.323437 0.462500 0.321875 0.460938 0.321875 0.456250 0.317188 0.454688 0.317188 0.450000 0.312500 0.450000 0.310937 0.445312 0.306250 0.442188 0.306250 0.440625 0.304688