0 0.926562 0.893750 0.925000 0.895312 0.926562 0.896875
0 0.023438 0.198437 0.021875 0.200000 0.020313 0.200000 0.028125 0.200000 0.028125 0.198437
0 0.145313 0.187500 0.143750 0.189062 0.146875 0.189062
0 0.043750 0.118750 0.042188 0.120313 0.040625 0.120313 0.040625 0.121875 0.043750 0.121875
0 0.929688 0.085938 0.928125 0.087500 0.929688 0.087500 0.931250 0.089063 0.932813 0.087500 0.934375 0.087500 0.932813 0.087500 0.931250 0.085938
0 0.043750 0.084375 0.042188 0.085938 0.040625 0.085938 0.040625 0.090625 0.042188 0.090625 0.043750 0.092188 0.043750 0.089063 0.045312 0.087500 0.045312 0.085938
0 0.064062 0.081250 0.062500 0.082812 0.050000 0.082812 0.050000 0.085938 0.051562 0.085938 0.053125 0.087500 0.053125 0.089063 0.054688 0.090625 0.054688 0.092188 0.056250 0.093750 0.062500 0.093750 0.067187 0.089063 0.067187 0.087500 0.068750 0.085938 0.071875 0.085938 0.071875 0.082812 0.070312 0.082812 0.068750 0.081250
0 0.923438 0.078125 0.921875 0.079687 0.921875 0.082812 0.923438 0.084375 0.923438 0.085938 0.923438 0.082812 0.925000 0.081250 0.925000 0.079687
0 0.800000 0.064062 0.796875 0.067187 0.798438 0.068750 0.798438 0.070312 0.800000 0.068750 0.806250 0.068750 0.809375 0.065625 0.810937 0.065625 0.814063 0.068750 0.814063 0.071875 0.815625 0.070312 0.818750 0.070312 0.821875 0.067187 0.823438 0.067187 0.821875 0.065625 0.821875 0.064062
0 0.773438 0.064062 0.771875 0.065625 0.768750 0.065625 0.767188 0.067187 0.768750 0.068750 0.771875 0.068750 0.773438 0.067187 0.775000 0.067187 0.776563 0.065625 0.776563 0.064062
0 0.757812 0.064062 0.759375 0.064062 0.760938 0.065625 0.764062 0.065625 0.764062 0.064062
0 0.851562 0.062500 0.850000 0.064062 0.846875 0.064062 0.843750 0.067187 0.840625 0.064062 0.828125 0.064062 0.828125 0.067187 0.829688 0.068750 0.834375 0.068750 0.835938 0.067187 0.846875 0.067187 0.848437 0.068750 0.850000 0.068750 0.851562 0.067187 0.856250 0.067187 0.857812 0.068750 0.867188 0.068750 0.868750 0.067187 0.871875 0.067187 0.873437 0.068750 0.881250 0.068750 0.882812 0.067187 0.884375 0.067187 0.885938 0.065625 0.885938 0.064062 0.868750 0.064062 0.867188 0.062500 0.859375 0.062500 0.857812 0.064062 0.854688 0.064062 0.853125 0.062500
0 0.556250 0.056250 0.554688 0.057813 0.545312 0.057813 0.543750 0.059375 0.528125 0.059375 0.526563 0.057813 0.518750 0.057813 0.517188 0.059375 0.507812 0.059375 0.506250 0.060937 0.503125 0.060937 0.501563 0.062500 0.500000 0.062500 0.498437 0.064062 0.493750 0.064062 0.492188 0.065625 0.489063 0.065625 0.487500 0.067187 0.479687 0.067187 0.478125 0.068750 0.475000 0.068750 0.475000 0.081250 0.476562 0.082812 0.475000 0.084375 0.475000 0.114062 0.476562 0.115625 0.476562 0.117188 0.478125 0.118750 0.478125 0.125000 0.476562 0.126562 0.476562 0.128125 0.475000 0.129688 0.475000 0.134375 0.476562 0.135937 0.476562 0.154688 0.473438 0.157812 0.471875 0.157812 0.470313 0.159375 0.467187 0.159375 0.465625 0.157812 0.457813 0.157812 0.456250 0.156250 0.454688 0.156250 0.448437 0.150000 0.448437 0.148438 0.445312 0.145313 0.445312 0.143750 0.442188 0.140625 0.442188 0.139063 0.440625 0.137500 0.440625 0.135937 0.439063 0.135937 0.437500 0.134375 0.437500 0.132812 0.435937 0.131250 0.425000 0.131250 0.423438 0.132812 0.420312 0.129688 0.420312 0.126562 0.421875 0.125000 0.432812 0.125000 0.434375 0.126562 0.439063 0.126562 0.442188 0.123438 0.442188 0.121875 0.440625 0.120313 0.439063 0.120313 0.437500 0.118750 0.435937 0.118750 0.434375 0.117188 0.439063 0.112500 0.445312 0.112500 0.446875 0.110937 0.448437 0.112500 0.450000 0.112500 0.451562 0.110937 0.451562 0.103125 0.450000 0.101562 0.450000 0.093750 0.448437 0.092188 0.448437 0.075000 0.446875 0.073438 0.446875 0.070312 0.448437 0.068750 0.446875 0.067187 0.429688 0.067187 0.428125 0.065625 0.425000 0.065625 0.423438 0.067187 0.421875 0.067187 0.420312 0.065625 0.398438 0.065625 0.396875 0.064062 0.393750 0.064062 0.392188 0.065625 0.384375 0.065625 0.382812 0.064062 0.378125 0.064062 0.376563 0.065625 0.367188 0.065625 0.365625 0.064062 0.364063 0.064062 0.362500 0.065625 0.314063 0.065625 0.312500 0.067187 0.304688 0.067187 0.303125 0.065625 0.301563 0.065625 0.300000 0.067187 0.271875 0.067187 0.270313 0.065625 0.268750 0.067187 0.265625 0.067187 0.264062 0.065625 0.257812 0.065625 0.256250 0.067187 0.246875 0.067187 0.245312 0.068750 0.239063 0.068750 0.237500 0.070312 0.210938 0.070312 0.209375 0.071875 0.204687 0.071875 0.203125 0.070312 0.198437 0.070312 0.196875 0.071875 0.195312 0.070312 0.190625 0.070312 0.189062 0.071875 0.182812 0.071875 0.181250 0.073438 0.171875 0.073438 0.170313 0.071875 0.168750 0.071875 0.167187 0.073438 0.164062 0.073438 0.162500 0.071875 0.151562 0.071875 0.150000 0.073438 0.148438 0.073438 0.146875 0.071875 0.142187 0.071875 0.140625 0.073438 0.139063 0.071875 0.137500 0.073438 0.132812 0.073438 0.131250 0.071875 0.101562 0.071875 0.101562 0.079687 0.100000 0.081250 0.100000 0.085938 0.101562 0.087500 0.101562 0.090625 0.104688 0.093750 0.107813 0.093750 0.109375 0.092188 0.109375 0.090625 0.110937 0.089063 0.112500 0.090625 0.112500 0.098437 0.114062 0.100000 0.114062 0.101562 0.117188 0.101562 0.118750 0.103125 0.121875 0.103125 0.123438 0.104688 0.125000 0.104688 0.126562 0.106250 0.126562 0.110937 0.128125 0.112500 0.128125 0.117188 0.129688 0.118750 0.128125 0.120313 0.128125 0.121875 0.129688 0.123438 0.129688 0.128125 0.131250 0.129688 0.128125 0.132812 0.126562 0.132812 0.125000 0.134375 0.120313 0.134375 0.118750 0.135937 0.112500 0.135937 0.110937 0.137500 0.107813 0.137500 0.106250 0.139063 0.090625 0.139063 0.089063 0.140625 0.087500 0.140625 0.085938 0.139063 0.084375 0.139063 0.082812 0.137500 0.081250 0.137500 0.079687 0.135937 0.076563 0.135937 0.075000 0.134375 0.071875 0.134375 0.068750 0.131250 0.067187 0.131250 0.064062 0.128125 0.057813 0.128125 0.056250 0.129688 0.054688 0.129688 0.051562 0.132812 0.050000 0.132812 0.037500 0.145313 0.037500 0.146875 0.035937 0.148438 0.023438 0.148438 0.020313 0.145313 0.020313 0.137500 0.012500 0.137500 0.010937 0.139063 0.010937 0.140625 0.012500 0.142187 0.014063 0.142187 0.015625 0.143750 0.015625 0.145313 0.012500 0.148438 0.007812 0.148438 0.006250 0.146875 0.006250 0.140625 0.004687 0.140625 0.003125 0.142187 0.004687 0.143750 0.004687 0.146875 0.003125 0.148438 0.003125 0.153125 0.001563 0.154688 0.001563 0.156250 0.003125 0.157812 0.003125 0.159375 0.004687 0.160938 0.004687 0.162500 0.006250 0.162500 0.006250 0.160938 0.009375 0.157812 0.012500 0.160938 0.010937 0.162500 0.010937 0.170313 0.007812 0.173437 0.006250 0.173437 0.007812 0.175000 0.007812 0.176563 0.012500 0.181250 0.015625 0.178125 0.018750 0.178125 0.020313 0.179688 0.023438 0.179688 0.025000 0.181250 0.026562 0.181250 0.028125 0.182812 0.029687 0.182812 0.031250 0.181250 0.037500 0.181250 0.039062 0.182812 0.045312 0.182812 0.046875 0.181250 0.050000 0.181250 0.051562 0.179688 0.053125 0.181250 0.056250 0.181250 0.057813 0.182812 0.062500 0.182812 0.064062 0.181250 0.070312 0.181250 0.071875 0.182812 0.073438 0.181250 0.084375 0.181250 0.085938 0.182812 0.096875 0.182812 0.098437 0.181250 0.100000 0.181250 0.101562 0.182812 0.103125 0.182812 0.104688 0.184375 0.106250 0.184375 0.107813 0.182812 0.109375 0.182812 0.110937 0.181250 0.115625 0.181250 0.117188 0.182812 0.120313 0.182812 0.121875 0.181250 0.126562 0.181250 0.128125 0.179688 0.129688 0.179688 0.131250 0.181250 0.132812 0.181250 0.134375 0.182812 0.146875 0.182812 0.150000 0.185938 0.151562 0.184375 0.153125 0.184375 0.154688 0.182812 0.164062 0.182812 0.165625 0.184375 0.165625 0.185938 0.164062 0.187500 0.164062 0.190625 0.165625 0.192188 0.165625 0.193750 0.162500 0.196875 0.162500 0.198437 0.159375 0.201563 0.157812 0.201563 0.156250 0.203125 0.153125 0.203125 0.150000 0.206250 0.148438 0.206250 0.146875 0.207813 0.145313 0.207813 0.143750 0.209375 0.142187 0.209375 0.140625 0.210938 0.129688 0.210938 0.128125 0.212500 0.128125 0.215625 0.126562 0.217188 0.125000 0.217188 0.120313 0.221875 0.118750 0.221875 0.117188 0.223438 0.115625 0.223438 0.114062 0.225000 0.110937 0.225000 0.109375 0.226562 0.107813 0.226562 0.101562 0.232813 0.100000 0.232813 0.098437 0.234375 0.095312 0.234375 0.093750 0.235937 0.092188 0.235937 0.090625 0.237500 0.087500 0.237500 0.081250 0.243750 0.079687 0.243750 0.078125 0.245312 0.076563 0.245312 0.073438 0.248438 0.071875 0.248438 0.065625 0.254688 0.062500 0.254688 0.060937 0.256250 0.059375 0.256250 0.057813 0.257812 0.054688 0.257812 0.054688 0.259375 0.051562 0.262500 0.050000 0.262500 0.048438 0.264062 0.032813 0.264062 0.031250 0.265625 0.029687 0.265625 0.028125 0.267188 0.028125 0.268750 0.023438 0.273438 0.023438 0.275000 0.018750 0.279687 0.017188 0.279687 0.015625 0.281250 0.014063 0.281250 0.012500 0.282813 0.012500 0.284375 0.009375 0.287500 0.006250 0.287500 0.003125 0.290625 0.000000 0.290625 0.000000 0.798438 0.001563 0.800000 0.001563 0.809375 0.000000 0.810937 0.000000 0.873437 0.001563 0.875000 0.001563 0.890625 0.003125 0.892188 0.003125 0.900000 0.001563 0.901563 0.001563 0.904687 0.003125 0.906250 0.003125 0.918750 0.001563 0.920312 0.001563 0.925000 0.003125 0.926562 0.003125 0.931250 0.006250 0.934375 0.006250 0.945312 0.004687 0.946875 0.004687 0.948438 0.003125 0.950000 0.003125 0.960938 0.001563 0.962500 0.003125 0.964063 0.003125 0.998437 0.890625 0.998437 0.890625 0.995313 0.892188 0.993750 0.893750 0.995313 0.895312 0.995313 0.896875 0.993750 0.900000 0.993750 0.903125 0.996875 0.903125 0.998437 0.903125 0.995313 0.904687 0.993750 0.904687 0.982812 0.903125 0.981250 0.903125 0.976562 0.903125 0.979688 0.898438 0.984375 0.896875 0.982812 0.895312 0.982812 0.893750 0.984375 0.892188 0.984375 0.889062 0.981250 0.889062 0.975000 0.890625 0.973437 0.890625 0.971875 0.892188 0.970313 0.895312 0.973437 0.896875 0.971875 0.896875 0.970313 0.898438 0.968750 0.900000 0.968750 0.903125 0.971875 0.903125 0.970313 0.904687 0.968750 0.904687 0.965625 0.903125 0.964063 0.903125 0.960938 0.903125 0.962500 0.900000 0.965625 0.900000 0.967187 0.898438 0.968750 0.893750 0.968750 0.892188 0.967187 0.892188 0.965625 0.895312 0.962500 0.895312 0.960938 0.896875 0.959375 0.896875 0.956250 0.898438 0.954688 0.898438 0.953125 0.900000 0.951562 0.903125 0.954688 0.904687 0.953125 0.904687 0.950000 0.906250 0.948438 0.906250 0.942187 0.907813 0.940625 0.909375 0.942187 0.910937 0.942187 0.914062 0.945312 0.914062 0.946875 0.918750 0.951562 0.920312 0.950000 0.920312 0.939063 0.918750 0.937500 0.906250 0.937500 0.904687 0.935937 0.904687 0.920312 0.903125 0.918750 0.903125 0.909375 0.904687 0.907813 0.904687 0.898438 0.907813 0.895312 0.909375 0.896875 0.910937 0.896875 0.912500 0.895312 0.910937 0.893750 0.907813 0.893750 0.906250 0.892188 0.906250 0.884375 0.907813 0.882812 0.912500 0.887500 0.914062 0.887500 0.917188 0.890625 0.921875 0.890625 0.923438 0.889062 0.925000 0.889062 0.926562 0.890625 0.932813 0.890625 0.935937 0.893750 0.935937 0.896875 0.934375 0.898438 0.934375 0.903125 0.935937 0.901563 0.935937 0.900000 0.939063 0.896875 0.942187 0.900000 0.942187 0.901563 0.943750 0.901563 0.943750 0.900000 0.945312 0.898438 0.945312 0.895312 0.946875 0.893750 0.948438 0.895312 0.948438 0.903125 0.950000 0.904687 0.951562 0.904687 0.954688 0.907813 0.954688 0.912500 0.956250 0.914062 0.956250 0.915625 0.957812 0.917188 0.960938 0.917188 0.968750 0.925000 0.968750 0.928125 0.967187 0.929688 0.967187 0.935937 0.968750 0.937500 0.968750 0.940625 0.970313 0.942187 0.970313 0.945312 0.970313 0.943750 0.971875 0.942187 0.971875 0.940625 0.973437 0.939063 0.973437 0.935937 0.975000 0.934375 0.975000 0.932813 0.976562 0.931250 0.976562 0.928125 0.984375 0.920312 0.984375 0.918750 0.985938 0.917188 0.987500 0.917188 0.987500 0.906250 0.989062 0.904687 0.996875 0.904687 0.998437 0.906250 0.998437 0.831250 0.996875 0.829688 0.998437 0.828125 0.998437 0.821875 0.995313 0.821875 0.990625 0.817187 0.990625 0.815625 0.989062 0.814063 0.989062 0.810937 0.987500 0.809375 0.990625 0.806250 0.990625 0.796875 0.992188 0.795312 0.992188 0.793750 0.995313 0.790625 0.995313 0.787500 0.996875 0.785937 0.998437 0.785937 0.998437 0.445312 0.996875 0.445312 0.995313 0.443750 0.995313 0.442188 0.993750 0.440625 0.992188 0.440625 0.990625 0.439063 0.990625 0.437500 0.989062 0.437500 0.975000 0.423438 0.975000 0.421875 0.973437 0.420312 0.971875 0.420312 0.967187 0.415625 0.967187 0.414062 0.965625 0.414062 0.932813 0.381250 0.931250 0.381250 0.928125 0.378125 0.928125 0.376563 0.925000 0.373437 0.923438 0.373437 0.921875 0.371875 0.921875 0.370312 0.918750 0.367188 0.917188 0.367188 0.909375 0.359375 0.907813 0.359375 0.889062 0.340625 0.889062 0.339062 0.887500 0.339062 0.885938 0.337500 0.885938 0.335938 0.884375 0.334375 0.882812 0.334375 0.881250 0.332813 0.881250 0.331250 0.865625 0.315625 0.865625 0.314063 0.864062 0.312500 0.862500 0.312500 0.859375 0.309375 0.859375 0.307812 0.854688 0.303125 0.853125 0.303125 0.846875 0.296875 0.845313 0.296875 0.843750 0.295312 0.843750 0.293750 0.832812 0.282813 0.831250 0.282813 0.826562 0.278125 0.826562 0.276562 0.825000 0.276562 0.815625 0.267188 0.814063 0.267188 0.801562 0.254688 0.801562 0.253125 0.800000 0.253125 0.795312 0.248438 0.793750 0.248438 0.792188 0.246875 0.792188 0.245312 0.779687 0.232813 0.779687 0.231250 0.778125 0.231250 0.776563 0.229687 0.776563 0.228125 0.775000 0.226562 0.773438 0.226562 0.764062 0.217188 0.762500 0.217188 0.760938 0.215625 0.760938 0.214062 0.750000 0.203125 0.750000 0.201563 0.748437 0.201563 0.740625 0.193750 0.739062 0.193750 0.735938 0.190625 0.726562 0.190625 0.725000 0.189062 0.701562 0.189062 0.700000 0.190625 0.698438 0.189062 0.673438 0.189062 0.671875 0.190625 0.667188 0.190625 0.665625 0.189062 0.651563 0.189062 0.650000 0.187500 0.646875 0.187500 0.645312 0.189062 0.643750 0.189062 0.642188 0.187500 0.640625 0.189062 0.635938 0.189062 0.634375 0.187500 0.631250 0.187500 0.629687 0.189062 0.626563 0.189062 0.625000 0.187500 0.620313 0.187500 0.618750 0.185938 0.617188 0.185938 0.615625 0.187500 0.612500 0.187500 0.610938 0.185938 0.609375 0.185938 0.607812 0.187500 0.562500 0.187500 0.560937 0.189062 0.501563 0.189062 0.500000 0.190625 0.496875 0.190625 0.495312 0.189062 0.470313 0.189062 0.468750 0.190625 0.464062 0.190625 0.462500 0.189062 0.389062 0.189062 0.387500 0.190625 0.385937 0.189062 0.378125 0.189062 0.376563 0.190625 0.373437 0.190625 0.371875 0.189062 0.362500 0.189062 0.360938 0.190625 0.273438 0.190625 0.271875 0.192188 0.270313 0.192188 0.268750 0.190625 0.220312 0.190625 0.218750 0.192188 0.209375 0.192188 0.207813 0.193750 0.206250 0.192188 0.203125 0.192188 0.201563 0.193750 0.175000 0.193750 0.173437 0.195312 0.170313 0.192188 0.170313 0.187500 0.168750 0.185938 0.167187 0.185938 0.165625 0.184375 0.167187 0.182812 0.175000 0.182812 0.176563 0.181250 0.178125 0.181250 0.179688 0.182812 0.189062 0.182812 0.190625 0.181250 0.193750 0.181250 0.195312 0.182812 0.198437 0.182812 0.200000 0.184375 0.204687 0.184375 0.206250 0.182812 0.210938 0.182812 0.212500 0.184375 0.214062 0.182812 0.220312 0.182812 0.221875 0.181250 0.225000 0.181250 0.226562 0.182812 0.237500 0.182812 0.239063 0.181250 0.240625 0.181250 0.242188 0.182812 0.253125 0.182812 0.254688 0.181250 0.256250 0.182812 0.267188 0.182812 0.268750 0.181250 0.271875 0.181250 0.275000 0.184375 0.276562 0.182812 0.282813 0.182812 0.284375 0.181250 0.287500 0.181250 0.289062 0.182812 0.290625 0.182812 0.292187 0.181250 0.315625 0.181250 0.317188 0.179688 0.318750 0.181250 0.320312 0.181250 0.321875 0.182812 0.323437 0.181250 0.329688 0.181250 0.331250 0.179688 0.334375 0.179688 0.337500 0.182812 0.339062 0.182812 0.340625 0.181250 0.346875 0.181250 0.348438 0.179688 0.350000 0.181250 0.356250 0.181250 0.357812 0.179688 0.368750 0.179688 0.370312 0.181250 0.371875 0.181250 0.373437 0.179688 0.376563 0.179688 0.378125 0.178125 0.381250 0.178125 0.382812 0.179688 0.392188 0.179688 0.393750 0.178125 0.396875 0.178125 0.398438 0.179688 0.401562 0.179688 0.403125 0.178125 0.406250 0.178125 0.407813 0.176563 0.410938 0.176563 0.412500 0.178125 0.423438 0.178125 0.425000 0.176563 0.426563 0.176563 0.428125 0.178125 0.431250 0.178125 0.432812 0.179688 0.440625 0.179688 0.442188 0.178125 0.443750 0.179688 0.445312 0.179688 0.446875 0.181250 0.448437 0.179688 0.456250 0.179688 0.457813 0.178125 0.459375 0.179688 0.470313 0.179688 0.471875 0.178125 0.475000 0.178125 0.476562 0.179688 0.487500 0.179688 0.489063 0.178125 0.490625 0.179688 0.512500 0.179688 0.514062 0.178125 0.517188 0.178125 0.518750 0.179688 0.550000 0.179688 0.551562 0.178125 0.553125 0.179688 0.562500 0.179688 0.564063 0.178125 0.623437 0.178125 0.625000 0.176563 0.631250 0.176563 0.632812 0.178125 0.637500 0.178125 0.639062 0.176563 0.646875 0.176563 0.648438 0.178125 0.651563 0.178125 0.653125 0.176563 0.656250 0.176563 0.657813 0.175000 0.662500 0.175000 0.664062 0.176563 0.665625 0.176563 0.667188 0.175000 0.670312 0.175000 0.671875 0.176563 0.675000 0.176563 0.676562 0.175000 0.678125 0.175000 0.679688 0.176563 0.681250 0.176563 0.682813 0.175000 0.685937 0.175000 0.687500 0.173437 0.729688 0.173437 0.731250 0.171875 0.735938 0.176563 0.737500 0.175000 0.746875 0.175000 0.748437 0.173437 0.762500 0.173437 0.760938 0.173437 0.759375 0.171875 0.754687 0.171875 0.753125 0.170313 0.753125 0.168750 0.756250 0.165625 0.762500 0.165625 0.765625 0.168750 0.765625 0.173437 0.767188 0.171875 0.767188 0.168750 0.770312 0.165625 0.771875 0.165625 0.775000 0.168750 0.776563 0.167187 0.778125 0.167187 0.781250 0.170313 0.784375 0.170313 0.785937 0.168750 0.787500 0.168750 0.789062 0.170313 0.792188 0.170313 0.793750 0.168750 0.795312 0.170313 0.800000 0.170313 0.801562 0.168750 0.803125 0.170313 0.807813 0.170313 0.809375 0.168750 0.810937 0.170313 0.854688 0.170313 0.856250 0.168750 0.857812 0.170313 0.867188 0.170313 0.868750 0.171875 0.870313 0.170313 0.878125 0.170313 0.879687 0.168750 0.881250 0.168750 0.882812 0.170313 0.885938 0.170313 0.887500 0.168750 0.892188 0.168750 0.895312 0.165625 0.896875 0.165625 0.898438 0.167187 0.904687 0.167187 0.906250 0.168750 0.907813 0.168750 0.910937 0.165625 0.918750 0.165625 0.920312 0.167187 0.921875 0.167187 0.923438 0.168750 0.925000 0.167187 0.929688 0.167187 0.931250 0.168750 0.932813 0.167187 0.939063 0.167187 0.940625 0.165625 0.948438 0.165625 0.950000 0.164062 0.951562 0.165625 0.984375 0.165625 0.985938 0.167187 0.987500 0.165625 0.992188 0.165625 0.993750 0.167187 0.998437 0.167187 0.998437 0.114062 0.996875 0.112500 0.979688 0.112500 0.978125 0.110937 0.970313 0.110937 0.968750 0.109375 0.964063 0.109375 0.962500 0.107813 0.960938 0.107813 0.957812 0.104688 0.928125 0.104688 0.926562 0.103125 0.915625 0.103125 0.914062 0.101562 0.912500 0.101562 0.910937 0.100000 0.906250 0.100000 0.904687 0.101562 0.903125 0.101562 0.901563 0.100000 0.893750 0.100000 0.890625 0.096875 0.890625 0.093750 0.892188 0.092188 0.893750 0.092188 0.893750 0.090625 0.896875 0.087500 0.898438 0.087500 0.898438 0.085938 0.900000 0.084375 0.900000 0.082812 0.901563 0.081250 0.901563 0.079687 0.890625 0.079687 0.889062 0.078125 0.848437 0.078125 0.846875 0.079687 0.829688 0.079687 0.828125 0.081250 0.828125 0.090625 0.826562 0.092188 0.823438 0.092188 0.821875 0.090625 0.820312 0.090625 0.817187 0.087500 0.821875 0.082812 0.821875 0.079687 0.815625 0.079687 0.814063 0.078125 0.812500 0.079687 0.812500 0.087500 0.810937 0.089063 0.810937 0.090625 0.809375 0.092188 0.806250 0.089063 0.796875 0.089063 0.793750 0.092188 0.792188 0.090625 0.785937 0.090625 0.784375 0.089063 0.781250 0.089063 0.779687 0.090625 0.775000 0.090625 0.771875 0.093750 0.764062 0.093750 0.762500 0.092188 0.757812 0.092188 0.756250 0.090625 0.756250 0.087500 0.759375 0.084375 0.759375 0.081250 0.760938 0.079687 0.754687 0.079687 0.753125 0.078125 0.751563 0.078125 0.750000 0.076563 0.742188 0.076563 0.740625 0.078125 0.739062 0.078125 0.737500 0.076563 0.735938 0.076563 0.734375 0.075000 0.734375 0.073438 0.732812 0.071875 0.732812 0.070312 0.734375 0.068750 0.735938 0.068750 0.737500 0.067187 0.739062 0.067187 0.740625 0.065625 0.746875 0.065625 0.750000 0.068750 0.750000 0.070312 0.751563 0.070312 0.754687 0.067187 0.754687 0.065625 0.753125 0.064062 0.737500 0.064062 0.735938 0.062500 0.734375 0.064062 0.729688 0.064062 0.729688 0.065625 0.731250 0.067187 0.731250 0.068750 0.728125 0.071875 0.726562 0.071875 0.725000 0.073438 0.723437 0.073438 0.721875 0.071875 0.721875 0.067187 0.718750 0.064062 0.715625 0.064062 0.712500 0.067187 0.709375 0.064062 0.707812 0.064062 0.706250 0.062500 0.701562 0.062500 0.700000 0.064062 0.690625 0.064062 0.689063 0.062500 0.690625 0.060937 0.692187 0.060937 0.692187 0.059375 0.684375 0.059375 0.684375 0.060937 0.687500 0.060937 0.689063 0.062500 0.689063 0.064062 0.687500 0.065625 0.679688 0.065625 0.678125 0.064062 0.673438 0.064062 0.671875 0.065625 0.640625 0.065625 0.639062 0.064062 0.635938 0.064062 0.634375 0.062500 0.621875 0.062500 0.620313 0.060937 0.614062 0.060937 0.612500 0.059375 0.603125 0.059375 0.601562 0.057813 0.557813 0.057813
0 0.832812 0.051562 0.832812 0.053125 0.850000 0.053125 0.850000 0.051562 0.846875 0.051562 0.845313 0.053125 0.843750 0.051562
0 0.812500 0.051562 0.812500 0.053125 0.818750 0.053125 0.818750 0.051562
0 0.871875 0.050000 0.870313 0.051562 0.862500 0.051562 0.860938 0.053125 0.859375 0.053125 0.873437 0.053125 0.873437 0.051562