0 0.739062 0.990625 0.737500 0.992188 0.735938 0.992188 0.735938 0.993750 0.740625 0.993750 0.740625 0.992188
0 0.192188 0.978125 0.192188 0.979688 0.190625 0.981250 0.189062 0.981250 0.195312 0.981250 0.193750 0.981250 0.192188 0.979688
0 0.176563 0.964063 0.175000 0.965625 0.176563 0.965625
0 0.190625 0.962500 0.189062 0.964063 0.189062 0.965625 0.190625 0.965625 0.192188 0.967187 0.193750 0.965625 0.195312 0.965625 0.193750 0.964063 0.193750 0.962500
0 0.898438 0.934375 0.898438 0.935937 0.900000 0.935937 0.900000 0.934375
0 0.429688 0.915625 0.431250 0.917188 0.431250 0.915625
0 0.942187 0.914062 0.940625 0.915625 0.942187 0.917188 0.942187 0.918750 0.951562 0.918750 0.945312 0.918750 0.943750 0.917188 0.943750 0.914062
0 0.371875 0.914062 0.371875 0.915625 0.373437 0.915625
0 0.359375 0.914062 0.359375 0.915625 0.356250 0.918750 0.359375 0.918750 0.362500 0.915625 0.360938 0.914062
0 0.987500 0.909375 0.985938 0.910937 0.985938 0.912500 0.987500 0.914062 0.985938 0.915625 0.985938 0.917188 0.984375 0.918750 0.984375 0.920312 0.989062 0.920312 0.990625 0.918750 0.992188 0.920312 0.993750 0.918750 0.993750 0.917188 0.992188 0.917188 0.990625 0.915625 0.992188 0.914062 0.992188 0.910937 0.990625 0.909375
0 0.410938 0.895312 0.406250 0.900000 0.406250 0.903125 0.412500 0.903125 0.412500 0.901563 0.410938 0.900000 0.410938 0.898438 0.412500 0.896875 0.412500 0.895312
0 0.437500 0.884375 0.439063 0.885938 0.440625 0.884375
0 0.448437 0.882812 0.448437 0.884375 0.450000 0.885938 0.451562 0.885938 0.451562 0.882812
0 0.384375 0.882812 0.382812 0.884375 0.382812 0.885938 0.381250 0.887500 0.382812 0.887500 0.384375 0.885938
0 0.359375 0.882812 0.359375 0.884375 0.365625 0.884375 0.367188 0.885938 0.368750 0.885938 0.370312 0.887500 0.373437 0.887500 0.373437 0.882812
0 0.348438 0.882812 0.348438 0.884375 0.346875 0.885938 0.346875 0.887500 0.348438 0.889062 0.350000 0.887500 0.350000 0.884375
0 0.410938 0.881250 0.409375 0.882812 0.407813 0.882812 0.406250 0.884375 0.407813 0.884375 0.409375 0.885938 0.412500 0.885938 0.412500 0.882812
0 0.398438 0.881250 0.398438 0.882812 0.396875 0.884375 0.400000 0.887500 0.401562 0.885938 0.401562 0.881250
0 0.439063 0.867188 0.437500 0.868750 0.439063 0.870313 0.440625 0.868750
0 0.337500 0.865625 0.334375 0.868750 0.335938 0.870313 0.339062 0.870313 0.340625 0.868750 0.345313 0.868750 0.348438 0.871875 0.348438 0.873437 0.350000 0.873437 0.350000 0.871875 0.351562 0.870313 0.351562 0.868750 0.350000 0.867188 0.339062 0.867188
0 0.407813 0.859375 0.406250 0.860938 0.404687 0.860938 0.403125 0.862500 0.401562 0.860938 0.400000 0.860938 0.398438 0.862500 0.398438 0.865625 0.395313 0.868750 0.390625 0.868750 0.387500 0.865625 0.387500 0.868750 0.384375 0.871875 0.384375 0.873437 0.385937 0.875000 0.389062 0.875000 0.390625 0.873437 0.390625 0.871875 0.392188 0.870313 0.396875 0.870313 0.398438 0.871875 0.401562 0.868750 0.401562 0.867188 0.404687 0.864062 0.407813 0.864062 0.410938 0.867188 0.410938 0.873437 0.412500 0.871875 0.412500 0.870313 0.414062 0.868750 0.412500 0.867188 0.412500 0.859375
0 0.376563 0.857812 0.375000 0.859375 0.373437 0.859375 0.373437 0.862500 0.375000 0.864062 0.375000 0.865625 0.376563 0.865625 0.376563 0.864062 0.379688 0.860938 0.384375 0.860938 0.385937 0.862500 0.389062 0.862500 0.389062 0.859375 0.381250 0.859375 0.379688 0.857812
0 0.403125 0.851562 0.401562 0.853125 0.403125 0.853125
0 0.415625 0.840625 0.417187 0.840625 0.418750 0.842187 0.420312 0.840625
0 0.535937 0.837500 0.535937 0.839063 0.534375 0.840625 0.535937 0.842187 0.537500 0.840625 0.537500 0.839063
0 0.057813 0.837500 0.057813 0.839063 0.059375 0.840625 0.060937 0.839063 0.060937 0.837500
0 0.504687 0.832812 0.504687 0.834375 0.501563 0.837500 0.500000 0.837500 0.498437 0.835938 0.485938 0.835938 0.484375 0.837500 0.484375 0.842187 0.481250 0.845313 0.478125 0.842187 0.471875 0.842187 0.470313 0.843750 0.468750 0.843750 0.467187 0.842187 0.467187 0.837500 0.465625 0.835938 0.464062 0.835938 0.462500 0.834375 0.459375 0.834375 0.457813 0.835938 0.456250 0.835938 0.454688 0.837500 0.456250 0.837500 0.457813 0.839063 0.457813 0.840625 0.460938 0.843750 0.460938 0.848437 0.457813 0.851562 0.456250 0.851562 0.454688 0.853125 0.453125 0.853125 0.451562 0.851562 0.450000 0.851562 0.446875 0.848437 0.446875 0.845313 0.446875 0.846875 0.445312 0.848437 0.445312 0.850000 0.443750 0.851562 0.443750 0.854688 0.453125 0.854688 0.454688 0.856250 0.454688 0.857812 0.456250 0.859375 0.456250 0.862500 0.457813 0.864062 0.457813 0.865625 0.456250 0.867188 0.456250 0.868750 0.457813 0.870313 0.457813 0.871875 0.459375 0.871875 0.459375 0.865625 0.457813 0.864062 0.457813 0.862500 0.459375 0.860938 0.459375 0.856250 0.464062 0.851562 0.462500 0.850000 0.467187 0.845313 0.473438 0.845313 0.478125 0.850000 0.476562 0.851562 0.476562 0.854688 0.478125 0.856250 0.481250 0.853125 0.482812 0.853125 0.484375 0.854688 0.484375 0.859375 0.485938 0.860938 0.487500 0.859375 0.487500 0.856250 0.485938 0.854688 0.485938 0.848437 0.489063 0.845313 0.489063 0.843750 0.490625 0.842187 0.500000 0.842187 0.503125 0.845313 0.503125 0.846875 0.504687 0.848437 0.501563 0.851562 0.500000 0.851562 0.498437 0.853125 0.501563 0.853125 0.503125 0.854688 0.503125 0.856250 0.504687 0.857812 0.504687 0.865625 0.501563 0.868750 0.496875 0.868750 0.495312 0.870313 0.493750 0.870313 0.492188 0.871875 0.493750 0.873437 0.498437 0.873437 0.500000 0.871875 0.503125 0.871875 0.504687 0.873437 0.506250 0.871875 0.506250 0.870313 0.507812 0.868750 0.507812 0.867188 0.506250 0.865625 0.506250 0.864062 0.507812 0.862500 0.507812 0.859375 0.509375 0.857812 0.510938 0.857812 0.512500 0.859375 0.512500 0.860938 0.512500 0.854688 0.514062 0.853125 0.509375 0.853125 0.504687 0.848437 0.504687 0.845313 0.506250 0.843750 0.506250 0.842187 0.507812 0.840625 0.507812 0.837500 0.504687 0.834375
0 0.528125 0.828125 0.526563 0.829688 0.528125 0.829688
0 0.414062 0.826562 0.412500 0.828125 0.409375 0.828125 0.407813 0.829688 0.409375 0.829688 0.410938 0.831250 0.415625 0.831250 0.417187 0.829688 0.421875 0.829688 0.423438 0.831250 0.426563 0.831250 0.426563 0.828125 0.420312 0.828125 0.418750 0.826562
0 0.459375 0.821875 0.460938 0.823438 0.460938 0.825000 0.462500 0.826562 0.464062 0.825000 0.464062 0.821875
0 0.473438 0.820312 0.471875 0.821875 0.470313 0.821875 0.468750 0.823438 0.468750 0.826562 0.470313 0.826562 0.473438 0.829688 0.475000 0.828125 0.475000 0.820312
0 0.351562 0.820312 0.350000 0.821875 0.351562 0.823438 0.356250 0.823438 0.357812 0.821875 0.357812 0.820312
0 0.489063 0.806250 0.489063 0.810937 0.490625 0.810937 0.492188 0.809375 0.490625 0.807813 0.490625 0.806250
0 0.073438 0.773438 0.071875 0.775000 0.070312 0.775000 0.070312 0.778125 0.071875 0.778125 0.073438 0.779687 0.076563 0.779687 0.076563 0.775000 0.075000 0.773438
0 0.051562 0.759375 0.048438 0.762500 0.051562 0.762500 0.053125 0.760938 0.053125 0.759375
0 0.059375 0.757812 0.057813 0.759375 0.059375 0.759375
0 0.120313 0.712500 0.120313 0.714063 0.121875 0.714063 0.123438 0.712500
0 0.090625 0.695312 0.089063 0.696875 0.089063 0.698438 0.090625 0.700000 0.092188 0.700000 0.092188 0.695312
0 0.153125 0.460938 0.153125 0.465625 0.153125 0.464062 0.154688 0.462500
0 0.218750 0.453125 0.218750 0.457813 0.220312 0.457813 0.220312 0.456250 0.221875 0.454688 0.223438 0.454688 0.223438 0.453125
0 0.184375 0.445312 0.184375 0.451562 0.187500 0.451562 0.189062 0.453125 0.189062 0.454688 0.190625 0.453125 0.192188 0.453125 0.193750 0.451562 0.196875 0.451562 0.198437 0.453125 0.198437 0.454688 0.196875 0.456250 0.195312 0.456250 0.192188 0.459375 0.192188 0.460938 0.190625 0.462500 0.192188 0.464062 0.192188 0.465625 0.193750 0.464062 0.193750 0.460938 0.195312 0.459375 0.196875 0.459375 0.200000 0.462500 0.200000 0.465625 0.200000 0.464062 0.201563 0.462500 0.201563 0.460938 0.204687 0.457813 0.206250 0.457813 0.207813 0.459375 0.207813 0.454688 0.209375 0.453125 0.209375 0.450000 0.207813 0.448437 0.207813 0.453125 0.206250 0.454688 0.206250 0.456250 0.204687 0.457813 0.201563 0.454688 0.201563 0.445312 0.198437 0.445312 0.196875 0.446875 0.195312 0.446875 0.193750 0.445312 0.192188 0.445312 0.190625 0.446875 0.190625 0.450000 0.189062 0.451562 0.185938 0.448437 0.185938 0.446875
0 0.137500 0.443750 0.135937 0.445312 0.135937 0.446875 0.132812 0.450000 0.131250 0.448437 0.126562 0.453125 0.125000 0.451562 0.125000 0.450000 0.123438 0.448437 0.123438 0.446875 0.121875 0.446875 0.121875 0.453125 0.123438 0.454688 0.125000 0.454688 0.128125 0.451562 0.131250 0.451562 0.132812 0.453125 0.132812 0.460938 0.131250 0.462500 0.129688 0.462500 0.131250 0.464062 0.131250 0.465625 0.132812 0.465625 0.134375 0.467187 0.137500 0.467187 0.139063 0.465625 0.139063 0.457813 0.137500 0.456250 0.137500 0.453125 0.139063 0.451562 0.139063 0.445312
0 0.234375 0.437500 0.232813 0.439063 0.234375 0.440625 0.234375 0.442188 0.235937 0.442188 0.237500 0.440625 0.239063 0.440625 0.239063 0.437500
0 0.246875 0.415625 0.246875 0.417187 0.248438 0.415625
0 0.165625 0.395313 0.167187 0.395313 0.168750 0.396875 0.168750 0.395313
0 0.137500 0.379688 0.134375 0.382812 0.132812 0.382812 0.131250 0.384375 0.131250 0.387500 0.132812 0.389062 0.135937 0.389062 0.137500 0.390625 0.137500 0.389062 0.139063 0.387500 0.139063 0.381250
0 0.167187 0.367188 0.165625 0.368750 0.165625 0.371875 0.168750 0.371875 0.168750 0.367188
0 0.151562 0.367188 0.146875 0.371875 0.148438 0.371875 0.150000 0.373437 0.153125 0.373437 0.154688 0.371875 0.154688 0.367188
0 0.231250 0.365625 0.231250 0.371875 0.232813 0.370312 0.232813 0.367188
0 0.292187 0.364063 0.293750 0.365625 0.295312 0.364063
0 0.278125 0.362500 0.278125 0.364063 0.276562 0.365625 0.276562 0.371875 0.278125 0.373437 0.278125 0.376563 0.276562 0.378125 0.276562 0.382812 0.278125 0.384375 0.278125 0.387500 0.278125 0.384375 0.279687 0.382812 0.279687 0.367188 0.278125 0.365625
0 0.292187 0.348438 0.293750 0.350000 0.293750 0.348438
0 0.200000 0.332813 0.196875 0.335938 0.195312 0.335938 0.193750 0.337500 0.192188 0.337500 0.189062 0.340625 0.189062 0.342187 0.185938 0.345313 0.184375 0.345313 0.179688 0.350000 0.178125 0.350000 0.176563 0.351562 0.175000 0.351562 0.173437 0.353125 0.171875 0.353125 0.171875 0.354687 0.168750 0.357812 0.175000 0.357812 0.176563 0.359375 0.185938 0.359375 0.187500 0.360938 0.187500 0.362500 0.185938 0.364063 0.185938 0.365625 0.182812 0.368750 0.184375 0.370312 0.185938 0.370312 0.185938 0.367188 0.187500 0.365625 0.189062 0.365625 0.192188 0.368750 0.192188 0.371875 0.193750 0.373437 0.195312 0.373437 0.196875 0.375000 0.201563 0.375000 0.204687 0.371875 0.206250 0.371875 0.207813 0.373437 0.209375 0.371875 0.209375 0.370312 0.210938 0.368750 0.210938 0.362500 0.209375 0.360938 0.212500 0.357812 0.214062 0.359375 0.215625 0.359375 0.218750 0.356250 0.218750 0.353125 0.217188 0.351562 0.217188 0.348438 0.215625 0.346875 0.214062 0.348438 0.212500 0.348438 0.209375 0.345313 0.210938 0.343750 0.217188 0.343750 0.218750 0.342187 0.218750 0.335938 0.217188 0.334375 0.212500 0.334375 0.210938 0.335938 0.207813 0.335938 0.206250 0.337500 0.204687 0.337500 0.201563 0.334375 0.201563 0.332813
0 0.321875 0.239063 0.310937 0.250000 0.309375 0.250000 0.306250 0.253125 0.306250 0.254688 0.301563 0.259375 0.300000 0.259375 0.298438 0.260937 0.298438 0.262500 0.295312 0.265625 0.292187 0.265625 0.289062 0.268750 0.289062 0.270313 0.287500 0.271875 0.285938 0.271875 0.284375 0.273438 0.281250 0.273438 0.271875 0.282813 0.271875 0.284375 0.267188 0.289062 0.265625 0.287500 0.262500 0.287500 0.260937 0.289062 0.259375 0.289062 0.254688 0.293750 0.254688 0.295312 0.250000 0.300000 0.246875 0.300000 0.243750 0.303125 0.242188 0.303125 0.240625 0.304688 0.237500 0.304688 0.225000 0.317188 0.223438 0.317188 0.220312 0.320312 0.217188 0.320312 0.215625 0.321875 0.214062 0.321875 0.214062 0.323437 0.212500 0.325000 0.212500 0.326562 0.214062 0.326562 0.215625 0.328125 0.220312 0.328125 0.223438 0.331250 0.223438 0.340625 0.225000 0.340625 0.226562 0.342187 0.228125 0.342187 0.229687 0.343750 0.229687 0.345313 0.226562 0.348438 0.226562 0.350000 0.223438 0.353125 0.223438 0.356250 0.228125 0.356250 0.229687 0.357812 0.234375 0.357812 0.234375 0.353125 0.235937 0.351562 0.237500 0.353125 0.237500 0.357812 0.242188 0.357812 0.245312 0.360938 0.243750 0.362500 0.240625 0.362500 0.239063 0.364063 0.239063 0.368750 0.242188 0.365625 0.243750 0.365625 0.246875 0.368750 0.246875 0.387500 0.246875 0.375000 0.248438 0.373437 0.248438 0.368750 0.251563 0.365625 0.253125 0.367188 0.253125 0.368750 0.254688 0.370312 0.254688 0.371875 0.256250 0.370312 0.259375 0.370312 0.260937 0.371875 0.260937 0.373437 0.262500 0.375000 0.264062 0.375000 0.265625 0.376563 0.264062 0.378125 0.262500 0.378125 0.260937 0.379688 0.260937 0.387500 0.262500 0.389062 0.264062 0.389062 0.264062 0.381250 0.265625 0.379688 0.265625 0.378125 0.267188 0.376563 0.268750 0.376563 0.270313 0.378125 0.270313 0.375000 0.268750 0.376563 0.265625 0.376563 0.264062 0.375000 0.264062 0.368750 0.265625 0.367188 0.265625 0.365625 0.267188 0.364063 0.270313 0.367188 0.271875 0.365625 0.271875 0.359375 0.273438 0.357812 0.276562 0.357812 0.278125 0.359375 0.281250 0.359375 0.282813 0.357812 0.287500 0.357812 0.287500 0.350000 0.289062 0.348438 0.287500 0.346875 0.287500 0.343750 0.289062 0.342187 0.292187 0.342187 0.293750 0.343750 0.295312 0.343750 0.296875 0.342187 0.296875 0.337500 0.298438 0.335938 0.300000 0.337500 0.300000 0.342187 0.301563 0.343750 0.303125 0.343750 0.304688 0.345313 0.303125 0.346875 0.303125 0.350000 0.301563 0.351562 0.301563 0.356250 0.298438 0.359375 0.296875 0.357812 0.296875 0.356250 0.295312 0.354687 0.292187 0.354687 0.292187 0.357812 0.293750 0.359375 0.296875 0.359375 0.300000 0.362500 0.301563 0.362500 0.301563 0.356250 0.306250 0.351562 0.307812 0.353125 0.307812 0.354687 0.309375 0.356250 0.309375 0.354687 0.310937 0.353125 0.310937 0.350000 0.314063 0.346875 0.317188 0.346875 0.317188 0.342187 0.314063 0.342187 0.312500 0.340625 0.312500 0.337500 0.314063 0.335938 0.317188 0.339062 0.321875 0.334375 0.323437 0.335938 0.323437 0.340625 0.325000 0.340625 0.325000 0.339062 0.326562 0.337500 0.326562 0.335938 0.328125 0.334375 0.329688 0.334375 0.331250 0.332813 0.332813 0.332813 0.334375 0.331250 0.334375 0.328125 0.337500 0.325000 0.339062 0.326562 0.340625 0.326562 0.342187 0.325000 0.342187 0.320312 0.343750 0.318750 0.348438 0.318750 0.348438 0.312500 0.346875 0.310937 0.345313 0.310937 0.343750 0.309375 0.343750 0.307812 0.342187 0.306250 0.345313 0.303125 0.346875 0.303125 0.348438 0.304688 0.350000 0.304688 0.351562 0.303125 0.353125 0.303125 0.354687 0.304688 0.354687 0.309375 0.357812 0.309375 0.357812 0.306250 0.359375 0.304688 0.360938 0.304688 0.362500 0.303125 0.364063 0.303125 0.365625 0.301563 0.365625 0.295312 0.367188 0.293750 0.367188 0.290625 0.368750 0.289062 0.371875 0.292187 0.371875 0.290625 0.373437 0.289062 0.375000 0.289062 0.376563 0.287500 0.379688 0.287500 0.381250 0.285938 0.381250 0.282813 0.384375 0.279687 0.389062 0.279687 0.389062 0.275000 0.390625 0.273438 0.392188 0.273438 0.393750 0.271875 0.396875 0.271875 0.396875 0.265625 0.398438 0.264062 0.401562 0.264062 0.403125 0.262500 0.398438 0.262500 0.398438 0.264062 0.396875 0.265625 0.393750 0.265625 0.392188 0.267188 0.390625 0.267188 0.389062 0.268750 0.387500 0.268750 0.384375 0.271875 0.382812 0.271875 0.378125 0.276562 0.376563 0.276562 0.375000 0.278125 0.368750 0.278125 0.367188 0.279687 0.365625 0.279687 0.364063 0.281250 0.350000 0.281250 0.348438 0.282813 0.343750 0.282813 0.340625 0.279687 0.340625 0.276562 0.335938 0.271875 0.335938 0.270313 0.332813 0.267188 0.332813 0.265625 0.329688 0.265625 0.328125 0.264062 0.328125 0.257812 0.326562 0.256250 0.326562 0.253125 0.325000 0.251563 0.326562 0.250000 0.326562 0.240625 0.325000 0.239063
0 0.262500 0.239063 0.262500 0.240625 0.259375 0.243750 0.259375 0.246875 0.262500 0.246875
0 0.471875 0.098437 0.471875 0.100000 0.475000 0.100000 0.475000 0.098437
0 0.651563 0.067187 0.650000 0.068750 0.650000 0.073438 0.648438 0.075000 0.648438 0.076563 0.646875 0.078125 0.640625 0.078125 0.639062 0.076563 0.637500 0.076563 0.635938 0.078125 0.632812 0.078125 0.631250 0.079687 0.625000 0.079687 0.623437 0.081250 0.598437 0.081250 0.596875 0.082812 0.589063 0.082812 0.587500 0.084375 0.584375 0.084375 0.582812 0.085938 0.581250 0.085938 0.575000 0.092188 0.571875 0.092188 0.567187 0.096875 0.565625 0.096875 0.564063 0.098437 0.560937 0.098437 0.559375 0.096875 0.556250 0.096875 0.554688 0.098437 0.553125 0.098437 0.551562 0.100000 0.546875 0.100000 0.545312 0.101562 0.540625 0.101562 0.535937 0.106250 0.534375 0.106250 0.534375 0.115625 0.535937 0.117188 0.535937 0.118750 0.532813 0.121875 0.534375 0.123438 0.537500 0.123438 0.540625 0.126562 0.537500 0.129688 0.520312 0.129688 0.517188 0.132812 0.512500 0.132812 0.510938 0.131250 0.509375 0.131250 0.507812 0.129688 0.506250 0.129688 0.504687 0.128125 0.503125 0.128125 0.501563 0.129688 0.498437 0.129688 0.496875 0.128125 0.495312 0.128125 0.493750 0.126562 0.493750 0.123438 0.485938 0.131250 0.481250 0.131250 0.479687 0.132812 0.478125 0.132812 0.471875 0.139063 0.471875 0.140625 0.470313 0.142187 0.465625 0.142187 0.460938 0.146875 0.457813 0.146875 0.454688 0.150000 0.454688 0.151562 0.453125 0.153125 0.454688 0.154688 0.467187 0.154688 0.470313 0.151562 0.473438 0.154688 0.475000 0.154688 0.476562 0.153125 0.481250 0.153125 0.482812 0.151562 0.482812 0.146875 0.484375 0.145313 0.484375 0.142187 0.485938 0.140625 0.487500 0.140625 0.489063 0.142187 0.487500 0.143750 0.487500 0.145313 0.489063 0.146875 0.490625 0.146875 0.492188 0.145313 0.489063 0.142187 0.490625 0.140625 0.498437 0.140625 0.500000 0.139063 0.506250 0.139063 0.507812 0.140625 0.514062 0.140625 0.515625 0.139063 0.517188 0.139063 0.518750 0.137500 0.520312 0.137500 0.523438 0.140625 0.523438 0.143750 0.521875 0.145313 0.525000 0.148438 0.525000 0.150000 0.523438 0.151562 0.520312 0.151562 0.518750 0.153125 0.517188 0.153125 0.515625 0.154688 0.515625 0.156250 0.512500 0.159375 0.510938 0.159375 0.500000 0.170313 0.500000 0.173437 0.498437 0.175000 0.498437 0.185938 0.496875 0.187500 0.496875 0.193750 0.490625 0.200000 0.490625 0.201563 0.473438 0.218750 0.470313 0.218750 0.468750 0.220312 0.467187 0.220312 0.465625 0.221875 0.462500 0.221875 0.460938 0.223438 0.457813 0.223438 0.456250 0.225000 0.442188 0.225000 0.439063 0.228125 0.432812 0.228125 0.431250 0.229687 0.431250 0.232813 0.432812 0.234375 0.432812 0.235937 0.431250 0.237500 0.428125 0.237500 0.426563 0.239063 0.426563 0.246875 0.425000 0.248438 0.425000 0.254688 0.426563 0.254688 0.428125 0.256250 0.428125 0.268750 0.423438 0.273438 0.421875 0.273438 0.421875 0.275000 0.415625 0.281250 0.415625 0.282813 0.409375 0.289062 0.409375 0.290625 0.404687 0.295312 0.404687 0.296875 0.395313 0.306250 0.395313 0.307812 0.384375 0.318750 0.382812 0.318750 0.382812 0.320312 0.381250 0.321875 0.381250 0.323437 0.378125 0.326562 0.378125 0.328125 0.373437 0.332813 0.371875 0.332813 0.367188 0.337500 0.367188 0.339062 0.365625 0.340625 0.365625 0.342187 0.364063 0.343750 0.364063 0.345313 0.359375 0.350000 0.357812 0.350000 0.353125 0.354687 0.353125 0.356250 0.350000 0.359375 0.350000 0.360938 0.348438 0.362500 0.348438 0.364063 0.346875 0.365625 0.345313 0.365625 0.340625 0.370312 0.340625 0.371875 0.337500 0.375000 0.337500 0.376563 0.326562 0.387500 0.326562 0.389062 0.321875 0.393750 0.321875 0.395313 0.318750 0.398438 0.318750 0.400000 0.317188 0.401562 0.315625 0.401562 0.312500 0.404687 0.312500 0.406250 0.303125 0.415625 0.303125 0.417187 0.301563 0.418750 0.301563 0.420312 0.287500 0.434375 0.287500 0.435937 0.285938 0.437500 0.285938 0.439063 0.282813 0.442188 0.281250 0.442188 0.279687 0.443750 0.278125 0.443750 0.276562 0.445312 0.276562 0.448437 0.273438 0.451562 0.273438 0.453125 0.267188 0.459375 0.265625 0.459375 0.264062 0.460938 0.264062 0.462500 0.260937 0.465625 0.260937 0.467187 0.256250 0.471875 0.256250 0.473438 0.254688 0.475000 0.253125 0.475000 0.248438 0.479687 0.248438 0.481250 0.246875 0.482812 0.246875 0.484375 0.243750 0.487500 0.243750 0.489063 0.242188 0.490625 0.240625 0.490625 0.239063 0.492188 0.237500 0.492188 0.237500 0.496875 0.235937 0.498437 0.234375 0.498437 0.229687 0.503125 0.228125 0.503125 0.226562 0.504687 0.225000 0.504687 0.225000 0.507812 0.223438 0.509375 0.223438 0.510938 0.221875 0.512500 0.221875 0.514062 0.217188 0.518750 0.217188 0.520312 0.207813 0.529687 0.207813 0.531250 0.206250 0.532813 0.206250 0.534375 0.204687 0.535937 0.203125 0.535937 0.201563 0.537500 0.200000 0.537500 0.196875 0.540625 0.196875 0.542188 0.195312 0.543750 0.195312 0.545312 0.190625 0.550000 0.190625 0.551562 0.184375 0.557813 0.184375 0.559375 0.182812 0.560937 0.181250 0.560937 0.179688 0.562500 0.179688 0.564063 0.173437 0.570312 0.171875 0.570312 0.167187 0.575000 0.167187 0.576562 0.165625 0.578125 0.165625 0.581250 0.168750 0.581250 0.170313 0.582812 0.168750 0.584375 0.165625 0.584375 0.164062 0.585938 0.160938 0.585938 0.159375 0.587500 0.157812 0.587500 0.156250 0.589063 0.156250 0.590625 0.151562 0.595313 0.151562 0.596875 0.142187 0.606250 0.142187 0.607812 0.131250 0.618750 0.131250 0.620313 0.129688 0.621875 0.129688 0.625000 0.123438 0.631250 0.121875 0.631250 0.117188 0.635938 0.117188 0.637500 0.115625 0.639062 0.115625 0.640625 0.114062 0.642188 0.114062 0.645312 0.110937 0.648438 0.109375 0.648438 0.106250 0.651563 0.106250 0.653125 0.104688 0.654687 0.103125 0.654687 0.103125 0.656250 0.100000 0.659375 0.100000 0.660937 0.093750 0.667188 0.093750 0.668750 0.087500 0.675000 0.087500 0.676562 0.085938 0.678125 0.085938 0.679688 0.084375 0.681250 0.084375 0.684375 0.085938 0.685937 0.089063 0.685937 0.090625 0.687500 0.095312 0.687500 0.096875 0.689063 0.098437 0.689063 0.101562 0.692187 0.096875 0.696875 0.098437 0.698438 0.101562 0.698438 0.103125 0.700000 0.106250 0.700000 0.110937 0.695312 0.114062 0.698438 0.115625 0.698438 0.117188 0.700000 0.125000 0.700000 0.125000 0.696875 0.126562 0.695312 0.131250 0.700000 0.132812 0.700000 0.134375 0.701562 0.139063 0.701562 0.142187 0.704688 0.140625 0.706250 0.140625 0.709375 0.139063 0.710938 0.139063 0.715625 0.135937 0.718750 0.125000 0.718750 0.123438 0.717187 0.121875 0.717187 0.118750 0.720313 0.117188 0.718750 0.114062 0.718750 0.110937 0.715625 0.110937 0.714063 0.112500 0.712500 0.115625 0.712500 0.110937 0.712500 0.110937 0.715625 0.109375 0.717187 0.109375 0.718750 0.107813 0.720313 0.107813 0.723437 0.104688 0.726562 0.098437 0.726562 0.096875 0.728125 0.096875 0.729688 0.098437 0.731250 0.096875 0.732812 0.093750 0.732812 0.092188 0.731250 0.093750 0.729688 0.093750 0.728125 0.092188 0.726562 0.089063 0.726562 0.087500 0.728125 0.087500 0.729688 0.090625 0.732812 0.090625 0.735938 0.092188 0.737500 0.092188 0.739062 0.096875 0.739062 0.098437 0.737500 0.100000 0.737500 0.101562 0.735938 0.104688 0.735938 0.106250 0.737500 0.107813 0.735938 0.112500 0.735938 0.114062 0.737500 0.117188 0.737500 0.118750 0.735938 0.120313 0.735938 0.121875 0.734375 0.123438 0.735938 0.123438 0.737500 0.125000 0.737500 0.126562 0.739062 0.125000 0.740625 0.120313 0.740625 0.118750 0.742188 0.117188 0.740625 0.114062 0.740625 0.112500 0.742188 0.110937 0.742188 0.109375 0.743750 0.107813 0.742188 0.106250 0.742188 0.106250 0.743750 0.103125 0.746875 0.101562 0.746875 0.098437 0.750000 0.095312 0.750000 0.093750 0.751563 0.095312 0.753125 0.096875 0.751563 0.098437 0.751563 0.101562 0.754687 0.101562 0.759375 0.098437 0.762500 0.096875 0.762500 0.089063 0.770312 0.089063 0.776563 0.090625 0.778125 0.090625 0.779687 0.085938 0.784375 0.085938 0.785937 0.081250 0.790625 0.081250 0.792188 0.079687 0.793750 0.082812 0.793750 0.084375 0.795312 0.089063 0.795312 0.092188 0.798438 0.092188 0.801562 0.090625 0.803125 0.087500 0.803125 0.087500 0.804688 0.085938 0.806250 0.084375 0.806250 0.089063 0.806250 0.092188 0.809375 0.092188 0.814063 0.090625 0.815625 0.087500 0.815625 0.087500 0.818750 0.085938 0.820312 0.085938 0.821875 0.090625 0.821875 0.093750 0.825000 0.093750 0.828125 0.090625 0.831250 0.087500 0.831250 0.085938 0.832812 0.084375 0.832812 0.084375 0.834375 0.085938 0.835938 0.087500 0.835938 0.089063 0.837500 0.089063 0.839063 0.090625 0.840625 0.090625 0.846875 0.087500 0.850000 0.082812 0.850000 0.081250 0.851562 0.079687 0.851562 0.078125 0.853125 0.079687 0.854688 0.081250 0.854688 0.082812 0.856250 0.085938 0.856250 0.087500 0.857812 0.089063 0.857812 0.092188 0.860938 0.092188 0.865625 0.090625 0.867188 0.090625 0.868750 0.085938 0.873437 0.082812 0.873437 0.081250 0.875000 0.079687 0.875000 0.078125 0.876563 0.076563 0.876563 0.075000 0.878125 0.075000 0.882812 0.076563 0.882812 0.078125 0.881250 0.081250 0.881250 0.082812 0.882812 0.082812 0.887500 0.082812 0.884375 0.084375 0.882812 0.085938 0.882812 0.087500 0.881250 0.089063 0.882812 0.092188 0.882812 0.093750 0.884375 0.093750 0.895312 0.090625 0.898438 0.085938 0.898438 0.085938 0.901563 0.087500 0.903125 0.087500 0.904687 0.089063 0.904687 0.090625 0.906250 0.098437 0.906250 0.100000 0.907813 0.096875 0.910937 0.095312 0.910937 0.095312 0.912500 0.092188 0.915625 0.092188 0.917188 0.095312 0.920312 0.121875 0.920312 0.123438 0.921875 0.125000 0.921875 0.126562 0.923438 0.126562 0.934375 0.128125 0.935937 0.131250 0.935937 0.132812 0.934375 0.139063 0.934375 0.140625 0.935937 0.151562 0.935937 0.153125 0.937500 0.170313 0.937500 0.171875 0.935937 0.173437 0.935937 0.175000 0.937500 0.190625 0.937500 0.192188 0.939063 0.193750 0.937500 0.203125 0.937500 0.206250 0.934375 0.203125 0.931250 0.203125 0.929688 0.201563 0.928125 0.201563 0.926562 0.203125 0.925000 0.206250 0.925000 0.207813 0.923438 0.209375 0.923438 0.210938 0.925000 0.212500 0.925000 0.214062 0.926562 0.214062 0.928125 0.217188 0.931250 0.217188 0.937500 0.209375 0.945312 0.207813 0.945312 0.207813 0.946875 0.204687 0.950000 0.201563 0.946875 0.201563 0.945312 0.204687 0.942187 0.201563 0.942187 0.200000 0.940625 0.198437 0.942187 0.193750 0.942187 0.192188 0.943750 0.189062 0.940625 0.185938 0.943750 0.181250 0.943750 0.179688 0.945312 0.176563 0.945312 0.173437 0.948438 0.171875 0.948438 0.168750 0.945312 0.168750 0.946875 0.167187 0.948438 0.165625 0.948438 0.162500 0.945312 0.162500 0.943750 0.160938 0.945312 0.159375 0.945312 0.159375 0.946875 0.157812 0.948438 0.156250 0.946875 0.156250 0.945312 0.154688 0.943750 0.153125 0.943750 0.146875 0.950000 0.148438 0.950000 0.150000 0.951562 0.154688 0.951562 0.156250 0.950000 0.173437 0.950000 0.175000 0.951562 0.181250 0.951562 0.182812 0.950000 0.184375 0.950000 0.185938 0.951562 0.201563 0.951562 0.203125 0.950000 0.215625 0.950000 0.220312 0.954688 0.220312 0.956250 0.218750 0.957812 0.218750 0.959375 0.217188 0.960938 0.217188 0.965625 0.218750 0.967187 0.218750 0.968750 0.220312 0.968750 0.221875 0.970313 0.221875 0.973437 0.220312 0.975000 0.220312 0.976562 0.218750 0.978125 0.218750 0.984375 0.220312 0.984375 0.221875 0.985938 0.218750 0.989062 0.221875 0.989062 0.223438 0.987500 0.229687 0.993750 0.229687 0.995313 0.231250 0.995313 0.232813 0.996875 0.232813 0.998437 0.242188 0.998437 0.242188 0.996875 0.245312 0.993750 0.246875 0.993750 0.251563 0.989062 0.248438 0.985938 0.250000 0.984375 0.250000 0.981250 0.248438 0.979688 0.248438 0.976562 0.246875 0.975000 0.246875 0.973437 0.248438 0.971875 0.248438 0.970313 0.250000 0.968750 0.254688 0.968750 0.256250 0.967187 0.259375 0.967187 0.260937 0.965625 0.262500 0.965625 0.262500 0.954688 0.267188 0.950000 0.267188 0.948438 0.265625 0.946875 0.265625 0.940625 0.264062 0.939063 0.267188 0.935937 0.268750 0.935937 0.270313 0.937500 0.271875 0.935937 0.273438 0.935937 0.275000 0.934375 0.273438 0.934375 0.270313 0.931250 0.270313 0.928125 0.271875 0.926562 0.271875 0.925000 0.275000 0.921875 0.279687 0.921875 0.281250 0.920312 0.281250 0.917188 0.282813 0.915625 0.282813 0.914062 0.285938 0.910937 0.285938 0.909375 0.287500 0.907813 0.287500 0.904687 0.289062 0.903125 0.289062 0.901563 0.290625 0.900000 0.290625 0.895312 0.292187 0.893750 0.292187 0.892188 0.293750 0.890625 0.293750 0.889062 0.295312 0.887500 0.295312 0.885938 0.296875 0.884375 0.296875 0.881250 0.298438 0.879687 0.298438 0.876563 0.300000 0.875000 0.300000 0.873437 0.301563 0.871875 0.301563 0.870313 0.303125 0.868750 0.303125 0.864062 0.304688 0.862500 0.304688 0.857812 0.306250 0.856250 0.306250 0.853125 0.309375 0.850000 0.309375 0.848437 0.304688 0.848437 0.300000 0.843750 0.300000 0.840625 0.301563 0.839063 0.303125 0.839063 0.306250 0.835938 0.307812 0.835938 0.309375 0.834375 0.312500 0.834375 0.317188 0.829688 0.317188 0.828125 0.318750 0.826562 0.318750 0.821875 0.320312 0.820312 0.320312 0.815625 0.321875 0.814063 0.321875 0.812500 0.323437 0.810937 0.323437 0.809375 0.325000 0.807813 0.325000 0.806250 0.326562 0.804688 0.326562 0.801562 0.328125 0.800000 0.328125 0.796875 0.329688 0.795312 0.329688 0.790625 0.332813 0.787500 0.332813 0.785937 0.334375 0.784375 0.334375 0.775000 0.335938 0.773438 0.335938 0.771875 0.337500 0.770312 0.335938 0.768750 0.335938 0.764062 0.337500 0.762500 0.339062 0.764062 0.340625 0.764062 0.342187 0.765625 0.387500 0.765625 0.389062 0.767188 0.398438 0.767188 0.400000 0.765625 0.404687 0.765625 0.406250 0.767188 0.414062 0.767188 0.415625 0.768750 0.435937 0.768750 0.437500 0.770312 0.446875 0.770312 0.448437 0.768750 0.450000 0.768750 0.451562 0.770312 0.468750 0.770312 0.470313 0.771875 0.518750 0.771875 0.520312 0.773438 0.521875 0.771875 0.535937 0.771875 0.537500 0.773438 0.554688 0.773438 0.556250 0.775000 0.568750 0.775000 0.570312 0.776563 0.578125 0.776563 0.579688 0.778125 0.584375 0.778125 0.585938 0.779687 0.587500 0.779687 0.589063 0.781250 0.589063 0.782813 0.590625 0.784375 0.590625 0.818750 0.589063 0.820312 0.589063 0.834375 0.587500 0.835938 0.587500 0.867188 0.585938 0.868750 0.585938 0.898438 0.584375 0.900000 0.584375 0.904687 0.585938 0.906250 0.585938 0.907813 0.584375 0.909375 0.584375 0.923438 0.585938 0.925000 0.585938 0.928125 0.584375 0.929688 0.584375 0.942187 0.582812 0.943750 0.582812 0.960938 0.581250 0.962500 0.581250 0.965625 0.584375 0.968750 0.585938 0.968750 0.587500 0.970313 0.587500 0.971875 0.585938 0.973437 0.585938 0.975000 0.582812 0.978125 0.582812 0.990625 0.581250 0.992188 0.581250 0.998437 0.631250 0.998437 0.632812 0.996875 0.632812 0.993750 0.634375 0.992188 0.635938 0.993750 0.635938 0.995313 0.637500 0.995313 0.639062 0.996875 0.639062 0.998437 0.665625 0.998437 0.665625 0.996875 0.667188 0.995313 0.670312 0.995313 0.673438 0.998437 0.676562 0.995313 0.681250 0.995313 0.682813 0.993750 0.684375 0.995313 0.687500 0.995313 0.689063 0.996875 0.689063 0.998437 0.692187 0.995313 0.696875 0.995313 0.698438 0.993750 0.701562 0.993750 0.703125 0.995313 0.706250 0.995313 0.707812 0.993750 0.710938 0.993750 0.712500 0.992188 0.715625 0.992188 0.714063 0.990625 0.714063 0.989062 0.718750 0.984375 0.720313 0.984375 0.725000 0.979688 0.725000 0.976562 0.717187 0.976562 0.714063 0.973437 0.714063 0.971875 0.717187 0.968750 0.729688 0.968750 0.731250 0.967187 0.735938 0.971875 0.735938 0.973437 0.731250 0.978125 0.731250 0.981250 0.735938 0.985938 0.735938 0.987500 0.743750 0.987500 0.746875 0.984375 0.753125 0.984375 0.754687 0.985938 0.756250 0.985938 0.753125 0.982812 0.753125 0.979688 0.754687 0.978125 0.751563 0.978125 0.750000 0.976562 0.750000 0.975000 0.748437 0.973437 0.750000 0.971875 0.750000 0.970313 0.751563 0.968750 0.753125 0.970313 0.754687 0.970313 0.756250 0.968750 0.759375 0.968750 0.760938 0.967187 0.764062 0.967187 0.765625 0.968750 0.768750 0.968750 0.770312 0.970313 0.771875 0.968750 0.778125 0.968750 0.779687 0.970313 0.781250 0.970313 0.782813 0.971875 0.787500 0.971875 0.789062 0.973437 0.782813 0.979688 0.781250 0.979688 0.779687 0.978125 0.778125 0.978125 0.779687 0.978125 0.781250 0.979688 0.781250 0.982812 0.782813 0.984375 0.782813 0.985938 0.784375 0.987500 0.785937 0.987500 0.787500 0.989062 0.782813 0.993750 0.795312 0.993750 0.796875 0.995313 0.807813 0.995313 0.809375 0.993750 0.814063 0.998437 0.815625 0.996875 0.817187 0.996875 0.818750 0.995313 0.820312 0.996875 0.821875 0.995313 0.826562 0.995313 0.828125 0.996875 0.828125 0.998437 0.831250 0.998437 0.834375 0.995313 0.837500 0.995313 0.839063 0.993750 0.842187 0.993750 0.843750 0.995313 0.875000 0.995313 0.876563 0.996875 0.881250 0.996875 0.882812 0.998437 0.884375 0.998437 0.885938 0.996875 0.887500 0.996875 0.890625 0.993750 0.890625 0.987500 0.892188 0.985938 0.893750 0.987500 0.895312 0.987500 0.896875 0.989062 0.893750 0.992188 0.893750 0.993750 0.903125 0.993750 0.903125 0.982812 0.898438 0.982812 0.896875 0.984375 0.892188 0.984375 0.890625 0.982812 0.890625 0.981250 0.889062 0.979688 0.889062 0.975000 0.887500 0.973437 0.889062 0.971875 0.889062 0.970313 0.892188 0.967187 0.893750 0.967187 0.895312 0.965625 0.896875 0.967187 0.896875 0.970313 0.900000 0.973437 0.900000 0.971875 0.901563 0.970313 0.901563 0.968750 0.900000 0.967187 0.898438 0.967187 0.896875 0.965625 0.896875 0.960938 0.895312 0.960938 0.895312 0.962500 0.892188 0.965625 0.890625 0.964063 0.890625 0.962500 0.889062 0.960938 0.889062 0.954688 0.890625 0.953125 0.890625 0.951562 0.892188 0.950000 0.893750 0.950000 0.895312 0.951562 0.896875 0.951562 0.898438 0.953125 0.900000 0.953125 0.901563 0.951562 0.903125 0.951562 0.904687 0.950000 0.903125 0.948438 0.903125 0.946875 0.901563 0.948438 0.898438 0.948438 0.896875 0.946875 0.896875 0.945312 0.895312 0.945312 0.895312 0.948438 0.893750 0.950000 0.892188 0.950000 0.890625 0.948438 0.890625 0.946875 0.889062 0.945312 0.889062 0.939063 0.892188 0.935937 0.893750 0.935937 0.893750 0.934375 0.892188 0.934375 0.890625 0.932813 0.890625 0.923438 0.895312 0.918750 0.896875 0.918750 0.898438 0.917188 0.900000 0.917188 0.901563 0.918750 0.903125 0.918750 0.904687 0.920312 0.906250 0.920312 0.910937 0.925000 0.910937 0.928125 0.912500 0.929688 0.912500 0.932813 0.910937 0.934375 0.906250 0.934375 0.912500 0.934375 0.914062 0.935937 0.917188 0.935937 0.918750 0.934375 0.918750 0.929688 0.917188 0.929688 0.914062 0.926562 0.914062 0.923438 0.917188 0.920312 0.920312 0.920312 0.921875 0.918750 0.921875 0.915625 0.920312 0.914062 0.920312 0.910937 0.918750 0.909375 0.918750 0.907813 0.921875 0.904687 0.942187 0.904687 0.943750 0.903125 0.946875 0.903125 0.945312 0.903125 0.942187 0.900000 0.940625 0.901563 0.937500 0.901563 0.932813 0.896875 0.932813 0.892188 0.935937 0.889062 0.971875 0.889062 0.973437 0.887500 0.975000 0.889062 0.979688 0.889062 0.981250 0.887500 0.985938 0.892188 0.985938 0.900000 0.984375 0.901563 0.984375 0.904687 0.985938 0.906250 0.992188 0.906250 0.993750 0.904687 0.995313 0.904687 0.995313 0.901563 0.993750 0.900000 0.993750 0.893750 0.992188 0.892188 0.996875 0.887500 0.998437 0.887500 0.998437 0.882812 0.996875 0.882812 0.995313 0.881250 0.993750 0.881250 0.990625 0.878125 0.990625 0.875000 0.992188 0.873437 0.998437 0.873437 0.998437 0.850000 0.996875 0.848437 0.998437 0.846875 0.998437 0.740625 0.995313 0.737500 0.995313 0.735938 0.996875 0.734375 0.998437 0.734375 0.998437 0.190625 0.996875 0.189062 0.996875 0.185938 0.992188 0.181250 0.989062 0.181250 0.987500 0.179688 0.981250 0.179688 0.979688 0.178125 0.978125 0.178125 0.976562 0.176563 0.975000 0.176563 0.973437 0.175000 0.971875 0.175000 0.968750 0.171875 0.967187 0.171875 0.959375 0.164062 0.956250 0.164062 0.953125 0.160938 0.950000 0.160938 0.948438 0.159375 0.946875 0.159375 0.943750 0.156250 0.942187 0.156250 0.940625 0.154688 0.939063 0.154688 0.937500 0.153125 0.935937 0.153125 0.934375 0.151562 0.932813 0.151562 0.929688 0.148438 0.928125 0.148438 0.926562 0.146875 0.925000 0.146875 0.923438 0.145313 0.920312 0.145313 0.918750 0.143750 0.915625 0.143750 0.912500 0.140625 0.907813 0.140625 0.906250 0.139063 0.901563 0.139063 0.900000 0.137500 0.898438 0.137500 0.896875 0.135937 0.895312 0.135937 0.893750 0.134375 0.890625 0.134375 0.885938 0.129688 0.884375 0.129688 0.882812 0.128125 0.881250 0.128125 0.879687 0.126562 0.878125 0.126562 0.876563 0.125000 0.873437 0.125000 0.871875 0.123438 0.868750 0.123438 0.865625 0.120313 0.864062 0.120313 0.862500 0.118750 0.859375 0.118750 0.857812 0.117188 0.854688 0.117188 0.853125 0.115625 0.851562 0.115625 0.850000 0.114062 0.845313 0.114062 0.843750 0.112500 0.840625 0.112500 0.839063 0.110937 0.835938 0.110937 0.834375 0.109375 0.832812 0.109375 0.831250 0.107813 0.829688 0.107813 0.825000 0.103125 0.823438 0.103125 0.821875 0.101562 0.820312 0.101562 0.817187 0.098437 0.815625 0.098437 0.814063 0.096875 0.812500 0.096875 0.810937 0.095312 0.807813 0.095312 0.806250 0.093750 0.804688 0.093750 0.803125 0.092188 0.801562 0.092188 0.800000 0.090625 0.798438 0.090625 0.795312 0.087500 0.793750 0.087500 0.792188 0.085938 0.789062 0.085938 0.785937 0.082812 0.784375 0.082812 0.782813 0.081250 0.779687 0.081250 0.778125 0.079687 0.775000 0.079687 0.773438 0.078125 0.767188 0.078125 0.765625 0.076563 0.760938 0.076563 0.756250 0.081250 0.754687 0.081250 0.751563 0.084375 0.746875 0.084375 0.745313 0.085938 0.742188 0.085938 0.740625 0.087500 0.731250 0.087500 0.729688 0.085938 0.726562 0.085938 0.723437 0.082812 0.721875 0.082812 0.720313 0.084375 0.717187 0.084375 0.715625 0.082812 0.714063 0.082812 0.710938 0.079687 0.714063 0.076563 0.714063 0.075000 0.715625 0.073438 0.715625 0.071875 0.710938 0.071875 0.709375 0.073438 0.703125 0.073438 0.701562 0.071875 0.693750 0.071875 0.692187 0.070312 0.690625 0.071875 0.687500 0.071875 0.685937 0.073438 0.679688 0.073438 0.678125 0.075000 0.675000 0.075000 0.673438 0.076563 0.671875 0.076563 0.670312 0.075000 0.660937 0.075000 0.654687 0.068750 0.654687 0.067187