0 0.903125 0.992188 0.901563 0.993750 0.903125 0.995313 0.904687 0.993750
0 0.864062 0.992188 0.864062 0.995313 0.865625 0.995313 0.865625 0.993750
0 0.832812 0.992188 0.832812 0.993750 0.834375 0.993750
0 0.864062 0.978125 0.864062 0.981250 0.865625 0.981250 0.864062 0.979688
0 0.621875 0.976562 0.620313 0.978125 0.621875 0.979688 0.621875 0.981250 0.626563 0.981250 0.629687 0.978125 0.631250 0.978125 0.632812 0.979688 0.632812 0.981250 0.639062 0.981250 0.637500 0.979688 0.637500 0.978125 0.635938 0.979688 0.632812 0.979688 0.631250 0.978125 0.625000 0.978125 0.623437 0.976562
0 0.884375 0.964063 0.882812 0.965625 0.882812 0.967187 0.884375 0.967187
0 0.840625 0.960938 0.839063 0.962500 0.839063 0.965625 0.840625 0.967187 0.840625 0.968750 0.845313 0.968750 0.848437 0.971875 0.850000 0.971875 0.851562 0.970313 0.851562 0.964063 0.850000 0.962500 0.850000 0.960938 0.846875 0.960938 0.845313 0.962500 0.843750 0.962500 0.842187 0.960938
0 0.800000 0.960938 0.798438 0.962500 0.795312 0.962500 0.796875 0.962500 0.798438 0.964063 0.798438 0.968750 0.800000 0.970313 0.801562 0.970313 0.804688 0.967187 0.806250 0.967187 0.806250 0.964063 0.807813 0.962500 0.810937 0.962500 0.812500 0.964063 0.812500 0.965625 0.814063 0.967187 0.815625 0.967187 0.817187 0.968750 0.815625 0.967187 0.818750 0.964063 0.818750 0.960938 0.809375 0.960938 0.806250 0.964063 0.803125 0.960938
0 0.782813 0.960938 0.781250 0.962500 0.781250 0.965625 0.782813 0.967187 0.785937 0.964063 0.785937 0.962500 0.784375 0.960938
0 0.762500 0.960938 0.759375 0.964063 0.757812 0.964063 0.756250 0.962500 0.754687 0.962500 0.756250 0.962500 0.757812 0.964063 0.757812 0.967187 0.768750 0.967187 0.770312 0.968750 0.773438 0.965625 0.771875 0.964063 0.771875 0.962500 0.770312 0.960938 0.768750 0.960938 0.767188 0.962500 0.765625 0.962500 0.764062 0.960938
0 0.832812 0.959375 0.829688 0.962500 0.829688 0.967187 0.829688 0.965625 0.832812 0.962500 0.834375 0.962500 0.834375 0.960938
0 0.721875 0.959375 0.720313 0.960938 0.714063 0.960938 0.712500 0.962500 0.703125 0.962500 0.703125 0.967187 0.704688 0.967187 0.706250 0.965625 0.706250 0.964063 0.707812 0.962500 0.710938 0.962500 0.712500 0.964063 0.712500 0.965625 0.714063 0.967187 0.720313 0.967187 0.721875 0.968750 0.725000 0.968750 0.726562 0.967187 0.729688 0.967187 0.729688 0.965625 0.731250 0.964063 0.732812 0.964063 0.734375 0.965625 0.740625 0.965625 0.740625 0.962500 0.739062 0.960938 0.737500 0.960938 0.735938 0.962500 0.732812 0.962500 0.731250 0.960938 0.728125 0.964063 0.726562 0.962500 0.726562 0.960938 0.725000 0.959375
0 0.860938 0.957812 0.859375 0.959375 0.859375 0.965625 0.860938 0.967187 0.862500 0.967187 0.864062 0.968750 0.864062 0.960938
0 0.632812 0.957812 0.629687 0.960938 0.629687 0.964063 0.631250 0.965625 0.631250 0.968750 0.635938 0.968750 0.637500 0.967187 0.643750 0.967187 0.645312 0.968750 0.646875 0.967187 0.651563 0.967187 0.653125 0.965625 0.654687 0.967187 0.659375 0.967187 0.659375 0.965625 0.660937 0.964063 0.662500 0.964063 0.665625 0.967187 0.667188 0.965625 0.675000 0.965625 0.676562 0.964063 0.679688 0.967187 0.695312 0.967187 0.696875 0.965625 0.693750 0.962500 0.693750 0.960938 0.690625 0.960938 0.689063 0.962500 0.685937 0.959375 0.684375 0.959375 0.682813 0.957812 0.681250 0.957812 0.679688 0.959375 0.681250 0.960938 0.679688 0.962500 0.671875 0.962500 0.670312 0.960938 0.668750 0.960938 0.665625 0.964063 0.664062 0.964063 0.662500 0.962500 0.662500 0.960938 0.660937 0.960938 0.659375 0.959375 0.659375 0.957812 0.648438 0.957812 0.646875 0.959375 0.645312 0.959375 0.643750 0.957812
0 0.603125 0.957812 0.601562 0.959375 0.598437 0.959375 0.598437 0.964063 0.596875 0.965625 0.598437 0.967187 0.598437 0.968750 0.600000 0.968750 0.601562 0.967187 0.604688 0.967187 0.604688 0.965625 0.606250 0.964063 0.607812 0.964063 0.609375 0.965625 0.609375 0.967187 0.610938 0.967187 0.614062 0.970313 0.614062 0.971875 0.615625 0.970313 0.615625 0.965625 0.614062 0.964063 0.614062 0.959375 0.606250 0.959375 0.604688 0.957812
0 0.554688 0.957812 0.554688 0.959375 0.553125 0.960938 0.551562 0.960938 0.550000 0.962500 0.550000 0.964063 0.551562 0.964063 0.554688 0.967187 0.559375 0.967187 0.559375 0.962500 0.560937 0.960938 0.560937 0.957812
0 0.509375 0.957812 0.509375 0.959375 0.512500 0.962500 0.510938 0.964063 0.509375 0.964063 0.507812 0.965625 0.509375 0.967187 0.510938 0.965625 0.512500 0.965625 0.512500 0.959375 0.510938 0.957812
0 0.450000 0.931250 0.450000 0.932813 0.451562 0.932813 0.451562 0.931250
0 0.434375 0.931250 0.431250 0.934375 0.429688 0.934375 0.432812 0.934375 0.434375 0.932813 0.435937 0.932813 0.435937 0.931250
0 0.418750 0.931250 0.418750 0.932813 0.420312 0.932813 0.421875 0.934375 0.423438 0.934375 0.425000 0.932813 0.426563 0.932813 0.428125 0.931250
0 0.356250 0.931250 0.356250 0.932813 0.357812 0.931250
0 0.884375 0.929688 0.882812 0.931250 0.882812 0.935937 0.879687 0.939063 0.881250 0.939063 0.882812 0.940625 0.882812 0.942187 0.884375 0.942187 0.884375 0.940625 0.887500 0.937500 0.887500 0.935937 0.889062 0.934375 0.889062 0.931250 0.887500 0.931250 0.885938 0.929688
0 0.395313 0.929688 0.393750 0.931250 0.387500 0.931250 0.387500 0.932813 0.390625 0.932813 0.392188 0.934375 0.393750 0.932813 0.396875 0.932813 0.398438 0.934375 0.407813 0.934375 0.409375 0.932813 0.410938 0.932813 0.410938 0.931250 0.409375 0.931250 0.407813 0.932813 0.404687 0.929688 0.403125 0.929688 0.401562 0.931250 0.401562 0.932813 0.400000 0.934375
0 0.371875 0.929688 0.370312 0.931250 0.370312 0.932813 0.368750 0.934375 0.370312 0.932813 0.373437 0.932813 0.373437 0.931250
0 0.340625 0.929688 0.340625 0.931250 0.337500 0.934375 0.342187 0.934375 0.342187 0.931250
0 0.323437 0.929688 0.321875 0.931250 0.317188 0.931250 0.321875 0.935937 0.325000 0.935937 0.326562 0.934375 0.326562 0.929688
0 0.492188 0.926562 0.492188 0.928125 0.490625 0.929688 0.487500 0.929688 0.484375 0.932813 0.482812 0.931250 0.481250 0.931250 0.482812 0.931250 0.484375 0.932813 0.484375 0.934375 0.490625 0.934375 0.492188 0.935937 0.498437 0.935937 0.500000 0.934375 0.501563 0.934375 0.500000 0.932813 0.500000 0.931250 0.498437 0.929688 0.498437 0.928125 0.496875 0.928125 0.495312 0.926562
0 0.884375 0.917188 0.882812 0.918750 0.884375 0.920312 0.885938 0.918750 0.885938 0.917188
0 0.410938 0.915625 0.410938 0.917188 0.412500 0.915625
0 0.479687 0.914062 0.479687 0.915625 0.481250 0.917188 0.482812 0.915625 0.482812 0.914062
0 0.464062 0.914062 0.464062 0.915625 0.460938 0.918750 0.464062 0.918750 0.467187 0.915625 0.467187 0.914062
0 0.448437 0.914062 0.448437 0.915625 0.445312 0.918750 0.448437 0.918750 0.450000 0.917188 0.451562 0.917188 0.451562 0.914062
0 0.432812 0.914062 0.432812 0.915625 0.431250 0.917188 0.429688 0.917188 0.429688 0.918750 0.432812 0.918750 0.434375 0.917188 0.435937 0.917188 0.435937 0.915625 0.434375 0.914062
0 0.418750 0.914062 0.418750 0.917188 0.420312 0.917188 0.420312 0.914062
0 0.510938 0.912500 0.510938 0.915625 0.512500 0.917188 0.514062 0.917188 0.514062 0.914062 0.512500 0.912500
0 0.495312 0.912500 0.492188 0.915625 0.490625 0.915625 0.490625 0.917188 0.493750 0.920312 0.495312 0.920312 0.496875 0.918750 0.498437 0.918750 0.498437 0.914062 0.496875 0.912500
0 0.403125 0.912500 0.401562 0.914062 0.401562 0.917188 0.400000 0.918750 0.398438 0.918750 0.396875 0.917188 0.396875 0.915625 0.395313 0.915625 0.398438 0.918750 0.401562 0.918750 0.403125 0.917188 0.404687 0.917188 0.404687 0.914062
0 0.384375 0.912500 0.385937 0.914062 0.385937 0.915625 0.384375 0.917188 0.382812 0.917188 0.382812 0.918750 0.385937 0.918750 0.387500 0.917188 0.389062 0.917188 0.389062 0.914062 0.387500 0.912500
0 0.370312 0.912500 0.370312 0.915625 0.367188 0.918750 0.370312 0.918750 0.371875 0.917188 0.373437 0.917188 0.373437 0.914062 0.371875 0.912500
0 0.354687 0.912500 0.354687 0.915625 0.351562 0.918750 0.354687 0.918750 0.356250 0.917188 0.357812 0.917188 0.357812 0.914062 0.356250 0.912500
0 0.337500 0.912500 0.334375 0.915625 0.332813 0.915625 0.332813 0.918750 0.334375 0.918750 0.335938 0.920312 0.339062 0.920312 0.340625 0.918750 0.342187 0.918750 0.342187 0.914062 0.340625 0.912500
0 0.531250 0.909375 0.529687 0.910937 0.523438 0.910937 0.521875 0.912500 0.521875 0.915625 0.523438 0.917188 0.523438 0.918750 0.525000 0.920312 0.526563 0.918750 0.531250 0.918750 0.532813 0.920312 0.534375 0.918750 0.535937 0.918750 0.537500 0.920312 0.542188 0.920312 0.543750 0.918750 0.545312 0.920312 0.556250 0.920312 0.557813 0.918750 0.560937 0.918750 0.562500 0.920312 0.565625 0.920312 0.567187 0.918750 0.568750 0.918750 0.570312 0.920312 0.573438 0.920312 0.575000 0.918750 0.576562 0.920312 0.581250 0.920312 0.582812 0.918750 0.584375 0.920312 0.587500 0.920312 0.589063 0.918750 0.592187 0.918750 0.593750 0.920312 0.604688 0.920312 0.606250 0.918750 0.607812 0.920312 0.620313 0.920312 0.621875 0.918750 0.626563 0.923438 0.625000 0.925000 0.625000 0.926562 0.623437 0.928125 0.620313 0.928125 0.618750 0.926562 0.615625 0.926562 0.614062 0.928125 0.612500 0.926562 0.610938 0.926562 0.609375 0.928125 0.604688 0.928125 0.603125 0.926562 0.601562 0.926562 0.600000 0.928125 0.571875 0.928125 0.570312 0.929688 0.535937 0.929688 0.534375 0.931250 0.532813 0.931250 0.531250 0.929688 0.529687 0.929688 0.528125 0.928125 0.525000 0.928125 0.525000 0.929688 0.523438 0.931250 0.518750 0.931250 0.517188 0.932813 0.514062 0.929688 0.512500 0.929688 0.510938 0.931250 0.510938 0.932813 0.509375 0.934375 0.507812 0.934375 0.518750 0.934375 0.520312 0.932813 0.521875 0.934375 0.523438 0.934375 0.525000 0.935937 0.526563 0.934375 0.534375 0.934375 0.535937 0.932813 0.539062 0.935937 0.542188 0.935937 0.543750 0.934375 0.545312 0.935937 0.550000 0.935937 0.551562 0.934375 0.554688 0.934375 0.556250 0.935937 0.557813 0.934375 0.559375 0.934375 0.560937 0.935937 0.564063 0.935937 0.567187 0.939063 0.570312 0.935937 0.573438 0.935937 0.575000 0.937500 0.576562 0.935937 0.579688 0.935937 0.582812 0.939063 0.585938 0.935937 0.589063 0.935937 0.590625 0.937500 0.596875 0.937500 0.598437 0.939063 0.601562 0.935937 0.607812 0.935937 0.610938 0.939063 0.610938 0.945312 0.614062 0.945312 0.614062 0.943750 0.615625 0.942187 0.615625 0.939063 0.618750 0.935937 0.620313 0.935937 0.625000 0.940625 0.625000 0.943750 0.623437 0.945312 0.621875 0.945312 0.628125 0.945312 0.631250 0.942187 0.631250 0.940625 0.632812 0.939063 0.632812 0.937500 0.634375 0.935937 0.635938 0.935937 0.637500 0.934375 0.640625 0.937500 0.640625 0.939063 0.642188 0.940625 0.642188 0.942187 0.642188 0.940625 0.643750 0.939063 0.643750 0.932813 0.645312 0.931250 0.642188 0.928125 0.642188 0.925000 0.640625 0.926562 0.640625 0.928125 0.639062 0.929688 0.635938 0.929688 0.634375 0.928125 0.634375 0.926562 0.631250 0.923438 0.634375 0.920312 0.639062 0.920312 0.640625 0.921875 0.642188 0.921875 0.642188 0.914062 0.640625 0.912500 0.639062 0.912500 0.637500 0.910937 0.634375 0.910937 0.632812 0.909375 0.626563 0.909375 0.625000 0.910937 0.617188 0.910937 0.615625 0.909375 0.609375 0.909375 0.607812 0.910937 0.600000 0.910937 0.598437 0.909375 0.596875 0.910937 0.554688 0.910937 0.553125 0.909375 0.551562 0.909375 0.550000 0.910937 0.545312 0.910937 0.543750 0.909375
0 0.307812 0.909375 0.306250 0.910937 0.304688 0.910937 0.301563 0.914062 0.296875 0.914062 0.295312 0.912500 0.292187 0.912500 0.289062 0.915625 0.289062 0.920312 0.292187 0.923438 0.290625 0.925000 0.290625 0.928125 0.289062 0.929688 0.289062 0.931250 0.287500 0.932813 0.287500 0.934375 0.290625 0.937500 0.295312 0.937500 0.298438 0.934375 0.300000 0.934375 0.301563 0.935937 0.310937 0.935937 0.310937 0.934375 0.312500 0.932813 0.312500 0.931250 0.310937 0.929688 0.310937 0.928125 0.309375 0.928125 0.307812 0.926562 0.306250 0.926562 0.306250 0.928125 0.304688 0.929688 0.300000 0.929688 0.298438 0.931250 0.295312 0.928125 0.295312 0.921875 0.296875 0.920312 0.301563 0.920312 0.303125 0.921875 0.309375 0.921875 0.310937 0.920312 0.312500 0.920312 0.314063 0.918750 0.315625 0.920312 0.325000 0.920312 0.326562 0.918750 0.328125 0.918750 0.328125 0.917188 0.326562 0.915625 0.326562 0.912500 0.321875 0.912500 0.320312 0.914062 0.315625 0.914062 0.315625 0.915625 0.314063 0.917188 0.312500 0.915625 0.312500 0.914062 0.310937 0.912500 0.310937 0.910937 0.309375 0.909375
0 0.651563 0.907813 0.648438 0.910937 0.648438 0.912500 0.650000 0.914062 0.650000 0.920312 0.651563 0.921875 0.651563 0.923438 0.653125 0.925000 0.653125 0.932813 0.654687 0.934375 0.657813 0.934375 0.659375 0.935937 0.659375 0.939063 0.662500 0.942187 0.662500 0.943750 0.665625 0.946875 0.696875 0.946875 0.698438 0.948438 0.700000 0.948438 0.701562 0.946875 0.709375 0.946875 0.710938 0.948438 0.720313 0.948438 0.721875 0.946875 0.723437 0.946875 0.725000 0.948438 0.806250 0.948438 0.807813 0.946875 0.809375 0.946875 0.810937 0.948438 0.817187 0.948438 0.818750 0.946875 0.842187 0.946875 0.843750 0.945312 0.851562 0.945312 0.853125 0.943750 0.853125 0.937500 0.850000 0.934375 0.850000 0.932813 0.851562 0.931250 0.853125 0.931250 0.862500 0.940625 0.862500 0.942187 0.864062 0.943750 0.864062 0.945312 0.865625 0.945312 0.867188 0.943750 0.873437 0.943750 0.873437 0.942187 0.875000 0.940625 0.875000 0.929688 0.873437 0.929688 0.871875 0.928125 0.870313 0.928125 0.868750 0.926562 0.868750 0.923438 0.870313 0.921875 0.871875 0.921875 0.871875 0.920312 0.873437 0.918750 0.873437 0.915625 0.871875 0.914062 0.867188 0.914062 0.865625 0.915625 0.864062 0.915625 0.860938 0.912500 0.860938 0.910937 0.859375 0.912500 0.853125 0.912500 0.851562 0.914062 0.848437 0.914062 0.845313 0.910937 0.834375 0.910937 0.832812 0.912500 0.831250 0.910937 0.814063 0.910937 0.812500 0.909375 0.796875 0.909375 0.795312 0.910937 0.793750 0.910937 0.792188 0.909375 0.787500 0.909375 0.785937 0.910937 0.784375 0.909375 0.771875 0.909375 0.770312 0.910937 0.768750 0.909375 0.714063 0.909375 0.712500 0.907813 0.709375 0.907813 0.707812 0.909375 0.678125 0.909375 0.678125 0.910937 0.676562 0.912500 0.675000 0.910937 0.668750 0.910937 0.667188 0.909375 0.664062 0.909375 0.662500 0.910937 0.662500 0.912500 0.660937 0.914062 0.657813 0.914062 0.656250 0.912500 0.656250 0.910937 0.654687 0.909375 0.654687 0.907813
0 0.125000 0.890625 0.125000 0.892188 0.128125 0.892188 0.128125 0.890625
0 0.142187 0.889062 0.140625 0.890625 0.140625 0.892188 0.142187 0.893750 0.143750 0.892188 0.146875 0.892188 0.145313 0.890625 0.143750 0.890625
0 0.143750 0.882812 0.143750 0.884375 0.145313 0.884375 0.145313 0.882812
0 0.145313 0.875000 0.143750 0.876563 0.146875 0.876563
0 0.121875 0.862500 0.120313 0.864062 0.120313 0.865625 0.121875 0.867188 0.123438 0.867188 0.123438 0.864062
0 0.059375 0.856250 0.059375 0.860938 0.057813 0.862500 0.057813 0.864062 0.056250 0.865625 0.056250 0.870313 0.054688 0.871875 0.054688 0.873437 0.059375 0.873437 0.060937 0.871875 0.060937 0.868750 0.059375 0.867188
0 0.129688 0.851562 0.128125 0.853125 0.128125 0.856250 0.129688 0.857812
0 0.121875 0.846875 0.120313 0.848437 0.118750 0.848437 0.118750 0.850000 0.120313 0.850000 0.121875 0.851562 0.121875 0.853125 0.120313 0.854688 0.120313 0.857812 0.123438 0.857812 0.125000 0.856250 0.125000 0.854688 0.123438 0.853125 0.123438 0.851562 0.125000 0.850000 0.123438 0.848437 0.123438 0.846875
0 0.137500 0.831250 0.135937 0.832812 0.134375 0.832812 0.137500 0.835938 0.139063 0.835938 0.140625 0.834375 0.140625 0.831250
0 0.128125 0.821875 0.129688 0.823438 0.131250 0.821875
0 0.231250 0.464062 0.229687 0.465625 0.231250 0.465625
0 0.293750 0.353125 0.293750 0.354687 0.292187 0.356250 0.295312 0.356250 0.293750 0.354687
0 0.262500 0.339062 0.262500 0.340625 0.264062 0.340625
0 0.293750 0.337500 0.293750 0.339062 0.292187 0.340625 0.295312 0.340625 0.293750 0.339062
0 0.200000 0.337500 0.200000 0.340625 0.201563 0.340625 0.200000 0.339062
0 0.334375 0.323437 0.332813 0.325000 0.335938 0.325000
0 0.231250 0.323437 0.231250 0.325000 0.232813 0.325000
0 0.184375 0.323437 0.182812 0.325000 0.185938 0.325000
0 0.340625 0.321875 0.339062 0.323437 0.339062 0.325000 0.340625 0.325000
0 0.067187 0.321875 0.067187 0.323437 0.065625 0.325000 0.075000 0.325000 0.075000 0.323437 0.070312 0.323437 0.068750 0.321875
0 0.323437 0.320312 0.323437 0.321875 0.321875 0.323437 0.317188 0.323437 0.315625 0.325000 0.326562 0.325000 0.326562 0.321875 0.325000 0.320312
0 0.262500 0.320312 0.262500 0.323437 0.260937 0.325000 0.264062 0.325000 0.264062 0.323437 0.262500 0.321875
0 0.292187 0.318750 0.289062 0.321875 0.285938 0.321875 0.285938 0.323437 0.284375 0.325000 0.292187 0.325000 0.293750 0.326562 0.295312 0.325000 0.307812 0.325000 0.309375 0.326562 0.310937 0.325000 0.312500 0.325000 0.310937 0.323437 0.310937 0.320312 0.307812 0.320312 0.306250 0.321875 0.301563 0.321875 0.301563 0.323437 0.300000 0.325000 0.296875 0.325000 0.295312 0.323437 0.295312 0.318750
0 0.278125 0.317188 0.276562 0.318750 0.276562 0.321875 0.275000 0.323437 0.271875 0.323437 0.270313 0.325000 0.281250 0.325000 0.279687 0.323437 0.279687 0.318750
0 0.200000 0.317188 0.198437 0.318750 0.200000 0.320312 0.200000 0.321875 0.196875 0.325000 0.198437 0.325000 0.200000 0.326562 0.201563 0.325000 0.201563 0.323437 0.200000 0.321875
0 0.762500 0.306250 0.759375 0.309375 0.759375 0.312500 0.757812 0.314063 0.754687 0.314063 0.751563 0.317188 0.748437 0.314063 0.748437 0.309375 0.746875 0.307812 0.742188 0.307812 0.740625 0.309375 0.739062 0.309375 0.739062 0.323437 0.740625 0.325000 0.742188 0.325000 0.743750 0.326562 0.745313 0.326562 0.746875 0.325000 0.750000 0.325000 0.751563 0.326562 0.821875 0.326562 0.823438 0.328125 0.825000 0.328125 0.826562 0.326562 0.839063 0.326562 0.840625 0.328125 0.842187 0.326562 0.853125 0.326562 0.854688 0.328125 0.857812 0.328125 0.859375 0.326562 0.867188 0.326562 0.868750 0.328125 0.890625 0.328125 0.892188 0.326562 0.901563 0.326562 0.903125 0.328125 0.904687 0.328125 0.906250 0.326562 0.939063 0.326562 0.943750 0.331250 0.943750 0.332813 0.945312 0.334375 0.945312 0.337500 0.942187 0.340625 0.940625 0.340625 0.939063 0.339062 0.937500 0.340625 0.934375 0.340625 0.931250 0.343750 0.928125 0.343750 0.926562 0.342187 0.925000 0.343750 0.921875 0.343750 0.920312 0.342187 0.918750 0.342187 0.917188 0.343750 0.914062 0.343750 0.912500 0.342187 0.903125 0.342187 0.901563 0.343750 0.898438 0.343750 0.896875 0.342187 0.887500 0.342187 0.885938 0.343750 0.882812 0.343750 0.881250 0.342187 0.871875 0.342187 0.868750 0.345313 0.867188 0.343750 0.865625 0.343750 0.864062 0.342187 0.862500 0.342187 0.860938 0.343750 0.859375 0.343750 0.857812 0.342187 0.856250 0.342187 0.854688 0.343750 0.851562 0.343750 0.850000 0.342187 0.840625 0.342187 0.837500 0.345313 0.835938 0.343750 0.834375 0.343750 0.832812 0.342187 0.831250 0.342187 0.829688 0.343750 0.828125 0.342187 0.823438 0.342187 0.821875 0.343750 0.820312 0.343750 0.818750 0.342187 0.815625 0.342187 0.814063 0.343750 0.812500 0.342187 0.807813 0.342187 0.806250 0.343750 0.804688 0.343750 0.803125 0.342187 0.796875 0.342187 0.795312 0.340625 0.793750 0.340625 0.790625 0.343750 0.789062 0.342187 0.784375 0.342187 0.782813 0.340625 0.779687 0.340625 0.775000 0.345313 0.771875 0.342187 0.770312 0.342187 0.768750 0.343750 0.768750 0.345313 0.767188 0.346875 0.765625 0.345313 0.765625 0.343750 0.764062 0.342187 0.760938 0.342187 0.759375 0.343750 0.757812 0.343750 0.756250 0.342187 0.753125 0.342187 0.751563 0.343750 0.750000 0.342187 0.748437 0.342187 0.746875 0.340625 0.745313 0.342187 0.735938 0.342187 0.734375 0.340625 0.731250 0.340625 0.729688 0.342187 0.720313 0.342187 0.718750 0.340625 0.714063 0.340625 0.714063 0.343750 0.715625 0.345313 0.717187 0.345313 0.717187 0.343750 0.718750 0.342187 0.720313 0.342187 0.721875 0.343750 0.721875 0.350000 0.720313 0.351562 0.720313 0.354687 0.723437 0.357812 0.725000 0.357812 0.726562 0.359375 0.729688 0.359375 0.731250 0.360938 0.732812 0.360938 0.734375 0.359375 0.735938 0.359375 0.739062 0.362500 0.739062 0.364063 0.740625 0.365625 0.740625 0.367188 0.742188 0.368750 0.742188 0.371875 0.743750 0.371875 0.745313 0.373437 0.751563 0.373437 0.759375 0.381250 0.759375 0.384375 0.764062 0.384375 0.765625 0.385937 0.765625 0.387500 0.767188 0.387500 0.768750 0.389062 0.770312 0.389062 0.771875 0.390625 0.773438 0.390625 0.775000 0.392188 0.776563 0.392188 0.778125 0.393750 0.779687 0.393750 0.782813 0.390625 0.784375 0.392188 0.784375 0.396875 0.782813 0.398438 0.782813 0.403125 0.784375 0.403125 0.785937 0.404687 0.787500 0.404687 0.790625 0.407813 0.798438 0.407813 0.800000 0.409375 0.800000 0.410938 0.801562 0.412500 0.803125 0.412500 0.809375 0.418750 0.810937 0.418750 0.812500 0.420312 0.815625 0.420312 0.817187 0.421875 0.817187 0.423438 0.820312 0.426563 0.820312 0.428125 0.825000 0.428125 0.828125 0.431250 0.828125 0.432812 0.831250 0.435937 0.832812 0.435937 0.834375 0.437500 0.837500 0.437500 0.839063 0.439063 0.840625 0.439063 0.842187 0.440625 0.843750 0.440625 0.851562 0.448437 0.851562 0.451562 0.853125 0.453125 0.854688 0.453125 0.856250 0.454688 0.857812 0.454688 0.860938 0.457813 0.860938 0.459375 0.862500 0.460938 0.865625 0.460938 0.867188 0.462500 0.867188 0.464062 0.868750 0.465625 0.870313 0.465625 0.871875 0.467187 0.876563 0.467187 0.878125 0.468750 0.879687 0.468750 0.881250 0.470313 0.882812 0.470313 0.885938 0.473438 0.887500 0.473438 0.889062 0.475000 0.889062 0.476562 0.890625 0.478125 0.890625 0.479687 0.893750 0.482812 0.895312 0.482812 0.896875 0.484375 0.898438 0.484375 0.900000 0.485938 0.900000 0.493750 0.901563 0.495312 0.901563 0.496875 0.904687 0.496875 0.906250 0.498437 0.915625 0.498437 0.917188 0.500000 0.921875 0.500000 0.926562 0.504687 0.926562 0.506250 0.928125 0.506250 0.929688 0.507812 0.929688 0.509375 0.932813 0.512500 0.934375 0.512500 0.935937 0.514062 0.937500 0.514062 0.939063 0.515625 0.940625 0.515625 0.942187 0.517188 0.943750 0.517188 0.946875 0.520312 0.948438 0.520312 0.953125 0.525000 0.953125 0.526563 0.954688 0.528125 0.954688 0.529687 0.957812 0.529687 0.960938 0.532813 0.962500 0.532813 0.965625 0.535937 0.965625 0.543750 0.967187 0.545312 0.967187 0.546875 0.975000 0.546875 0.976562 0.548438 0.987500 0.548438 0.989062 0.550000 0.989062 0.551562 0.990625 0.551562 0.992188 0.553125 0.992188 0.554688 0.993750 0.556250 0.996875 0.556250 0.996875 0.554688 0.995313 0.553125 0.998437 0.550000 0.998437 0.539062 0.996875 0.539062 0.995313 0.537500 0.995313 0.532813 0.998437 0.529687 0.998437 0.523438 0.996875 0.523438 0.995313 0.521875 0.995313 0.518750 0.998437 0.515625 0.998437 0.509375 0.995313 0.506250 0.995313 0.501563 0.998437 0.498437 0.998437 0.492188 0.996875 0.492188 0.995313 0.490625 0.995313 0.487500 0.998437 0.484375 0.998437 0.479687 0.995313 0.476562 0.995313 0.448437 0.996875 0.446875 0.995313 0.445312 0.995313 0.440625 0.998437 0.437500 0.996875 0.435937 0.996875 0.434375 0.995313 0.432812 0.995313 0.421875 0.993750 0.420312 0.993750 0.409375 0.992188 0.407813 0.993750 0.406250 0.993750 0.404687 0.995313 0.403125 0.993750 0.401562 0.993750 0.398438 0.995313 0.396875 0.995313 0.387500 0.993750 0.385937 0.993750 0.376563 0.995313 0.375000 0.995313 0.364063 0.998437 0.360938 0.998437 0.356250 0.995313 0.353125 0.995313 0.351562 0.996875 0.350000 0.998437 0.350000 0.998437 0.314063 0.987500 0.314063 0.985938 0.315625 0.984375 0.314063 0.982812 0.314063 0.981250 0.312500 0.979688 0.314063 0.976562 0.314063 0.975000 0.312500 0.973437 0.312500 0.971875 0.314063 0.967187 0.314063 0.965625 0.312500 0.964063 0.314063 0.960938 0.314063 0.959375 0.312500 0.957812 0.312500 0.954688 0.315625 0.953125 0.314063 0.951562 0.314063 0.950000 0.312500 0.942187 0.312500 0.939063 0.315625 0.937500 0.314063 0.935937 0.314063 0.934375 0.312500 0.932813 0.314063 0.929688 0.314063 0.928125 0.312500 0.926562 0.312500 0.925000 0.314063 0.921875 0.314063 0.920312 0.312500 0.893750 0.312500 0.892188 0.314063 0.882812 0.314063 0.881250 0.312500 0.873437 0.312500 0.871875 0.310937 0.867188 0.310937 0.865625 0.312500 0.864062 0.312500 0.860938 0.315625 0.857812 0.312500 0.854688 0.312500 0.853125 0.314063 0.850000 0.310937 0.848437 0.310937 0.846875 0.312500 0.846875 0.314063 0.845313 0.315625 0.843750 0.315625 0.842187 0.314063 0.842187 0.312500 0.840625 0.310937 0.839063 0.310937 0.837500 0.312500 0.835938 0.310937 0.832812 0.310937 0.831250 0.312500 0.831250 0.314063 0.829688 0.315625 0.828125 0.315625 0.826562 0.314063 0.826562 0.310937 0.825000 0.309375 0.821875 0.309375 0.820312 0.310937 0.817187 0.310937 0.817187 0.312500 0.814063 0.315625 0.812500 0.315625 0.810937 0.314063 0.810937 0.309375 0.807813 0.309375 0.806250 0.310937 0.801562 0.310937 0.801562 0.314063 0.800000 0.315625 0.795312 0.315625 0.793750 0.314063 0.793750 0.312500 0.795312 0.310937 0.793750 0.309375 0.785937 0.309375 0.785937 0.314063 0.784375 0.315625 0.781250 0.315625 0.778125 0.312500 0.779687 0.310937 0.779687 0.309375 0.771875 0.309375 0.770312 0.310937 0.770312 0.314063 0.767188 0.317188 0.765625 0.315625 0.764062 0.315625 0.762500 0.314063 0.764062 0.312500 0.764062 0.309375 0.762500 0.307812
0 0.414062 0.306250 0.410938 0.309375 0.407813 0.309375 0.406250 0.310937 0.406250 0.312500 0.403125 0.315625 0.403125 0.317188 0.401562 0.318750 0.401562 0.320312 0.400000 0.321875 0.400000 0.325000 0.398438 0.326562 0.398438 0.329688 0.396875 0.331250 0.396875 0.332813 0.392188 0.337500 0.389062 0.337500 0.389062 0.340625 0.385937 0.343750 0.385937 0.345313 0.382812 0.348438 0.379688 0.348438 0.379688 0.350000 0.375000 0.354687 0.375000 0.356250 0.370312 0.360938 0.370312 0.362500 0.367188 0.365625 0.365625 0.365625 0.362500 0.368750 0.362500 0.379688 0.360938 0.381250 0.356250 0.381250 0.353125 0.384375 0.353125 0.385937 0.356250 0.385937 0.357812 0.387500 0.356250 0.389062 0.353125 0.389062 0.353125 0.390625 0.351562 0.392188 0.350000 0.392188 0.343750 0.398438 0.342187 0.396875 0.342187 0.403125 0.339062 0.406250 0.339062 0.407813 0.335938 0.410938 0.334375 0.410938 0.329688 0.415625 0.326562 0.415625 0.325000 0.417187 0.325000 0.420312 0.318750 0.426563 0.317188 0.426563 0.317188 0.428125 0.314063 0.431250 0.309375 0.431250 0.310937 0.432812 0.310937 0.434375 0.309375 0.435937 0.306250 0.435937 0.306250 0.437500 0.301563 0.442188 0.301563 0.443750 0.300000 0.445312 0.300000 0.446875 0.298438 0.448437 0.298438 0.454688 0.296875 0.456250 0.295312 0.454688 0.293750 0.454688 0.285938 0.462500 0.284375 0.462500 0.281250 0.465625 0.281250 0.470313 0.278125 0.473438 0.278125 0.475000 0.275000 0.478125 0.273438 0.478125 0.273438 0.479687 0.270313 0.482812 0.270313 0.484375 0.268750 0.485938 0.268750 0.487500 0.265625 0.490625 0.264062 0.489063 0.259375 0.493750 0.254688 0.493750 0.254688 0.498437 0.251563 0.501563 0.251563 0.504687 0.248438 0.507812 0.246875 0.507812 0.246875 0.509375 0.245312 0.510938 0.245312 0.512500 0.239063 0.518750 0.239063 0.521875 0.235937 0.525000 0.234375 0.525000 0.232813 0.526563 0.232813 0.528125 0.218750 0.542188 0.218750 0.545312 0.217188 0.546875 0.217188 0.548438 0.215625 0.550000 0.214062 0.550000 0.207813 0.556250 0.207813 0.567187 0.204687 0.570312 0.203125 0.570312 0.201563 0.568750 0.200000 0.568750 0.200000 0.570312 0.198437 0.571875 0.198437 0.573438 0.196875 0.575000 0.196875 0.576562 0.195312 0.578125 0.195312 0.579688 0.187500 0.587500 0.184375 0.587500 0.184375 0.590625 0.173437 0.601562 0.171875 0.601562 0.170313 0.603125 0.168750 0.603125 0.164062 0.607812 0.164062 0.609375 0.160938 0.612500 0.160938 0.614062 0.159375 0.615625 0.157812 0.615625 0.153125 0.620313 0.153125 0.625000 0.157812 0.625000 0.160938 0.628125 0.160938 0.629687 0.159375 0.631250 0.159375 0.632812 0.157812 0.634375 0.156250 0.632812 0.156250 0.631250 0.153125 0.628125 0.145313 0.635938 0.145313 0.640625 0.146875 0.642188 0.146875 0.645312 0.142187 0.650000 0.140625 0.650000 0.139063 0.648438 0.139063 0.646875 0.137500 0.646875 0.134375 0.650000 0.134375 0.651563 0.132812 0.653125 0.132812 0.654687 0.134375 0.656250 0.134375 0.657813 0.126562 0.665625 0.121875 0.665625 0.121875 0.670312 0.120313 0.671875 0.120313 0.673438 0.117188 0.676562 0.115625 0.676562 0.114062 0.678125 0.114062 0.679688 0.109375 0.684375 0.107813 0.684375 0.106250 0.685937 0.106250 0.687500 0.103125 0.690625 0.101562 0.690625 0.101562 0.692187 0.098437 0.695312 0.096875 0.695312 0.096875 0.696875 0.095312 0.698438 0.093750 0.696875 0.093750 0.695312 0.092188 0.693750 0.090625 0.693750 0.089063 0.695312 0.087500 0.695312 0.085938 0.696875 0.081250 0.696875 0.078125 0.700000 0.079687 0.701562 0.081250 0.701562 0.084375 0.704688 0.082812 0.706250 0.082812 0.707812 0.079687 0.710938 0.078125 0.710938 0.076563 0.709375 0.076563 0.707812 0.075000 0.706250 0.075000 0.704688 0.075000 0.714063 0.073438 0.715625 0.078125 0.720313 0.078125 0.725000 0.076563 0.726562 0.075000 0.726562 0.073438 0.728125 0.076563 0.731250 0.076563 0.732812 0.079687 0.732812 0.081250 0.734375 0.084375 0.734375 0.085938 0.732812 0.087500 0.732812 0.090625 0.735938 0.087500 0.739062 0.085938 0.739062 0.085938 0.740625 0.084375 0.742188 0.082812 0.742188 0.079687 0.745313 0.078125 0.743750 0.078125 0.742188 0.076563 0.740625 0.076563 0.739062 0.073438 0.739062 0.070312 0.742188 0.068750 0.742188 0.064062 0.746875 0.067187 0.750000 0.071875 0.750000 0.073438 0.751563 0.071875 0.753125 0.070312 0.753125 0.065625 0.757812 0.065625 0.759375 0.064062 0.760938 0.062500 0.759375 0.062500 0.756250 0.060937 0.754687 0.060937 0.753125 0.059375 0.751563 0.059375 0.753125 0.057813 0.754687 0.056250 0.754687 0.048438 0.762500 0.045312 0.762500 0.043750 0.764062 0.043750 0.770312 0.042188 0.771875 0.039062 0.771875 0.032813 0.778125 0.034375 0.778125 0.035937 0.779687 0.042188 0.779687 0.043750 0.781250 0.045312 0.779687 0.046875 0.779687 0.048438 0.778125 0.050000 0.779687 0.053125 0.779687 0.054688 0.778125 0.056250 0.778125 0.057813 0.779687 0.068750 0.779687 0.070312 0.778125 0.070312 0.776563 0.068750 0.775000 0.068750 0.773438 0.067187 0.773438 0.064062 0.776563 0.062500 0.775000 0.062500 0.771875 0.060937 0.770312 0.060937 0.765625 0.062500 0.764062 0.065625 0.764062 0.067187 0.765625 0.070312 0.762500 0.071875 0.762500 0.075000 0.765625 0.075000 0.768750 0.071875 0.771875 0.073438 0.773438 0.073438 0.778125 0.075000 0.779687 0.076563 0.779687 0.078125 0.778125 0.084375 0.778125 0.084375 0.776563 0.082812 0.775000 0.079687 0.778125 0.076563 0.775000 0.076563 0.768750 0.075000 0.767188 0.078125 0.764062 0.087500 0.764062 0.090625 0.767188 0.089063 0.768750 0.089063 0.779687 0.093750 0.779687 0.095312 0.778125 0.096875 0.778125 0.098437 0.779687 0.100000 0.778125 0.100000 0.773438 0.101562 0.771875 0.103125 0.771875 0.104688 0.773438 0.104688 0.779687 0.112500 0.779687 0.114062 0.781250 0.115625 0.779687 0.118750 0.779687 0.120313 0.781250 0.120313 0.782813 0.118750 0.784375 0.117188 0.784375 0.114062 0.787500 0.110937 0.787500 0.109375 0.785937 0.104688 0.785937 0.104688 0.787500 0.107813 0.790625 0.106250 0.792188 0.104688 0.792188 0.103125 0.793750 0.092188 0.793750 0.096875 0.793750 0.098437 0.795312 0.100000 0.793750 0.103125 0.793750 0.104688 0.795312 0.106250 0.795312 0.109375 0.798438 0.106250 0.801562 0.104688 0.801562 0.106250 0.803125 0.106250 0.809375 0.107813 0.810937 0.118750 0.810937 0.121875 0.814063 0.118750 0.817187 0.117188 0.817187 0.118750 0.818750 0.120313 0.818750 0.121875 0.820312 0.123438 0.820312 0.123438 0.815625 0.121875 0.814063 0.125000 0.810937 0.131250 0.810937 0.132812 0.809375 0.132812 0.807813 0.134375 0.806250 0.135937 0.807813 0.135937 0.814063 0.132812 0.817187 0.137500 0.821875 0.135937 0.823438 0.135937 0.825000 0.137500 0.826562 0.137500 0.828125 0.139063 0.828125 0.142187 0.825000 0.145313 0.828125 0.143750 0.829688 0.143750 0.839063 0.145313 0.839063 0.148438 0.835938 0.150000 0.835938 0.151562 0.837500 0.151562 0.840625 0.148438 0.843750 0.146875 0.842187 0.142187 0.842187 0.142187 0.845313 0.140625 0.846875 0.137500 0.846875 0.135937 0.848437 0.137500 0.850000 0.137500 0.860938 0.134375 0.864062 0.134375 0.865625 0.135937 0.867188 0.135937 0.868750 0.137500 0.870313 0.137500 0.876563 0.134375 0.879687 0.135937 0.881250 0.137500 0.881250 0.139063 0.882812 0.140625 0.881250 0.140625 0.879687 0.139063 0.878125 0.139063 0.868750 0.140625 0.867188 0.140625 0.864062 0.139063 0.862500 0.139063 0.860938 0.142187 0.857812 0.143750 0.859375 0.150000 0.859375 0.151562 0.860938 0.148438 0.864062 0.150000 0.865625 0.151562 0.865625 0.153125 0.867188 0.153125 0.873437 0.154688 0.873437 0.156250 0.875000 0.156250 0.876563 0.153125 0.879687 0.154688 0.881250 0.154688 0.885938 0.156250 0.887500 0.156250 0.892188 0.157812 0.893750 0.159375 0.892188 0.165625 0.892188 0.167187 0.890625 0.164062 0.890625 0.162500 0.889062 0.162500 0.884375 0.164062 0.882812 0.167187 0.882812 0.168750 0.884375 0.170313 0.882812 0.170313 0.878125 0.168750 0.876563 0.168750 0.875000 0.170313 0.873437 0.170313 0.868750 0.173437 0.865625 0.176563 0.868750 0.178125 0.868750 0.179688 0.867188 0.181250 0.867188 0.182812 0.868750 0.182812 0.876563 0.181250 0.878125 0.181250 0.881250 0.182812 0.882812 0.182812 0.889062 0.179688 0.892188 0.178125 0.892188 0.176563 0.890625 0.173437 0.890625 0.171875 0.889062 0.170313 0.890625 0.170313 0.892188 0.171875 0.893750 0.175000 0.893750 0.176563 0.892188 0.179688 0.892188 0.181250 0.890625 0.184375 0.890625 0.185938 0.892188 0.185938 0.893750 0.187500 0.893750 0.189062 0.895312 0.190625 0.893750 0.195312 0.893750 0.196875 0.892188 0.198437 0.892188 0.200000 0.890625 0.201563 0.892188 0.201563 0.893750 0.203125 0.895312 0.207813 0.895312 0.209375 0.893750 0.212500 0.893750 0.214062 0.892188 0.215625 0.892188 0.218750 0.895312 0.232813 0.895312 0.234375 0.896875 0.240625 0.896875 0.242188 0.895312 0.246875 0.895312 0.248438 0.896875 0.254688 0.896875 0.256250 0.895312 0.262500 0.895312 0.264062 0.896875 0.476562 0.896875 0.478125 0.898438 0.479687 0.896875 0.525000 0.896875 0.526563 0.898438 0.528125 0.898438 0.529687 0.896875 0.556250 0.896875 0.557813 0.898438 0.559375 0.898438 0.560937 0.896875 0.585938 0.896875 0.587500 0.898438 0.592187 0.898438 0.593750 0.896875 0.618750 0.896875 0.620313 0.898438 0.750000 0.898438 0.754687 0.893750 0.756250 0.893750 0.757812 0.892188 0.759375 0.892188 0.760938 0.893750 0.760938 0.898438 0.820312 0.898438 0.821875 0.896875 0.909375 0.896875 0.910937 0.895312 0.912500 0.896875 0.920312 0.896875 0.921875 0.895312 0.928125 0.895312 0.929688 0.896875 0.934375 0.896875 0.935937 0.895312 0.998437 0.895312 0.998437 0.803125 0.996875 0.803125 0.995313 0.801562 0.993750 0.801562 0.982812 0.790625 0.981250 0.790625 0.979688 0.789062 0.978125 0.789062 0.970313 0.781250 0.965625 0.781250 0.960938 0.776563 0.960938 0.775000 0.959375 0.773438 0.957812 0.773438 0.954688 0.770312 0.954688 0.768750 0.951562 0.765625 0.951562 0.764062 0.950000 0.762500 0.950000 0.759375 0.945312 0.754687 0.945312 0.751563 0.951562 0.745313 0.951562 0.743750 0.954688 0.740625 0.956250 0.740625 0.957812 0.739062 0.959375 0.739062 0.962500 0.735938 0.967187 0.735938 0.968750 0.734375 0.971875 0.734375 0.973437 0.732812 0.978125 0.732812 0.979688 0.731250 0.981250 0.731250 0.982812 0.729688 0.987500 0.729688 0.989062 0.728125 0.992188 0.728125 0.993750 0.726562 0.996875 0.726562 0.998437 0.725000 0.998437 0.600000 0.990625 0.592187 0.989062 0.592187 0.987500 0.590625 0.987500 0.589063 0.982812 0.584375 0.981250 0.584375 0.979688 0.582812 0.978125 0.582812 0.975000 0.579688 0.975000 0.578125 0.971875 0.578125 0.970313 0.576562 0.968750 0.576562 0.967187 0.575000 0.967187 0.573438 0.964063 0.570312 0.962500 0.570312 0.959375 0.567187 0.959375 0.565625 0.956250 0.562500 0.954688 0.562500 0.953125 0.560937 0.953125 0.548438 0.943750 0.548438 0.942187 0.546875 0.940625 0.546875 0.939063 0.548438 0.937500 0.546875 0.929688 0.546875 0.928125 0.545312 0.926562 0.545312 0.925000 0.543750 0.925000 0.542188 0.920312 0.537500 0.918750 0.537500 0.917188 0.535937 0.915625 0.535937 0.912500 0.532813 0.912500 0.531250 0.910937 0.531250 0.909375 0.529687 0.907813 0.529687 0.906250 0.528125 0.906250 0.526563 0.904687 0.525000 0.904687 0.523438 0.903125 0.523438 0.901563 0.521875 0.900000 0.521875 0.896875 0.518750 0.896875 0.517188 0.895312 0.517188 0.893750 0.515625 0.892188 0.515625 0.889062 0.512500 0.889062 0.507812 0.881250 0.500000 0.876563 0.500000 0.875000 0.498437 0.868750 0.498437 0.865625 0.495312 0.865625 0.493750 0.864062 0.492188 0.860938 0.492188 0.856250 0.487500 0.853125 0.487500 0.850000 0.484375 0.845313 0.484375 0.843750 0.482812 0.843750 0.478125 0.840625 0.475000 0.839063 0.475000 0.834375 0.470313 0.834375 0.468750 0.831250 0.468750 0.829688 0.467187 0.828125 0.467187 0.826562 0.465625 0.826562 0.462500 0.825000 0.460938 0.820312 0.460938 0.818750 0.459375 0.815625 0.459375 0.810937 0.454688 0.810937 0.453125 0.809375 0.453125 0.807813 0.451562 0.804688 0.451562 0.803125 0.450000 0.803125 0.445312 0.801562 0.443750 0.798438 0.443750 0.796875 0.442188 0.796875 0.440625 0.793750 0.437500 0.789062 0.437500 0.787500 0.435937 0.784375 0.435937 0.782813 0.434375 0.782813 0.432812 0.784375 0.431250 0.782813 0.431250 0.781250 0.429688 0.779687 0.429688 0.778125 0.428125 0.775000 0.428125 0.773438 0.426563 0.773438 0.425000 0.771875 0.423438 0.771875 0.421875 0.770312 0.420312 0.768750 0.420312 0.765625 0.417187 0.765625 0.415625 0.764062 0.414062 0.760938 0.414062 0.759375 0.412500 0.751563 0.412500 0.750000 0.410938 0.750000 0.409375 0.748437 0.407813 0.748437 0.406250 0.746875 0.404687 0.745313 0.404687 0.742188 0.401562 0.742188 0.400000 0.739062 0.396875 0.737500 0.396875 0.735938 0.398438 0.732812 0.395313 0.732812 0.393750 0.731250 0.392188 0.728125 0.392188 0.725000 0.389062 0.723437 0.389062 0.721875 0.390625 0.721875 0.392188 0.720313 0.393750 0.718750 0.392188 0.718750 0.384375 0.717187 0.382812 0.717187 0.381250 0.715625 0.379688 0.709375 0.379688 0.707812 0.381250 0.707812 0.382812 0.706250 0.384375 0.706250 0.393750 0.700000 0.400000 0.700000 0.401562 0.696875 0.404687 0.695312 0.404687 0.693750 0.406250 0.671875 0.406250 0.668750 0.403125 0.667188 0.403125 0.665625 0.401562 0.664062 0.401562 0.660937 0.398438 0.656250 0.398438 0.653125 0.395313 0.654687 0.393750 0.654687 0.390625 0.653125 0.389062 0.653125 0.385937 0.651563 0.385937 0.650000 0.387500 0.646875 0.387500 0.645312 0.389062 0.639062 0.389062 0.637500 0.390625 0.635938 0.389062 0.615625 0.389062 0.614062 0.387500 0.601562 0.387500 0.601562 0.389062 0.600000 0.390625 0.600000 0.393750 0.601562 0.395313 0.600000 0.396875 0.596875 0.396875 0.595313 0.398438 0.593750 0.398438 0.592187 0.396875 0.590625 0.396875 0.585938 0.392188 0.585938 0.389062 0.587500 0.387500 0.589063 0.387500 0.590625 0.385937 0.590625 0.384375 0.593750 0.381250 0.596875 0.381250 0.598437 0.379688 0.600000 0.379688 0.603125 0.376563 0.606250 0.376563 0.607812 0.378125 0.609375 0.378125 0.610938 0.379688 0.612500 0.379688 0.614062 0.381250 0.615625 0.381250 0.617188 0.379688 0.621875 0.379688 0.623437 0.378125 0.626563 0.378125 0.628125 0.379688 0.631250 0.379688 0.631250 0.378125 0.634375 0.375000 0.635938 0.376563 0.639062 0.376563 0.640625 0.378125 0.643750 0.378125 0.645312 0.379688 0.650000 0.375000 0.651563 0.375000 0.653125 0.373437 0.654687 0.373437 0.654687 0.370312 0.656250 0.368750 0.656250 0.364063 0.654687 0.362500 0.654687 0.360938 0.657813 0.357812 0.662500 0.357812 0.664062 0.356250 0.664062 0.354687 0.665625 0.353125 0.665625 0.351562 0.664062 0.350000 0.664062 0.348438 0.662500 0.346875 0.662500 0.343750 0.660937 0.342187 0.660937 0.339062 0.659375 0.340625 0.659375 0.342187 0.660937 0.343750 0.657813 0.346875 0.656250 0.345313 0.656250 0.334375 0.654687 0.332813 0.654687 0.331250 0.650000 0.331250 0.648438 0.329688 0.648438 0.328125 0.646875 0.326562 0.646875 0.323437 0.645312 0.321875 0.645312 0.320312 0.643750 0.320312 0.642188 0.321875 0.640625 0.320312 0.640625 0.317188 0.639062 0.315625 0.639062 0.314063 0.637500 0.312500 0.637500 0.310937 0.635938 0.310937 0.634375 0.309375 0.628125 0.309375 0.626563 0.307812 0.617188 0.307812 0.615625 0.306250 0.596875 0.306250 0.595313 0.307812 0.593750 0.307812 0.592187 0.306250 0.590625 0.306250 0.589063 0.307812 0.585938 0.307812 0.584375 0.306250 0.582812 0.306250 0.581250 0.307812 0.550000 0.307812 0.548438 0.309375 0.546875 0.309375 0.545312 0.310937 0.543750 0.310937 0.540625 0.314063 0.534375 0.314063 0.532813 0.315625 0.531250 0.315625 0.528125 0.312500 0.526563 0.312500 0.523438 0.315625 0.521875 0.315625 0.521875 0.317188 0.520312 0.318750 0.520312 0.339062 0.518750 0.340625 0.520312 0.342187 0.520312 0.368750 0.518750 0.370312 0.518750 0.373437 0.520312 0.375000 0.520312 0.382812 0.518750 0.384375 0.518750 0.389062 0.520312 0.390625 0.520312 0.392188 0.518750 0.393750 0.518750 0.400000 0.517188 0.401562 0.515625 0.401562 0.514062 0.400000 0.514062 0.396875 0.512500 0.395313 0.512500 0.393750 0.512500 0.400000 0.510938 0.401562 0.510938 0.404687 0.509375 0.406250 0.509375 0.425000 0.510938 0.426563 0.510938 0.428125 0.512500 0.429688 0.512500 0.432812 0.510938 0.434375 0.512500 0.435937 0.512500 0.442188 0.510938 0.443750 0.510938 0.448437 0.507812 0.451562 0.504687 0.451562 0.503125 0.453125 0.490625 0.453125 0.489063 0.451562 0.485938 0.451562 0.482812 0.448437 0.482812 0.445312 0.481250 0.445312 0.479687 0.443750 0.475000 0.443750 0.473438 0.445312 0.470313 0.445312 0.468750 0.443750 0.467187 0.443750 0.465625 0.442188 0.464062 0.442188 0.462500 0.443750 0.464062 0.443750 0.465625 0.445312 0.462500 0.448437 0.460938 0.448437 0.460938 0.450000 0.459375 0.451562 0.448437 0.451562 0.446875 0.450000 0.448437 0.448437 0.450000 0.448437 0.451562 0.446875 0.451562 0.445312 0.453125 0.443750 0.454688 0.443750 0.456250 0.442188 0.454688 0.440625 0.454688 0.434375 0.453125 0.434375 0.451562 0.435937 0.443750 0.435937 0.442188 0.437500 0.439063 0.434375 0.437500 0.435937 0.437500 0.439063 0.435937 0.440625 0.432812 0.440625 0.429688 0.437500 0.428125 0.439063 0.421875 0.439063 0.420312 0.440625 0.417187 0.440625 0.415625 0.439063 0.414062 0.440625 0.410938 0.440625 0.409375 0.442188 0.396875 0.442188 0.395313 0.443750 0.392188 0.443750 0.390625 0.442188 0.381250 0.442188 0.379688 0.443750 0.378125 0.442188 0.362500 0.442188 0.360938 0.443750 0.357812 0.443750 0.356250 0.445312 0.353125 0.445312 0.348438 0.450000 0.346875 0.450000 0.346875 0.451562 0.350000 0.454688 0.353125 0.454688 0.354687 0.456250 0.359375 0.456250 0.360938 0.454688 0.365625 0.454688 0.367188 0.453125 0.368750 0.453125 0.371875 0.456250 0.379688 0.456250 0.381250 0.454688 0.381250 0.453125 0.384375 0.450000 0.403125 0.450000 0.404687 0.448437 0.414062 0.448437 0.415625 0.446875 0.417187 0.448437 0.420312 0.448437 0.421875 0.450000 0.426563 0.450000 0.428125 0.448437 0.429688 0.448437 0.431250 0.446875 0.432812 0.448437 0.435937 0.448437 0.437500 0.450000 0.439063 0.450000 0.440625 0.451562 0.440625 0.454688 0.439063 0.456250 0.426563 0.456250 0.423438 0.459375 0.420312 0.456250 0.410938 0.456250 0.409375 0.457813 0.404687 0.457813 0.403125 0.456250 0.395313 0.456250 0.392188 0.459375 0.387500 0.454688 0.384375 0.457813 0.384375 0.459375 0.379688 0.464062 0.376563 0.464062 0.375000 0.465625 0.364063 0.465625 0.362500 0.464062 0.360938 0.464062 0.359375 0.462500 0.359375 0.460938 0.351562 0.460938 0.350000 0.459375 0.342187 0.459375 0.340625 0.457813 0.337500 0.457813 0.334375 0.454688 0.334375 0.453125 0.335938 0.451562 0.335938 0.446875 0.337500 0.445312 0.340625 0.445312 0.351562 0.434375 0.353125 0.434375 0.354687 0.435937 0.375000 0.435937 0.376563 0.434375 0.387500 0.434375 0.389062 0.432812 0.390625 0.432812 0.392188 0.431250 0.396875 0.431250 0.398438 0.429688 0.404687 0.429688 0.406250 0.428125 0.407813 0.428125 0.409375 0.426563 0.414062 0.426563 0.414062 0.423438 0.415625 0.421875 0.417187 0.423438 0.417187 0.426563 0.426563 0.426563 0.428125 0.425000 0.435937 0.425000 0.437500 0.426563 0.440625 0.426563 0.442188 0.425000 0.443750 0.425000 0.446875 0.421875 0.451562 0.421875 0.453125 0.423438 0.454688 0.423438 0.456250 0.421875 0.457813 0.421875 0.457813 0.420312 0.459375 0.418750 0.459375 0.417187 0.457813 0.415625 0.459375 0.414062 0.459375 0.409375 0.457813 0.407813 0.459375 0.406250 0.459375 0.403125 0.460938 0.401562 0.460938 0.390625 0.465625 0.385937 0.465625 0.382812 0.464062 0.381250 0.464062 0.379688 0.460938 0.376563 0.462500 0.375000 0.462500 0.373437 0.464062 0.371875 0.464062 0.368750 0.462500 0.367188 0.462500 0.362500 0.460938 0.360938 0.460938 0.359375 0.462500 0.357812 0.462500 0.350000 0.460938 0.348438 0.460938 0.342187 0.462500 0.340625 0.462500 0.335938 0.460938 0.334375 0.460938 0.323437 0.462500 0.321875 0.460938 0.320312 0.460938 0.309375 0.457813 0.306250 0.453125 0.306250 0.451562 0.307812 0.421875 0.307812 0.420312 0.306250
0 0.229687 0.304688 0.228125 0.306250 0.226562 0.306250 0.225000 0.307812 0.225000 0.309375 0.226562 0.310937 0.246875 0.310937 0.248438 0.309375 0.250000 0.309375 0.248438 0.307812 0.248438 0.306250 0.237500 0.306250 0.235937 0.304688