0 0.956250 0.985938 0.956250 0.987500 0.957812 0.989062 0.957812 0.990625 0.960938 0.993750 0.965625 0.993750 0.965625 0.990625 0.964063 0.989062 0.964063 0.985938
0 0.984375 0.984375 0.984375 0.993750 0.992188 0.993750 0.993750 0.995313 0.995313 0.993750 0.995313 0.992188 0.993750 0.990625 0.993750 0.984375
0 0.985938 0.968750 0.985938 0.971875 0.987500 0.973437 0.987500 0.976562 0.989062 0.976562 0.990625 0.978125 0.992188 0.978125 0.993750 0.979688 0.993750 0.976562 0.990625 0.973437 0.992188 0.971875 0.992188 0.970313 0.987500 0.970313
0 0.917188 0.928125 0.915625 0.929688 0.915625 0.937500 0.918750 0.937500 0.918750 0.928125
0 0.914062 0.914062 0.912500 0.915625 0.915625 0.918750 0.915625 0.920312 0.918750 0.920312 0.918750 0.914062
0 0.950000 0.900000 0.948438 0.901563 0.948438 0.903125 0.950000 0.903125
0 0.934375 0.900000 0.934375 0.901563 0.932813 0.903125 0.935937 0.903125 0.934375 0.901563
0 0.892188 0.446875 0.890625 0.448437 0.889062 0.448437 0.887500 0.450000 0.881250 0.450000 0.887500 0.450000 0.889062 0.451562 0.901563 0.451562 0.903125 0.450000 0.909375 0.450000 0.907813 0.448437 0.906250 0.450000 0.903125 0.450000 0.901563 0.448437 0.893750 0.448437
0 0.850000 0.442188 0.851562 0.442188 0.853125 0.443750 0.856250 0.443750 0.857812 0.442188
0 0.970313 0.426563 0.970313 0.428125 0.973437 0.428125 0.975000 0.426563
0 0.775000 0.426563 0.775000 0.428125 0.776563 0.426563
0 0.756250 0.426563 0.757812 0.428125 0.762500 0.428125 0.762500 0.426563
0 0.543750 0.426563 0.543750 0.428125 0.545312 0.428125 0.545312 0.426563
0 0.673438 0.425000 0.671875 0.426563 0.673438 0.428125 0.678125 0.428125 0.679688 0.426563 0.678125 0.426563 0.676562 0.425000
0 0.959375 0.418750 0.960938 0.420312 0.964063 0.420312 0.965625 0.418750
0 0.767188 0.414062 0.767188 0.417187 0.765625 0.418750 0.767188 0.420312 0.770312 0.420312 0.771875 0.418750 0.771875 0.417187 0.768750 0.414062
0 0.920312 0.410938 0.923438 0.414062 0.925000 0.414062 0.926562 0.412500 0.928125 0.414062 0.931250 0.414062 0.932813 0.412500 0.931250 0.410938
0 0.912500 0.410938 0.914062 0.410938 0.915625 0.412500 0.915625 0.410938
0 0.879687 0.401562 0.878125 0.403125 0.875000 0.403125 0.875000 0.404687 0.884375 0.404687 0.884375 0.403125 0.881250 0.403125
0 0.860938 0.401562 0.860938 0.404687 0.864062 0.404687 0.865625 0.403125 0.868750 0.403125 0.865625 0.403125 0.864062 0.401562
0 0.368750 0.342187 0.367188 0.343750 0.365625 0.343750 0.360938 0.348438 0.360938 0.354687 0.362500 0.356250 0.362500 0.362500 0.364063 0.364063 0.364063 0.365625 0.365625 0.367188 0.365625 0.370312 0.367188 0.371875 0.367188 0.382812 0.368750 0.384375 0.368750 0.387500 0.367188 0.389062 0.367188 0.393750 0.365625 0.395313 0.371875 0.401562 0.376563 0.401562 0.378125 0.403125 0.381250 0.403125 0.384375 0.406250 0.385937 0.406250 0.387500 0.407813 0.387500 0.410938 0.389062 0.412500 0.389062 0.423438 0.381250 0.431250 0.379688 0.431250 0.378125 0.432812 0.371875 0.432812 0.370312 0.434375 0.367188 0.434375 0.367188 0.440625 0.360938 0.446875 0.353125 0.446875 0.348438 0.451562 0.348438 0.453125 0.346875 0.454688 0.345313 0.454688 0.342187 0.457813 0.340625 0.457813 0.337500 0.460938 0.335938 0.460938 0.335938 0.462500 0.331250 0.467187 0.329688 0.467187 0.328125 0.468750 0.326562 0.468750 0.325000 0.470313 0.323437 0.470313 0.318750 0.475000 0.318750 0.476562 0.315625 0.479687 0.314063 0.479687 0.310937 0.482812 0.309375 0.482812 0.307812 0.484375 0.306250 0.484375 0.301563 0.489063 0.298438 0.489063 0.296875 0.490625 0.296875 0.492188 0.292187 0.496875 0.290625 0.496875 0.290625 0.498437 0.289062 0.500000 0.289062 0.501563 0.287500 0.503125 0.285938 0.503125 0.284375 0.504687 0.279687 0.504687 0.279687 0.507812 0.281250 0.509375 0.279687 0.510938 0.275000 0.510938 0.271875 0.514062 0.273438 0.515625 0.273438 0.517188 0.271875 0.518750 0.268750 0.518750 0.267188 0.520312 0.264062 0.520312 0.264062 0.521875 0.265625 0.521875 0.267188 0.523438 0.268750 0.523438 0.270313 0.525000 0.268750 0.526563 0.267188 0.526563 0.264062 0.529687 0.259375 0.529687 0.259375 0.531250 0.260937 0.532813 0.260937 0.535937 0.259375 0.537500 0.257812 0.537500 0.256250 0.535937 0.253125 0.535937 0.253125 0.537500 0.256250 0.537500 0.257812 0.539062 0.257812 0.540625 0.256250 0.542188 0.256250 0.554688 0.250000 0.560937 0.248438 0.560937 0.246875 0.562500 0.245312 0.562500 0.243750 0.564063 0.242188 0.564063 0.239063 0.567187 0.237500 0.567187 0.228125 0.576562 0.226562 0.576562 0.215625 0.587500 0.215625 0.593750 0.217188 0.595313 0.217188 0.596875 0.215625 0.598437 0.217188 0.598437 0.218750 0.600000 0.221875 0.600000 0.223438 0.601562 0.229687 0.601562 0.231250 0.603125 0.234375 0.603125 0.237500 0.606250 0.237500 0.607812 0.234375 0.610938 0.226562 0.610938 0.225000 0.609375 0.218750 0.609375 0.215625 0.606250 0.207813 0.606250 0.206250 0.607812 0.201563 0.607812 0.200000 0.609375 0.198437 0.609375 0.192188 0.615625 0.192188 0.617188 0.190625 0.618750 0.190625 0.621875 0.187500 0.625000 0.184375 0.625000 0.179688 0.629687 0.179688 0.632812 0.178125 0.634375 0.178125 0.637500 0.173437 0.642188 0.173437 0.643750 0.171875 0.645312 0.171875 0.646875 0.165625 0.653125 0.165625 0.659375 0.164062 0.660937 0.157812 0.660937 0.151562 0.667188 0.150000 0.667188 0.150000 0.668750 0.146875 0.671875 0.145313 0.671875 0.143750 0.673438 0.142187 0.673438 0.139063 0.676562 0.137500 0.676562 0.135937 0.678125 0.134375 0.678125 0.131250 0.681250 0.131250 0.682813 0.129688 0.684375 0.129688 0.689063 0.125000 0.693750 0.125000 0.695312 0.123438 0.696875 0.123438 0.700000 0.121875 0.701562 0.121875 0.704688 0.126562 0.709375 0.126562 0.710938 0.129688 0.710938 0.131250 0.712500 0.131250 0.715625 0.129688 0.717187 0.126562 0.717187 0.121875 0.721875 0.112500 0.721875 0.110937 0.720313 0.109375 0.721875 0.103125 0.721875 0.101562 0.723437 0.100000 0.723437 0.098437 0.725000 0.096875 0.725000 0.081250 0.740625 0.081250 0.742188 0.076563 0.746875 0.078125 0.748437 0.078125 0.750000 0.079687 0.751563 0.090625 0.751563 0.092188 0.753125 0.095312 0.753125 0.096875 0.754687 0.103125 0.754687 0.104688 0.756250 0.106250 0.756250 0.109375 0.759375 0.109375 0.768750 0.110937 0.770312 0.110937 0.776563 0.107813 0.779687 0.103125 0.779687 0.101562 0.781250 0.078125 0.781250 0.076563 0.782813 0.076563 0.785937 0.079687 0.789062 0.079687 0.790625 0.081250 0.790625 0.082812 0.792188 0.084375 0.792188 0.085938 0.793750 0.085938 0.795312 0.087500 0.796875 0.089063 0.796875 0.092188 0.800000 0.092188 0.801562 0.093750 0.803125 0.093750 0.804688 0.095312 0.806250 0.095312 0.809375 0.092188 0.812500 0.090625 0.812500 0.089063 0.814063 0.087500 0.814063 0.085938 0.812500 0.081250 0.812500 0.079687 0.810937 0.078125 0.810937 0.075000 0.807813 0.073438 0.807813 0.070312 0.804688 0.068750 0.804688 0.067187 0.803125 0.064062 0.803125 0.062500 0.801562 0.056250 0.801562 0.054688 0.800000 0.037500 0.800000 0.035937 0.798438 0.034375 0.800000 0.028125 0.800000 0.026562 0.801562 0.018750 0.801562 0.017188 0.803125 0.015625 0.803125 0.014063 0.804688 0.010937 0.804688 0.009375 0.806250 0.007812 0.806250 0.007812 0.810937 0.006250 0.812500 0.006250 0.814063 0.003125 0.817187 0.003125 0.818750 0.000000 0.821875 0.000000 0.870313 0.001563 0.871875 0.000000 0.873437 0.000000 0.885938 0.001563 0.885938 0.003125 0.887500 0.003125 0.892188 0.006250 0.895312 0.003125 0.898438 0.003125 0.900000 0.001563 0.901563 0.001563 0.904687 0.000000 0.906250 0.000000 0.910937 0.001563 0.912500 0.001563 0.918750 0.003125 0.920312 0.003125 0.925000 0.001563 0.926562 0.001563 0.929688 0.000000 0.931250 0.001563 0.932813 0.001563 0.967187 0.000000 0.968750 0.000000 0.971875 0.004687 0.976562 0.006250 0.976562 0.007812 0.978125 0.007812 0.981250 0.009375 0.982812 0.010937 0.982812 0.012500 0.984375 0.014063 0.984375 0.015625 0.985938 0.015625 0.987500 0.017188 0.989062 0.017188 0.990625 0.029687 0.990625 0.031250 0.992188 0.048438 0.992188 0.050000 0.990625 0.059375 0.990625 0.060937 0.989062 0.067187 0.989062 0.067187 0.987500 0.070312 0.984375 0.076563 0.984375 0.078125 0.982812 0.081250 0.982812 0.082812 0.981250 0.084375 0.981250 0.085938 0.979688 0.087500 0.979688 0.089063 0.978125 0.090625 0.978125 0.092188 0.976562 0.095312 0.976562 0.096875 0.978125 0.095312 0.979688 0.095312 0.981250 0.093750 0.982812 0.093750 0.985938 0.092188 0.987500 0.092188 0.993750 0.090625 0.995313 0.089063 0.995313 0.087500 0.996875 0.082812 0.996875 0.081250 0.998437 0.921875 0.998437 0.921875 0.996875 0.923438 0.995313 0.925000 0.995313 0.928125 0.998437 0.935937 0.998437 0.935937 0.996875 0.939063 0.993750 0.943750 0.993750 0.945312 0.995313 0.946875 0.995313 0.950000 0.998437 0.950000 0.996875 0.951562 0.995313 0.951562 0.989062 0.953125 0.987500 0.953125 0.985938 0.950000 0.982812 0.948438 0.982812 0.946875 0.984375 0.937500 0.984375 0.935937 0.982812 0.935937 0.976562 0.934375 0.975000 0.934375 0.971875 0.935937 0.970313 0.934375 0.968750 0.931250 0.968750 0.929688 0.970313 0.928125 0.970313 0.928125 0.978125 0.929688 0.979688 0.929688 0.981250 0.928125 0.982812 0.926562 0.982812 0.925000 0.984375 0.923438 0.984375 0.920312 0.981250 0.920312 0.979688 0.921875 0.978125 0.920312 0.976562 0.920312 0.971875 0.921875 0.970313 0.920312 0.968750 0.920312 0.967187 0.918750 0.965625 0.918750 0.964063 0.920312 0.962500 0.920312 0.959375 0.918750 0.957812 0.918750 0.943750 0.917188 0.942187 0.915625 0.942187 0.914062 0.943750 0.914062 0.948438 0.915625 0.950000 0.912500 0.953125 0.910937 0.953125 0.909375 0.954688 0.907813 0.954688 0.906250 0.953125 0.906250 0.951562 0.904687 0.950000 0.906250 0.948438 0.906250 0.946875 0.904687 0.945312 0.904687 0.921875 0.906250 0.920312 0.906250 0.915625 0.904687 0.914062 0.904687 0.906250 0.906250 0.904687 0.906250 0.893750 0.904687 0.892188 0.906250 0.890625 0.909375 0.890625 0.910937 0.892188 0.909375 0.893750 0.909375 0.901563 0.912500 0.904687 0.920312 0.904687 0.920312 0.895312 0.918750 0.893750 0.918750 0.892188 0.921875 0.889062 0.928125 0.889062 0.929688 0.890625 0.934375 0.890625 0.935937 0.889062 0.937500 0.889062 0.937500 0.884375 0.939063 0.882812 0.940625 0.884375 0.940625 0.887500 0.942187 0.889062 0.945312 0.889062 0.946875 0.890625 0.950000 0.890625 0.951562 0.889062 0.953125 0.889062 0.954688 0.887500 0.957812 0.887500 0.959375 0.889062 0.968750 0.889062 0.970313 0.890625 0.982812 0.890625 0.984375 0.892188 0.984375 0.893750 0.982812 0.895312 0.982812 0.898438 0.981250 0.900000 0.976562 0.900000 0.975000 0.898438 0.975000 0.895312 0.973437 0.895312 0.973437 0.898438 0.975000 0.898438 0.976562 0.900000 0.976562 0.901563 0.978125 0.903125 0.981250 0.903125 0.984375 0.906250 0.984375 0.920312 0.985938 0.921875 0.985938 0.940625 0.987500 0.942187 0.985938 0.943750 0.985938 0.948438 0.989062 0.948438 0.990625 0.950000 0.987500 0.953125 0.985938 0.953125 0.985938 0.954688 0.987500 0.956250 0.987500 0.959375 0.990625 0.962500 0.993750 0.962500 0.990625 0.959375 0.990625 0.957812 0.993750 0.954688 0.993750 0.951562 0.995313 0.950000 0.995313 0.945312 0.993750 0.943750 0.993750 0.937500 0.996875 0.934375 0.998437 0.934375 0.998437 0.932813 0.993750 0.928125 0.993750 0.923438 0.996875 0.920312 0.998437 0.920312 0.998437 0.912500 0.995313 0.909375 0.995313 0.907813 0.996875 0.906250 0.998437 0.906250 0.998437 0.479687 0.996875 0.479687 0.995313 0.478125 0.995313 0.476562 0.996875 0.475000 0.998437 0.475000 0.998437 0.443750 0.996875 0.443750 0.993750 0.440625 0.992188 0.440625 0.990625 0.442188 0.984375 0.442188 0.982812 0.443750 0.981250 0.443750 0.979688 0.442188 0.975000 0.442188 0.973437 0.443750 0.968750 0.443750 0.967187 0.445312 0.964063 0.445312 0.962500 0.443750 0.948438 0.443750 0.946875 0.442188 0.934375 0.442188 0.932813 0.440625 0.920312 0.440625 0.918750 0.439063 0.917188 0.439063 0.915625 0.437500 0.909375 0.437500 0.907813 0.435937 0.904687 0.439063 0.903125 0.439063 0.900000 0.435937 0.895312 0.435937 0.893750 0.434375 0.884375 0.434375 0.882812 0.432812 0.879687 0.432812 0.878125 0.431250 0.875000 0.431250 0.875000 0.434375 0.876563 0.435937 0.878125 0.435937 0.879687 0.437500 0.885938 0.437500 0.887500 0.435937 0.889062 0.435937 0.890625 0.437500 0.895312 0.437500 0.896875 0.439063 0.896875 0.440625 0.898438 0.442188 0.898438 0.443750 0.901563 0.443750 0.903125 0.442188 0.906250 0.445312 0.914062 0.445312 0.915625 0.446875 0.912500 0.450000 0.914062 0.451562 0.915625 0.451562 0.918750 0.448437 0.923438 0.448437 0.925000 0.450000 0.926562 0.450000 0.928125 0.451562 0.953125 0.451562 0.954688 0.453125 0.962500 0.453125 0.964063 0.454688 0.962500 0.456250 0.951562 0.456250 0.950000 0.457813 0.948438 0.456250 0.929688 0.456250 0.928125 0.457813 0.929688 0.459375 0.937500 0.459375 0.939063 0.460938 0.942187 0.460938 0.943750 0.462500 0.943750 0.464062 0.942187 0.465625 0.940625 0.464062 0.937500 0.464062 0.935937 0.465625 0.934375 0.465625 0.932813 0.464062 0.925000 0.464062 0.923438 0.462500 0.920312 0.462500 0.918750 0.460938 0.910937 0.460938 0.909375 0.459375 0.900000 0.459375 0.898438 0.457813 0.892188 0.457813 0.890625 0.456250 0.878125 0.456250 0.876563 0.454688 0.868750 0.454688 0.867188 0.453125 0.865625 0.453125 0.864062 0.451562 0.857812 0.451562 0.856250 0.450000 0.846875 0.450000 0.845313 0.448437 0.837500 0.448437 0.834375 0.445312 0.828125 0.445312 0.826562 0.443750 0.817187 0.443750 0.815625 0.442188 0.810937 0.442188 0.809375 0.440625 0.795312 0.440625 0.792188 0.437500 0.793750 0.435937 0.810937 0.435937 0.812500 0.434375 0.815625 0.434375 0.812500 0.434375 0.810937 0.432812 0.795312 0.432812 0.793750 0.431250 0.793750 0.429688 0.795312 0.428125 0.798438 0.428125 0.800000 0.429688 0.810937 0.429688 0.812500 0.428125 0.817187 0.428125 0.818750 0.429688 0.820312 0.429688 0.821875 0.431250 0.818750 0.434375 0.820312 0.435937 0.821875 0.435937 0.825000 0.432812 0.832812 0.432812 0.834375 0.431250 0.834375 0.429688 0.835938 0.428125 0.842187 0.428125 0.845313 0.431250 0.846875 0.431250 0.848437 0.429688 0.854688 0.429688 0.856250 0.428125 0.857812 0.429688 0.857812 0.431250 0.859375 0.432812 0.860938 0.432812 0.862500 0.434375 0.864062 0.434375 0.864062 0.432812 0.865625 0.431250 0.864062 0.429688 0.862500 0.429688 0.860938 0.428125 0.859375 0.428125 0.857812 0.429688 0.854688 0.426563 0.846875 0.426563 0.845313 0.425000 0.843750 0.426563 0.839063 0.426563 0.837500 0.425000 0.835938 0.425000 0.834375 0.423438 0.834375 0.421875 0.832812 0.420312 0.835938 0.417187 0.835938 0.415625 0.837500 0.414062 0.845313 0.414062 0.846875 0.415625 0.848437 0.415625 0.851562 0.412500 0.853125 0.412500 0.854688 0.410938 0.853125 0.409375 0.853125 0.407813 0.851562 0.406250 0.851562 0.404687 0.853125 0.403125 0.853125 0.401562 0.854688 0.400000 0.856250 0.400000 0.856250 0.396875 0.854688 0.395313 0.842187 0.395313 0.840625 0.393750 0.835938 0.393750 0.834375 0.395313 0.800000 0.395313 0.798438 0.393750 0.792188 0.393750 0.790625 0.392188 0.787500 0.392188 0.784375 0.395313 0.782813 0.395313 0.784375 0.395313 0.785937 0.396875 0.793750 0.396875 0.796875 0.400000 0.796875 0.404687 0.798438 0.406250 0.798438 0.410938 0.801562 0.414062 0.801562 0.415625 0.801562 0.414062 0.803125 0.412500 0.804688 0.412500 0.806250 0.410938 0.807813 0.410938 0.807813 0.407813 0.809375 0.406250 0.810937 0.407813 0.810937 0.410938 0.814063 0.414062 0.814063 0.417187 0.812500 0.418750 0.812500 0.420312 0.809375 0.423438 0.807813 0.421875 0.800000 0.421875 0.798438 0.420312 0.795312 0.423438 0.789062 0.423438 0.785937 0.420312 0.785937 0.418750 0.787500 0.417187 0.787500 0.414062 0.785937 0.412500 0.782813 0.412500 0.781250 0.414062 0.781250 0.423438 0.784375 0.423438 0.785937 0.425000 0.787500 0.425000 0.789062 0.423438 0.790625 0.423438 0.793750 0.426563 0.793750 0.429688 0.792188 0.431250 0.787500 0.431250 0.785937 0.429688 0.781250 0.429688 0.781250 0.431250 0.779687 0.432812 0.779687 0.434375 0.778125 0.435937 0.776563 0.435937 0.775000 0.434375 0.754687 0.434375 0.753125 0.432812 0.745313 0.432812 0.743750 0.431250 0.742188 0.431250 0.740625 0.429688 0.729688 0.429688 0.728125 0.428125 0.725000 0.428125 0.723437 0.426563 0.723437 0.425000 0.721875 0.425000 0.720313 0.423438 0.718750 0.423438 0.717187 0.425000 0.715625 0.425000 0.712500 0.421875 0.701562 0.421875 0.700000 0.420312 0.687500 0.420312 0.685937 0.421875 0.685937 0.426563 0.690625 0.431250 0.684375 0.437500 0.684375 0.439063 0.690625 0.439063 0.690625 0.434375 0.692187 0.432812 0.695312 0.435937 0.700000 0.435937 0.701562 0.437500 0.701562 0.442188 0.700000 0.443750 0.696875 0.440625 0.693750 0.443750 0.664062 0.443750 0.660937 0.440625 0.657813 0.443750 0.631250 0.443750 0.629687 0.442188 0.629687 0.440625 0.631250 0.439063 0.629687 0.437500 0.628125 0.437500 0.626563 0.439063 0.628125 0.440625 0.628125 0.442188 0.626563 0.443750 0.615625 0.443750 0.614062 0.442188 0.612500 0.443750 0.601562 0.443750 0.600000 0.442188 0.596875 0.442188 0.595313 0.443750 0.585938 0.443750 0.584375 0.442188 0.578125 0.442188 0.576562 0.440625 0.553125 0.440625 0.551562 0.439063 0.550000 0.440625 0.546875 0.440625 0.539062 0.432812 0.539062 0.428125 0.537500 0.426563 0.537500 0.423438 0.539062 0.421875 0.554688 0.421875 0.556250 0.420312 0.557813 0.421875 0.593750 0.421875 0.595313 0.423438 0.592187 0.426563 0.576562 0.426563 0.575000 0.428125 0.570312 0.428125 0.568750 0.426563 0.565625 0.426563 0.564063 0.428125 0.560937 0.428125 0.559375 0.429688 0.557813 0.429688 0.556250 0.431250 0.554688 0.431250 0.553125 0.432812 0.551562 0.432812 0.550000 0.431250 0.548438 0.431250 0.550000 0.432812 0.550000 0.434375 0.551562 0.435937 0.554688 0.435937 0.556250 0.434375 0.557813 0.435937 0.560937 0.435937 0.564063 0.432812 0.567187 0.435937 0.568750 0.434375 0.568750 0.431250 0.570312 0.429688 0.573438 0.429688 0.575000 0.431250 0.575000 0.432812 0.576562 0.432812 0.578125 0.431250 0.579688 0.431250 0.582812 0.434375 0.582812 0.431250 0.585938 0.428125 0.592187 0.428125 0.593750 0.429688 0.596875 0.429688 0.598437 0.428125 0.617188 0.428125 0.618750 0.426563 0.621875 0.426563 0.623437 0.428125 0.625000 0.428125 0.626563 0.429688 0.631250 0.429688 0.632812 0.428125 0.650000 0.428125 0.651563 0.426563 0.656250 0.426563 0.657813 0.428125 0.660937 0.428125 0.662500 0.426563 0.660937 0.425000 0.654687 0.425000 0.653125 0.426563 0.650000 0.426563 0.648438 0.425000 0.646875 0.425000 0.645312 0.423438 0.646875 0.421875 0.662500 0.421875 0.664062 0.420312 0.667188 0.420312 0.668750 0.418750 0.670312 0.420312 0.671875 0.420312 0.673438 0.421875 0.675000 0.421875 0.678125 0.418750 0.681250 0.418750 0.675000 0.418750 0.673438 0.417187 0.671875 0.418750 0.665625 0.418750 0.660937 0.414062 0.659375 0.414062 0.656250 0.410938 0.650000 0.410938 0.648438 0.409375 0.640625 0.409375 0.639062 0.407813 0.634375 0.407813 0.632812 0.406250 0.629687 0.406250 0.628125 0.404687 0.621875 0.404687 0.620313 0.403125 0.617188 0.403125 0.614062 0.400000 0.607812 0.400000 0.606250 0.401562 0.603125 0.401562 0.600000 0.398438 0.601562 0.396875 0.601562 0.395313 0.600000 0.395313 0.598437 0.393750 0.587500 0.393750 0.585938 0.392188 0.584375 0.392188 0.582812 0.390625 0.578125 0.390625 0.573438 0.385937 0.570312 0.385937 0.567187 0.382812 0.554688 0.382812 0.551562 0.379688 0.548438 0.379688 0.546875 0.378125 0.545312 0.378125 0.543750 0.376563 0.539062 0.376563 0.537500 0.375000 0.532813 0.375000 0.529687 0.371875 0.528125 0.371875 0.526563 0.370312 0.523438 0.370312 0.521875 0.368750 0.517188 0.368750 0.515625 0.367188 0.514062 0.367188 0.512500 0.365625 0.509375 0.365625 0.507812 0.364063 0.506250 0.364063 0.504687 0.362500 0.500000 0.362500 0.498437 0.360938 0.493750 0.360938 0.492188 0.359375 0.489063 0.359375 0.487500 0.357812 0.482812 0.357812 0.481250 0.356250 0.479687 0.356250 0.478125 0.354687 0.475000 0.354687 0.473438 0.353125 0.468750 0.353125 0.467187 0.351562 0.462500 0.351562 0.460938 0.350000 0.457813 0.350000 0.456250 0.348438 0.454688 0.348438 0.453125 0.346875 0.451562 0.346875 0.450000 0.345313 0.446875 0.345313 0.445312 0.343750 0.442188 0.343750 0.440625 0.342187