0 0.846875 0.985938 0.848437 0.987500 0.850000 0.985938 0.851562 0.985938
0 0.809375 0.984375 0.807813 0.985938 0.804688 0.985938 0.806250 0.987500 0.809375 0.987500 0.810937 0.985938
0 0.787500 0.984375 0.785937 0.985938 0.787500 0.987500 0.790625 0.987500 0.792188 0.989062 0.793750 0.989062 0.795312 0.987500 0.795312 0.985938 0.793750 0.984375 0.792188 0.984375 0.790625 0.985938 0.789062 0.985938
0 0.412500 0.595313 0.409375 0.598437 0.410938 0.598437 0.412500 0.596875 0.414062 0.596875 0.415625 0.595313 0.417187 0.595313
0 0.457813 0.578125 0.456250 0.579688 0.454688 0.579688 0.453125 0.581250 0.453125 0.582812 0.454688 0.584375 0.456250 0.584375 0.457813 0.582812 0.459375 0.582812 0.460938 0.584375 0.462500 0.584375 0.462500 0.579688 0.459375 0.579688
0 0.504687 0.564063 0.503125 0.565625 0.503125 0.567187 0.506250 0.567187 0.506250 0.565625
0 0.485938 0.564063 0.485938 0.570312 0.485938 0.568750 0.487500 0.567187 0.485938 0.565625
0 0.517188 0.562500 0.515625 0.564063 0.515625 0.567187 0.518750 0.567187 0.518750 0.564063
0 0.532813 0.523438 0.532813 0.526563 0.531250 0.528125 0.532813 0.529687 0.534375 0.529687 0.534375 0.528125 0.532813 0.526563
0 0.517188 0.509375 0.517188 0.515625 0.518750 0.514062 0.520312 0.514062 0.520312 0.512500
0 0.532813 0.500000 0.532813 0.501563 0.531250 0.503125 0.531250 0.504687 0.532813 0.506250 0.535937 0.506250 0.537500 0.504687 0.537500 0.503125 0.534375 0.500000
0 0.517188 0.479687 0.517188 0.492188 0.518750 0.490625 0.526563 0.490625 0.526563 0.487500 0.525000 0.485938 0.523438 0.485938
0 0.039062 0.203125 0.039062 0.209375 0.040625 0.209375 0.042188 0.207813 0.042188 0.203125
0 0.071875 0.125000 0.070312 0.126562 0.070312 0.129688 0.076563 0.129688 0.076563 0.125000
0 0.079687 0.115625 0.078125 0.117188 0.078125 0.118750 0.079687 0.120313 0.081250 0.118750 0.081250 0.117188
0 0.187500 0.000000 0.185938 0.001563 0.185938 0.010937 0.187500 0.012500 0.187500 0.014063 0.185938 0.015625 0.185938 0.021875 0.182812 0.025000 0.181250 0.025000 0.181250 0.028125 0.178125 0.031250 0.178125 0.045312 0.179688 0.046875 0.179688 0.078125 0.181250 0.079687 0.181250 0.087500 0.179688 0.089063 0.179688 0.090625 0.176563 0.093750 0.175000 0.093750 0.173437 0.095312 0.170313 0.095312 0.168750 0.096875 0.167187 0.095312 0.160938 0.095312 0.159375 0.093750 0.157812 0.093750 0.156250 0.092188 0.146875 0.092188 0.145313 0.090625 0.142187 0.090625 0.140625 0.089063 0.139063 0.089063 0.137500 0.087500 0.135937 0.087500 0.134375 0.085938 0.132812 0.085938 0.131250 0.084375 0.128125 0.084375 0.125000 0.081250 0.125000 0.079687 0.128125 0.076563 0.128125 0.075000 0.129688 0.073438 0.131250 0.073438 0.137500 0.067187 0.137500 0.064062 0.135937 0.062500 0.135937 0.059375 0.134375 0.057813 0.134375 0.046875 0.132812 0.045312 0.132812 0.043750 0.131250 0.042188 0.131250 0.032813 0.129688 0.031250 0.129688 0.029687 0.125000 0.029687 0.121875 0.032813 0.120313 0.032813 0.118750 0.034375 0.118750 0.040625 0.117188 0.042188 0.117188 0.045312 0.115625 0.046875 0.115625 0.050000 0.114062 0.051562 0.112500 0.051562 0.110937 0.050000 0.110937 0.048438 0.110937 0.051562 0.112500 0.053125 0.112500 0.059375 0.107813 0.064062 0.107813 0.067187 0.106250 0.068750 0.106250 0.070312 0.104688 0.071875 0.104688 0.075000 0.100000 0.079687 0.100000 0.085938 0.098437 0.087500 0.095312 0.084375 0.093750 0.085938 0.093750 0.087500 0.096875 0.090625 0.096875 0.095312 0.092188 0.100000 0.092188 0.104688 0.085938 0.110937 0.084375 0.110937 0.084375 0.121875 0.081250 0.125000 0.081250 0.129688 0.079687 0.131250 0.079687 0.132812 0.100000 0.132812 0.101562 0.131250 0.121875 0.131250 0.125000 0.134375 0.123438 0.135937 0.123438 0.148438 0.121875 0.150000 0.121875 0.153125 0.114062 0.160938 0.109375 0.160938 0.107813 0.162500 0.089063 0.162500 0.087500 0.164062 0.073438 0.164062 0.071875 0.165625 0.067187 0.165625 0.064062 0.168750 0.062500 0.168750 0.059375 0.171875 0.054688 0.171875 0.054688 0.173437 0.051562 0.176563 0.050000 0.176563 0.050000 0.178125 0.054688 0.178125 0.057813 0.181250 0.056250 0.182812 0.056250 0.184375 0.054688 0.185938 0.054688 0.187500 0.053125 0.189062 0.053125 0.193750 0.051562 0.195312 0.051562 0.196875 0.050000 0.198437 0.050000 0.201563 0.045312 0.206250 0.045312 0.212500 0.043750 0.214062 0.043750 0.215625 0.042188 0.217188 0.042188 0.218750 0.040625 0.220312 0.040625 0.221875 0.039062 0.223438 0.039062 0.225000 0.037500 0.226562 0.037500 0.234375 0.035937 0.235937 0.035937 0.237500 0.034375 0.239063 0.034375 0.240625 0.032813 0.242188 0.032813 0.243750 0.029687 0.246875 0.029687 0.251563 0.028125 0.253125 0.028125 0.254688 0.026562 0.256250 0.026562 0.257812 0.025000 0.259375 0.025000 0.262500 0.021875 0.265625 0.021875 0.270313 0.018750 0.273438 0.018750 0.278125 0.014063 0.282813 0.014063 0.285938 0.012500 0.287500 0.012500 0.290625 0.010937 0.292187 0.010937 0.295312 0.007812 0.298438 0.007812 0.300000 0.006250 0.301563 0.006250 0.307812 0.003125 0.310937 0.003125 0.314063 0.000000 0.317188 0.000000 0.893750 0.001563 0.895312 0.000000 0.896875 0.000000 0.935937 0.001563 0.937500 0.001563 0.957812 0.000000 0.959375 0.000000 0.962500 0.001563 0.964063 0.001563 0.975000 0.003125 0.976562 0.003125 0.985938 0.000000 0.989062 0.000000 0.993750 0.003125 0.996875 0.003125 0.998437 0.778125 0.998437 0.778125 0.992188 0.776563 0.990625 0.775000 0.990625 0.773438 0.989062 0.773438 0.984375 0.771875 0.982812 0.771875 0.978125 0.767188 0.973437 0.767188 0.970313 0.765625 0.968750 0.765625 0.967187 0.764062 0.965625 0.764062 0.962500 0.757812 0.956250 0.757812 0.953125 0.754687 0.950000 0.754687 0.948438 0.753125 0.946875 0.753125 0.945312 0.750000 0.942187 0.750000 0.939063 0.748437 0.937500 0.748437 0.932813 0.746875 0.931250 0.746875 0.929688 0.745313 0.929688 0.742188 0.926562 0.742188 0.923438 0.740625 0.921875 0.740625 0.920312 0.737500 0.917188 0.737500 0.915625 0.734375 0.912500 0.734375 0.909375 0.732812 0.907813 0.732812 0.906250 0.729688 0.903125 0.729688 0.901563 0.726562 0.898438 0.726562 0.896875 0.725000 0.895312 0.725000 0.893750 0.718750 0.887500 0.718750 0.885938 0.717187 0.884375 0.717187 0.882812 0.712500 0.878125 0.712500 0.876563 0.710938 0.875000 0.710938 0.871875 0.709375 0.870313 0.709375 0.867188 0.704688 0.862500 0.704688 0.860938 0.703125 0.859375 0.703125 0.856250 0.700000 0.853125 0.700000 0.851562 0.695312 0.846875 0.695312 0.843750 0.692187 0.840625 0.692187 0.839063 0.690625 0.837500 0.690625 0.835938 0.687500 0.832812 0.687500 0.829688 0.685937 0.828125 0.685937 0.825000 0.684375 0.823438 0.684375 0.821875 0.679688 0.817187 0.679688 0.814063 0.678125 0.812500 0.678125 0.809375 0.676562 0.807813 0.676562 0.806250 0.675000 0.804688 0.675000 0.803125 0.673438 0.801562 0.673438 0.800000 0.670312 0.796875 0.670312 0.795312 0.668750 0.793750 0.668750 0.792188 0.664062 0.787500 0.664062 0.785937 0.662500 0.784375 0.662500 0.782813 0.660937 0.781250 0.660937 0.779687 0.656250 0.775000 0.656250 0.768750 0.653125 0.765625 0.653125 0.764062 0.651563 0.762500 0.651563 0.760938 0.648438 0.757812 0.648438 0.754687 0.646875 0.753125 0.646875 0.751563 0.643750 0.748437 0.642188 0.748437 0.640625 0.746875 0.640625 0.742188 0.637500 0.739062 0.637500 0.737500 0.635938 0.735938 0.635938 0.734375 0.634375 0.732812 0.634375 0.731250 0.631250 0.728125 0.631250 0.723437 0.628125 0.720313 0.628125 0.718750 0.625000 0.715625 0.625000 0.714063 0.623437 0.712500 0.623437 0.710938 0.620313 0.707812 0.620313 0.706250 0.618750 0.704688 0.618750 0.703125 0.617188 0.701562 0.617188 0.698438 0.615625 0.696875 0.615625 0.695312 0.612500 0.692187 0.612500 0.689063 0.610938 0.687500 0.610938 0.685937 0.609375 0.684375 0.609375 0.682813 0.607812 0.681250 0.607812 0.679688 0.604688 0.676562 0.604688 0.675000 0.603125 0.673438 0.603125 0.671875 0.601562 0.670312 0.601562 0.667188 0.600000 0.665625 0.600000 0.664062 0.596875 0.660937 0.596875 0.659375 0.595313 0.657813 0.595313 0.656250 0.593750 0.654687 0.593750 0.653125 0.589063 0.648438 0.589063 0.646875 0.584375 0.642188 0.584375 0.640625 0.582812 0.639062 0.582812 0.637500 0.581250 0.635938 0.581250 0.634375 0.579688 0.632812 0.579688 0.631250 0.575000 0.626563 0.575000 0.623437 0.573438 0.621875 0.573438 0.620313 0.570312 0.617188 0.570312 0.615625 0.567187 0.612500 0.567187 0.610938 0.565625 0.609375 0.565625 0.607812 0.564063 0.606250 0.564063 0.604688 0.562500 0.603125 0.562500 0.601562 0.557813 0.596875 0.557813 0.595313 0.556250 0.593750 0.556250 0.592187 0.554688 0.590625 0.554688 0.589063 0.550000 0.584375 0.550000 0.582812 0.548438 0.581250 0.548438 0.579688 0.545312 0.576562 0.545312 0.575000 0.543750 0.573438 0.535937 0.573438 0.534375 0.571875 0.531250 0.571875 0.528125 0.575000 0.525000 0.571875 0.525000 0.573438 0.521875 0.576562 0.518750 0.576562 0.517188 0.578125 0.507812 0.578125 0.506250 0.579688 0.503125 0.579688 0.501563 0.581250 0.498437 0.581250 0.496875 0.582812 0.495312 0.582812 0.493750 0.581250 0.490625 0.584375 0.476562 0.584375 0.473438 0.587500 0.468750 0.587500 0.467187 0.589063 0.462500 0.589063 0.459375 0.592187 0.457813 0.592187 0.456250 0.593750 0.453125 0.593750 0.451562 0.595313 0.446875 0.595313 0.445312 0.596875 0.443750 0.596875 0.442188 0.598437 0.439063 0.598437 0.437500 0.600000 0.423438 0.600000 0.420312 0.603125 0.415625 0.603125 0.412500 0.606250 0.409375 0.606250 0.407813 0.607812 0.401562 0.607812 0.400000 0.606250 0.396875 0.606250 0.393750 0.603125 0.393750 0.600000 0.392188 0.598437 0.392188 0.596875 0.390625 0.595313 0.390625 0.585938 0.392188 0.584375 0.392188 0.582812 0.390625 0.582812 0.387500 0.579688 0.387500 0.578125 0.385937 0.576562 0.385937 0.573438 0.384375 0.571875 0.384375 0.570312 0.382812 0.568750 0.382812 0.565625 0.381250 0.564063 0.381250 0.560937 0.379688 0.559375 0.379688 0.557813 0.378125 0.556250 0.378125 0.553125 0.376563 0.551562 0.376563 0.548438 0.375000 0.546875 0.375000 0.540625 0.373437 0.539062 0.373437 0.537500 0.371875 0.535937 0.371875 0.534375 0.370312 0.532813 0.370312 0.526563 0.368750 0.525000 0.368750 0.520312 0.367188 0.518750 0.367188 0.514062 0.365625 0.512500 0.365625 0.509375 0.364063 0.507812 0.364063 0.506250 0.362500 0.504687 0.362500 0.503125 0.360938 0.501563 0.360938 0.498437 0.359375 0.496875 0.359375 0.490625 0.357812 0.489063 0.357812 0.487500 0.356250 0.485938 0.356250 0.482812 0.354687 0.481250 0.354687 0.476562 0.353125 0.475000 0.353125 0.473438 0.351562 0.471875 0.351562 0.465625 0.350000 0.464062 0.350000 0.462500 0.348438 0.460938 0.348438 0.457813 0.346875 0.456250 0.346875 0.453125 0.345313 0.451562 0.345313 0.448437 0.343750 0.446875 0.343750 0.443750 0.342187 0.442188 0.342187 0.440625 0.340625 0.439063 0.340625 0.435937 0.339062 0.434375 0.339062 0.429688 0.337500 0.428125 0.337500 0.426563 0.335938 0.425000 0.335938 0.417187 0.334375 0.415625 0.334375 0.412500 0.332813 0.410938 0.332813 0.409375 0.331250 0.407813 0.331250 0.403125 0.329688 0.401562 0.329688 0.398438 0.328125 0.396875 0.328125 0.393750 0.326562 0.392188 0.326562 0.389062 0.325000 0.387500 0.325000 0.385937 0.323437 0.384375 0.323437 0.379688 0.321875 0.378125 0.321875 0.373437 0.320312 0.371875 0.320312 0.365625 0.318750 0.364063 0.318750 0.360938 0.317188 0.359375 0.317188 0.357812 0.315625 0.356250 0.315625 0.351562 0.314063 0.350000 0.314063 0.346875 0.312500 0.345313 0.312500 0.340625 0.310937 0.339062 0.310937 0.335938 0.309375 0.334375 0.309375 0.332813 0.307812 0.331250 0.307812 0.328125 0.306250 0.326562 0.306250 0.323437 0.304688 0.321875 0.304688 0.317188 0.303125 0.315625 0.303125 0.312500 0.301563 0.310937 0.301563 0.306250 0.300000 0.304688 0.300000 0.301563 0.298438 0.300000 0.298438 0.296875 0.296875 0.295312 0.296875 0.290625 0.295312 0.289062 0.295312 0.287500 0.293750 0.285938 0.293750 0.284375 0.292187 0.282813 0.292187 0.276562 0.290625 0.275000 0.290625 0.273438 0.289062 0.271875 0.289062 0.267188 0.287500 0.265625 0.287500 0.260937 0.285938 0.259375 0.285938 0.257812 0.284375 0.256250 0.284375 0.253125 0.282813 0.251563 0.282813 0.248438 0.281250 0.246875 0.281250 0.242188 0.279687 0.240625 0.279687 0.239063 0.278125 0.237500 0.278125 0.234375 0.276562 0.232813 0.276562 0.228125 0.275000 0.226562 0.275000 0.225000 0.273438 0.223438 0.273438 0.218750 0.271875 0.217188 0.271875 0.212500 0.270313 0.210938 0.270313 0.209375 0.268750 0.207813 0.268750 0.204687 0.267188 0.203125 0.267188 0.201563 0.265625 0.200000 0.265625 0.195312 0.264062 0.193750 0.264062 0.190625 0.262500 0.189062 0.262500 0.187500 0.260937 0.185938 0.260937 0.181250 0.259375 0.179688 0.259375 0.178125 0.257812 0.176563 0.257812 0.168750 0.256250 0.167187 0.256250 0.164062 0.254688 0.162500 0.254688 0.159375 0.253125 0.157812 0.253125 0.154688 0.251563 0.153125 0.251563 0.151562 0.250000 0.150000 0.250000 0.143750 0.248438 0.142187 0.248438 0.140625 0.246875 0.139063 0.246875 0.137500 0.245312 0.135937 0.245312 0.131250 0.243750 0.129688 0.243750 0.126562 0.242188 0.125000 0.242188 0.117188 0.240625 0.115625 0.240625 0.112500 0.239063 0.110937 0.239063 0.109375 0.237500 0.107813 0.237500 0.103125 0.235937 0.101562 0.235937 0.098437 0.234375 0.096875 0.234375 0.092188 0.232813 0.090625 0.232813 0.087500 0.231250 0.085938 0.231250 0.084375 0.229687 0.082812 0.229687 0.078125 0.228125 0.076563 0.228125 0.073438 0.226562 0.071875 0.226562 0.065625 0.225000 0.064062 0.225000 0.062500 0.223438 0.060937 0.223438 0.057813 0.221875 0.056250 0.221875 0.050000 0.218750 0.046875 0.218750 0.040625 0.217188 0.039062 0.218750 0.037500 0.218750 0.035937 0.215625 0.032813 0.215625 0.029687 0.214062 0.028125 0.214062 0.023438 0.212500 0.021875 0.212500 0.020313 0.210938 0.018750 0.210938 0.014063 0.209375 0.012500 0.209375 0.009375 0.207813 0.007812 0.207813 0.006250 0.206250 0.004687 0.206250 0.003125 0.204687 0.003125 0.203125 0.001563 0.203125 0.000000