0 0.137500 0.554688 0.135937 0.556250 0.135937 0.559375 0.137500 0.559375
0 0.145313 0.543750 0.145313 0.545312 0.146875 0.545312 0.146875 0.543750
0 0.931250 0.539062 0.929688 0.540625 0.931250 0.542188 0.931250 0.550000 0.931250 0.543750 0.934375 0.540625 0.935937 0.540625 0.934375 0.539062
0 0.153125 0.534375 0.151562 0.535937 0.151562 0.540625 0.153125 0.542188 0.153125 0.539062 0.154688 0.537500 0.154688 0.535937
0 0.160938 0.525000 0.160938 0.528125 0.162500 0.528125 0.162500 0.525000
0 0.168750 0.512500 0.168750 0.515625 0.165625 0.518750 0.165625 0.521875 0.167187 0.523438 0.167187 0.526563 0.168750 0.528125 0.168750 0.525000 0.170313 0.523438 0.170313 0.512500
0 0.184375 0.506250 0.184375 0.510938 0.185938 0.509375 0.185938 0.507812
0 0.176563 0.504687 0.176563 0.506250 0.178125 0.506250 0.178125 0.504687
0 0.262500 0.475000 0.260937 0.476562 0.260937 0.479687 0.262500 0.479687 0.264062 0.478125 0.264062 0.476562
0 0.875000 0.446875 0.875000 0.448437 0.873437 0.450000 0.875000 0.451562 0.876563 0.451562 0.878125 0.450000 0.876563 0.448437 0.876563 0.446875
0 0.984375 0.410938 0.984375 0.412500 0.993750 0.412500 0.993750 0.410938
0 0.829688 0.407813 0.829688 0.412500 0.831250 0.410938 0.829688 0.409375
0 0.964063 0.403125 0.964063 0.404687 0.965625 0.404687 0.967187 0.403125
0 0.943750 0.403125 0.945312 0.404687 0.957812 0.404687 0.959375 0.403125 0.960938 0.403125
0 0.829688 0.384375 0.829688 0.385937 0.828125 0.387500 0.828125 0.393750 0.826562 0.395313 0.826562 0.396875 0.828125 0.398438 0.828125 0.400000 0.829688 0.401562 0.832812 0.398438 0.835938 0.401562 0.835938 0.409375 0.834375 0.410938 0.835938 0.412500 0.839063 0.412500 0.840625 0.410938 0.843750 0.414062 0.843750 0.429688 0.845313 0.431250 0.848437 0.428125 0.850000 0.428125 0.853125 0.431250 0.853125 0.432812 0.851562 0.434375 0.853125 0.435937 0.854688 0.434375 0.853125 0.432812 0.853125 0.431250 0.856250 0.428125 0.857812 0.429688 0.857812 0.435937 0.859375 0.437500 0.859375 0.442188 0.857812 0.443750 0.857812 0.446875 0.856250 0.448437 0.854688 0.446875 0.854688 0.443750 0.853125 0.442188 0.853125 0.440625 0.851562 0.442188 0.851562 0.446875 0.850000 0.448437 0.850000 0.450000 0.853125 0.453125 0.853125 0.459375 0.854688 0.457813 0.857812 0.457813 0.859375 0.459375 0.859375 0.462500 0.860938 0.464062 0.860938 0.465625 0.862500 0.467187 0.865625 0.467187 0.868750 0.470313 0.865625 0.473438 0.868750 0.476562 0.868750 0.478125 0.868750 0.476562 0.870313 0.475000 0.870313 0.473438 0.868750 0.471875 0.868750 0.467187 0.870313 0.465625 0.870313 0.460938 0.871875 0.459375 0.871875 0.457813 0.870313 0.456250 0.870313 0.442188 0.868750 0.440625 0.867188 0.440625 0.865625 0.442188 0.864062 0.442188 0.860938 0.439063 0.864062 0.435937 0.867188 0.435937 0.867188 0.432812 0.865625 0.431250 0.865625 0.429688 0.864062 0.429688 0.862500 0.428125 0.862500 0.426563 0.860938 0.425000 0.860938 0.421875 0.859375 0.421875 0.859375 0.423438 0.856250 0.426563 0.854688 0.425000 0.854688 0.417187 0.853125 0.415625 0.853125 0.410938 0.848437 0.410938 0.846875 0.409375 0.846875 0.406250 0.845313 0.404687 0.845313 0.401562 0.843750 0.403125 0.843750 0.407813 0.840625 0.410938 0.837500 0.407813 0.837500 0.406250 0.839063 0.404687 0.839063 0.401562 0.837500 0.400000 0.839063 0.398438 0.839063 0.395313 0.837500 0.393750 0.835938 0.395313 0.832812 0.395313 0.829688 0.392188
0 0.851562 0.356250 0.853125 0.357812 0.853125 0.356250
0 0.798438 0.346875 0.795312 0.350000 0.796875 0.351562 0.796875 0.357812 0.798438 0.359375 0.798438 0.362500 0.796875 0.364063 0.798438 0.365625 0.800000 0.364063 0.801562 0.364063 0.804688 0.367188 0.804688 0.371875 0.806250 0.373437 0.807813 0.371875 0.809375 0.371875 0.812500 0.375000 0.812500 0.384375 0.814063 0.384375 0.815625 0.382812 0.815625 0.381250 0.817187 0.379688 0.820312 0.382812 0.820312 0.387500 0.821875 0.389062 0.823438 0.387500 0.821875 0.385937 0.821875 0.382812 0.823438 0.381250 0.823438 0.379688 0.821875 0.378125 0.820312 0.378125 0.818750 0.379688 0.817187 0.379688 0.814063 0.376563 0.814063 0.375000 0.815625 0.373437 0.815625 0.368750 0.814063 0.367188 0.812500 0.367188 0.809375 0.370312 0.807813 0.368750 0.807813 0.367188 0.809375 0.365625 0.809375 0.364063 0.806250 0.360938 0.806250 0.356250 0.804688 0.356250 0.804688 0.362500 0.803125 0.364063 0.800000 0.364063 0.798438 0.362500 0.798438 0.357812 0.800000 0.356250 0.800000 0.351562 0.798438 0.350000
0 0.781250 0.329688 0.781250 0.331250 0.779687 0.332813 0.779687 0.335938 0.781250 0.337500 0.781250 0.340625 0.782813 0.342187 0.782813 0.346875 0.781250 0.348438 0.782813 0.350000 0.784375 0.348438 0.787500 0.348438 0.790625 0.351562 0.790625 0.356250 0.790625 0.351562 0.792188 0.350000 0.792188 0.348438 0.790625 0.346875 0.789062 0.348438 0.784375 0.348438 0.782813 0.346875 0.782813 0.343750 0.784375 0.342187 0.792188 0.342187 0.793750 0.340625 0.792188 0.339062 0.792188 0.335938 0.790625 0.334375 0.790625 0.332813 0.785937 0.332813 0.782813 0.329688
0 0.843750 0.315625 0.843750 0.318750 0.845313 0.320312 0.846875 0.318750 0.850000 0.318750 0.851562 0.320312 0.851562 0.321875 0.848437 0.325000 0.845313 0.325000 0.848437 0.325000 0.853125 0.329688 0.851562 0.331250 0.851562 0.337500 0.848437 0.340625 0.853125 0.345313 0.853125 0.346875 0.851562 0.348438 0.851562 0.350000 0.853125 0.350000 0.853125 0.342187 0.854688 0.340625 0.853125 0.339062 0.853125 0.334375 0.854688 0.332813 0.853125 0.331250 0.853125 0.328125 0.854688 0.326562 0.854688 0.325000 0.853125 0.323437 0.853125 0.321875 0.851562 0.320312 0.851562 0.318750 0.850000 0.317188 0.846875 0.317188 0.845313 0.315625
0 0.829688 0.300000 0.828125 0.301563 0.828125 0.303125 0.829688 0.304688 0.831250 0.303125 0.834375 0.303125 0.835938 0.304688 0.835938 0.306250 0.832812 0.309375 0.834375 0.310937 0.835938 0.310937 0.837500 0.312500 0.840625 0.309375 0.837500 0.306250 0.837500 0.304688 0.835938 0.303125 0.834375 0.303125 0.832812 0.301563 0.831250 0.301563
0 0.820312 0.289062 0.820312 0.290625 0.818750 0.292187 0.818750 0.293750 0.820312 0.295312 0.826562 0.295312 0.826562 0.293750 0.825000 0.293750
0 0.750000 0.289062 0.748437 0.290625 0.748437 0.293750 0.750000 0.295312 0.750000 0.296875 0.751563 0.296875 0.753125 0.295312 0.756250 0.295312 0.756250 0.292187 0.753125 0.289062
0 0.814063 0.284375 0.812500 0.285938 0.812500 0.287500 0.817187 0.287500 0.817187 0.285938 0.815625 0.285938
0 0.793750 0.271875 0.792188 0.273438 0.790625 0.273438 0.789062 0.275000 0.789062 0.276562 0.787500 0.278125 0.789062 0.279687 0.795312 0.279687 0.796875 0.278125 0.796875 0.276562 0.795312 0.275000 0.795312 0.273438
0 0.735938 0.271875 0.734375 0.273438 0.734375 0.275000 0.735938 0.276562 0.735938 0.278125 0.740625 0.278125 0.743750 0.281250 0.743750 0.282813 0.740625 0.285938 0.739062 0.285938 0.740625 0.285938 0.743750 0.289062 0.743750 0.290625 0.743750 0.289062 0.745313 0.287500 0.746875 0.287500 0.746875 0.285938 0.745313 0.285938 0.743750 0.284375 0.743750 0.276562 0.740625 0.276562 0.739062 0.278125 0.737500 0.276562 0.737500 0.273438
0 0.804688 0.270313 0.803125 0.271875 0.804688 0.273438 0.804688 0.275000 0.801562 0.278125 0.800000 0.278125 0.801562 0.278125 0.803125 0.279687 0.814063 0.279687 0.812500 0.278125 0.810937 0.278125 0.809375 0.276562 0.807813 0.276562 0.806250 0.275000 0.806250 0.271875
0 0.704688 0.239063 0.709375 0.239063 0.710938 0.240625 0.712500 0.240625 0.712500 0.239063
0 0.748437 0.145313 0.750000 0.146875 0.751563 0.146875 0.751563 0.145313
0 0.735938 0.135937 0.735938 0.139063 0.739062 0.139063 0.740625 0.137500 0.737500 0.137500
0 0.748437 0.114062 0.750000 0.114062 0.751563 0.115625 0.756250 0.115625 0.756250 0.114062
0 0.750000 0.103125 0.750000 0.104688 0.751563 0.106250 0.757812 0.106250 0.759375 0.107813 0.759375 0.106250 0.756250 0.106250 0.753125 0.103125
0 0.735938 0.103125 0.735938 0.107813 0.739062 0.107813 0.740625 0.106250 0.740625 0.104688 0.739062 0.103125
0 0.526563 0.082812 0.515625 0.093750 0.515625 0.095312 0.507812 0.103125 0.507812 0.104688 0.506250 0.106250 0.506250 0.107813 0.501563 0.112500 0.501563 0.114062 0.498437 0.117188 0.498437 0.118750 0.496875 0.120313 0.496875 0.121875 0.489063 0.129688 0.489063 0.131250 0.470313 0.150000 0.468750 0.150000 0.468750 0.151562 0.465625 0.154688 0.465625 0.156250 0.462500 0.159375 0.460938 0.159375 0.453125 0.167187 0.453125 0.173437 0.451562 0.175000 0.451562 0.176563 0.445312 0.182812 0.445312 0.184375 0.443750 0.185938 0.443750 0.187500 0.439063 0.192188 0.437500 0.192188 0.434375 0.195312 0.429688 0.195312 0.428125 0.196875 0.425000 0.196875 0.423438 0.198437 0.415625 0.198437 0.414062 0.200000 0.412500 0.200000 0.410938 0.201563 0.410938 0.203125 0.409375 0.204687 0.407813 0.204687 0.400000 0.212500 0.400000 0.214062 0.398438 0.215625 0.400000 0.217188 0.400000 0.229687 0.398438 0.231250 0.400000 0.232813 0.400000 0.253125 0.398438 0.254688 0.398438 0.265625 0.400000 0.267188 0.400000 0.268750 0.398438 0.270313 0.398438 0.282813 0.400000 0.284375 0.400000 0.287500 0.398438 0.289062 0.398438 0.301563 0.400000 0.303125 0.400000 0.318750 0.401562 0.320312 0.401562 0.325000 0.398438 0.328125 0.398438 0.329688 0.396875 0.331250 0.396875 0.334375 0.395313 0.335938 0.395313 0.337500 0.393750 0.339062 0.393750 0.340625 0.389062 0.345313 0.389062 0.348438 0.385937 0.351562 0.385937 0.353125 0.384375 0.354687 0.384375 0.356250 0.381250 0.359375 0.381250 0.360938 0.378125 0.364063 0.378125 0.365625 0.376563 0.367188 0.375000 0.367188 0.375000 0.368750 0.373437 0.370312 0.373437 0.371875 0.370312 0.375000 0.370312 0.376563 0.367188 0.379688 0.367188 0.381250 0.364063 0.384375 0.364063 0.385937 0.357812 0.392188 0.357812 0.395313 0.356250 0.396875 0.356250 0.398438 0.354687 0.400000 0.356250 0.401562 0.356250 0.403125 0.357812 0.404687 0.357812 0.406250 0.359375 0.407813 0.359375 0.410938 0.357812 0.412500 0.357812 0.414062 0.356250 0.415625 0.356250 0.421875 0.351562 0.426563 0.350000 0.426563 0.346875 0.429688 0.339062 0.429688 0.331250 0.437500 0.331250 0.439063 0.328125 0.442188 0.328125 0.443750 0.326562 0.445312 0.326562 0.446875 0.325000 0.448437 0.325000 0.450000 0.321875 0.453125 0.321875 0.454688 0.320312 0.456250 0.320312 0.457813 0.318750 0.459375 0.318750 0.460938 0.317188 0.462500 0.317188 0.465625 0.315625 0.467187 0.315625 0.468750 0.310937 0.473438 0.309375 0.473438 0.306250 0.476562 0.306250 0.478125 0.304688 0.479687 0.304688 0.482812 0.307812 0.482812 0.309375 0.484375 0.329688 0.484375 0.331250 0.485938 0.353125 0.485938 0.354687 0.487500 0.393750 0.487500 0.395313 0.489063 0.409375 0.489063 0.410938 0.490625 0.428125 0.490625 0.429688 0.492188 0.431250 0.492188 0.432812 0.493750 0.432812 0.506250 0.431250 0.507812 0.431250 0.514062 0.429688 0.515625 0.429688 0.521875 0.428125 0.523438 0.428125 0.529687 0.426563 0.531250 0.426563 0.535937 0.425000 0.537500 0.425000 0.540625 0.423438 0.542188 0.423438 0.545312 0.421875 0.546875 0.421875 0.553125 0.420312 0.554688 0.420312 0.562500 0.418750 0.564063 0.418750 0.567187 0.417187 0.568750 0.417187 0.570312 0.415625 0.571875 0.415625 0.576562 0.414062 0.578125 0.414062 0.582812 0.412500 0.584375 0.412500 0.587500 0.410938 0.589063 0.410938 0.592187 0.409375 0.593750 0.409375 0.595313 0.407813 0.596875 0.407813 0.600000 0.406250 0.601562 0.406250 0.604688 0.404687 0.606250 0.404687 0.610938 0.403125 0.612500 0.403125 0.617188 0.401562 0.618750 0.401562 0.623437 0.400000 0.625000 0.400000 0.628125 0.398438 0.629687 0.398438 0.631250 0.396875 0.632812 0.396875 0.639062 0.393750 0.642188 0.393750 0.645312 0.392188 0.646875 0.389062 0.646875 0.387500 0.648438 0.382812 0.648438 0.381250 0.650000 0.378125 0.650000 0.376563 0.648438 0.373437 0.648438 0.371875 0.650000 0.367188 0.650000 0.365625 0.648438 0.281250 0.648438 0.279687 0.646875 0.253125 0.646875 0.251563 0.645312 0.231250 0.645312 0.229687 0.646875 0.228125 0.646875 0.225000 0.650000 0.225000 0.654687 0.228125 0.657813 0.228125 0.664062 0.226562 0.665625 0.228125 0.667188 0.228125 0.676562 0.226562 0.678125 0.225000 0.678125 0.220312 0.682813 0.218750 0.682813 0.217188 0.684375 0.212500 0.684375 0.209375 0.681250 0.201563 0.681250 0.196875 0.685937 0.195312 0.685937 0.193750 0.687500 0.190625 0.687500 0.189062 0.689063 0.187500 0.689063 0.185938 0.690625 0.182812 0.690625 0.175000 0.682813 0.173437 0.682813 0.171875 0.681250 0.171875 0.678125 0.173437 0.676562 0.173437 0.668750 0.179688 0.662500 0.179688 0.657813 0.185938 0.651563 0.192188 0.651563 0.193750 0.650000 0.193750 0.645312 0.190625 0.645312 0.189062 0.646875 0.187500 0.646875 0.185938 0.645312 0.179688 0.645312 0.176563 0.642188 0.175000 0.643750 0.168750 0.643750 0.162500 0.650000 0.162500 0.651563 0.160938 0.653125 0.160938 0.654687 0.157812 0.657813 0.157812 0.662500 0.153125 0.667188 0.153125 0.668750 0.151562 0.670312 0.151562 0.673438 0.150000 0.675000 0.150000 0.676562 0.148438 0.678125 0.148438 0.679688 0.146875 0.681250 0.146875 0.682813 0.142187 0.687500 0.142187 0.689063 0.140625 0.690625 0.140625 0.692187 0.139063 0.693750 0.139063 0.701562 0.132812 0.707812 0.132812 0.709375 0.129688 0.712500 0.129688 0.714063 0.126562 0.717187 0.126562 0.718750 0.125000 0.720313 0.125000 0.728125 0.126562 0.729688 0.126562 0.735938 0.125000 0.737500 0.125000 0.740625 0.121875 0.743750 0.121875 0.748437 0.120313 0.750000 0.120313 0.756250 0.117188 0.759375 0.117188 0.762500 0.114062 0.765625 0.112500 0.765625 0.110937 0.767188 0.109375 0.767188 0.109375 0.768750 0.107813 0.770312 0.106250 0.770312 0.101562 0.775000 0.101562 0.776563 0.100000 0.778125 0.100000 0.779687 0.098437 0.781250 0.098437 0.784375 0.096875 0.785937 0.096875 0.787500 0.095312 0.789062 0.092188 0.789062 0.090625 0.790625 0.090625 0.796875 0.089063 0.798438 0.089063 0.801562 0.087500 0.803125 0.087500 0.806250 0.089063 0.807813 0.089063 0.810937 0.090625 0.812500 0.090625 0.818750 0.089063 0.820312 0.089063 0.821875 0.087500 0.823438 0.087500 0.825000 0.085938 0.826562 0.085938 0.828125 0.082812 0.831250 0.082812 0.832812 0.081250 0.834375 0.081250 0.835938 0.079687 0.837500 0.079687 0.840625 0.078125 0.842187 0.078125 0.846875 0.076563 0.848437 0.076563 0.850000 0.073438 0.853125 0.073438 0.854688 0.071875 0.856250 0.071875 0.857812 0.067187 0.862500 0.065625 0.862500 0.060937 0.867188 0.057813 0.867188 0.056250 0.868750 0.056250 0.870313 0.045312 0.881250 0.043750 0.881250 0.042188 0.882812 0.040625 0.882812 0.039062 0.884375 0.039062 0.885938 0.037500 0.887500 0.037500 0.889062 0.035937 0.890625 0.034375 0.890625 0.032813 0.892188 0.032813 0.893750 0.029687 0.896875 0.028125 0.896875 0.025000 0.900000 0.025000 0.903125 0.023438 0.904687 0.023438 0.909375 0.021875 0.910937 0.021875 0.912500 0.020313 0.914062 0.018750 0.914062 0.017188 0.915625 0.017188 0.917188 0.009375 0.925000 0.007812 0.925000 0.004687 0.928125 0.004687 0.929688 0.003125 0.931250 0.003125 0.945312 0.001563 0.946875 0.001563 0.951562 0.003125 0.953125 0.003125 0.998437 0.998437 0.998437 0.998437 0.757812 0.996875 0.757812 0.995313 0.756250 0.995313 0.753125 0.993750 0.751563 0.998437 0.746875 0.998437 0.693750 0.995313 0.690625 0.995313 0.689063 0.993750 0.687500 0.993750 0.684375 0.990625 0.681250 0.990625 0.679688 0.985938 0.675000 0.985938 0.673438 0.984375 0.671875 0.984375 0.670312 0.981250 0.670312 0.979688 0.668750 0.979688 0.665625 0.978125 0.664062 0.978125 0.660937 0.973437 0.656250 0.973437 0.653125 0.971875 0.651563 0.971875 0.650000 0.965625 0.643750 0.965625 0.642188 0.960938 0.637500 0.960938 0.635938 0.954688 0.629687 0.954688 0.628125 0.953125 0.628125 0.950000 0.625000 0.950000 0.621875 0.948438 0.620313 0.948438 0.618750 0.945312 0.615625 0.945312 0.614062 0.940625 0.609375 0.940625 0.606250 0.939063 0.604688 0.939063 0.603125 0.935937 0.600000 0.935937 0.598437 0.929688 0.592187 0.929688 0.590625 0.928125 0.589063 0.928125 0.587500 0.917188 0.576562 0.917188 0.573438 0.914062 0.570312 0.914062 0.568750 0.909375 0.564063 0.909375 0.562500 0.907813 0.560937 0.907813 0.559375 0.901563 0.553125 0.901563 0.551562 0.900000 0.550000 0.900000 0.548438 0.898438 0.546875 0.898438 0.543750 0.896875 0.542188 0.896875 0.540625 0.885938 0.529687 0.885938 0.526563 0.884375 0.525000 0.884375 0.523438 0.882812 0.521875 0.882812 0.520312 0.879687 0.517188 0.879687 0.515625 0.878125 0.514062 0.878125 0.510938 0.876563 0.509375 0.876563 0.507812 0.875000 0.506250 0.875000 0.504687 0.873437 0.503125 0.873437 0.501563 0.870313 0.498437 0.870313 0.496875 0.868750 0.495312 0.868750 0.493750 0.867188 0.492188 0.867188 0.490625 0.865625 0.489063 0.864062 0.489063 0.860938 0.485938 0.860938 0.484375 0.854688 0.478125 0.854688 0.476562 0.853125 0.475000 0.853125 0.473438 0.850000 0.470313 0.850000 0.467187 0.846875 0.464062 0.846875 0.460938 0.839063 0.453125 0.839063 0.451562 0.835938 0.448437 0.835938 0.445312 0.829688 0.439063 0.829688 0.437500 0.823438 0.431250 0.823438 0.429688 0.821875 0.428125 0.821875 0.426563 0.818750 0.423438 0.818750 0.421875 0.815625 0.418750 0.815625 0.417187 0.814063 0.415625 0.814063 0.414062 0.806250 0.406250 0.806250 0.403125 0.804688 0.401562 0.804688 0.400000 0.796875 0.392188 0.796875 0.390625 0.795312 0.389062 0.793750 0.389062 0.792188 0.387500 0.792188 0.384375 0.790625 0.382812 0.790625 0.381250 0.787500 0.378125 0.787500 0.376563 0.785937 0.375000 0.785937 0.373437 0.781250 0.368750 0.781250 0.365625 0.779687 0.365625 0.775000 0.360938 0.775000 0.357812 0.773438 0.356250 0.773438 0.353125 0.764062 0.343750 0.764062 0.342187 0.759375 0.337500 0.759375 0.335938 0.757812 0.334375 0.757812 0.332813 0.753125 0.328125 0.753125 0.325000 0.751563 0.323437 0.751563 0.320312 0.753125 0.318750 0.756250 0.318750 0.759375 0.321875 0.760938 0.321875 0.762500 0.323437 0.765625 0.323437 0.767188 0.325000 0.767188 0.332813 0.771875 0.332813 0.773438 0.334375 0.775000 0.334375 0.776563 0.332813 0.775000 0.331250 0.770312 0.331250 0.768750 0.329688 0.768750 0.328125 0.770312 0.326562 0.771875 0.326562 0.773438 0.328125 0.775000 0.328125 0.775000 0.320312 0.778125 0.317188 0.779687 0.317188 0.779687 0.314063 0.778125 0.312500 0.776563 0.312500 0.775000 0.310937 0.775000 0.307812 0.770312 0.303125 0.765625 0.303125 0.764062 0.301563 0.762500 0.301563 0.759375 0.298438 0.757812 0.298438 0.754687 0.301563 0.753125 0.301563 0.750000 0.304688 0.750000 0.306250 0.751563 0.307812 0.751563 0.314063 0.748437 0.317188 0.746875 0.317188 0.743750 0.314063 0.743750 0.309375 0.742188 0.307812 0.742188 0.306250 0.735938 0.300000 0.735938 0.298438 0.734375 0.296875 0.734375 0.295312 0.732812 0.295312 0.729688 0.292187 0.729688 0.289062 0.726562 0.285938 0.726562 0.284375 0.725000 0.282813 0.725000 0.281250 0.721875 0.278125 0.721875 0.276562 0.718750 0.273438 0.718750 0.271875 0.717187 0.271875 0.714063 0.268750 0.714063 0.267188 0.712500 0.265625 0.712500 0.262500 0.710938 0.260937 0.710938 0.259375 0.709375 0.257812 0.709375 0.256250 0.707812 0.256250 0.706250 0.254688 0.706250 0.253125 0.703125 0.250000 0.703125 0.246875 0.698438 0.242188 0.698438 0.240625 0.695312 0.237500 0.695312 0.235937 0.693750 0.234375 0.693750 0.232813 0.690625 0.229687 0.689063 0.229687 0.687500 0.228125 0.682813 0.228125 0.681250 0.226562 0.678125 0.226562 0.676562 0.225000 0.673438 0.225000 0.671875 0.223438 0.668750 0.223438 0.667188 0.221875 0.664062 0.221875 0.660937 0.218750 0.659375 0.218750 0.657813 0.217188 0.654687 0.217188 0.651563 0.214062 0.650000 0.214062 0.646875 0.210938 0.645312 0.210938 0.643750 0.209375 0.642188 0.209375 0.639062 0.206250 0.637500 0.206250 0.635938 0.204687 0.632812 0.204687 0.631250 0.203125 0.625000 0.203125 0.615625 0.193750 0.615625 0.190625 0.614062 0.189062 0.615625 0.187500 0.615625 0.171875 0.617188 0.170313 0.617188 0.168750 0.618750 0.167187 0.618750 0.164062 0.621875 0.160938 0.621875 0.157812 0.625000 0.154688 0.626563 0.154688 0.631250 0.150000 0.631250 0.148438 0.632812 0.146875 0.632812 0.142187 0.634375 0.140625 0.635938 0.140625 0.637500 0.139063 0.639062 0.139063 0.640625 0.137500 0.637500 0.137500 0.632812 0.132812 0.632812 0.131250 0.629687 0.128125 0.621875 0.128125 0.620313 0.129688 0.615625 0.129688 0.614062 0.131250 0.609375 0.131250 0.607812 0.132812 0.601562 0.132812 0.601562 0.134375 0.600000 0.135937 0.600000 0.143750 0.598437 0.145313 0.598437 0.162500 0.596875 0.164062 0.596875 0.167187 0.595313 0.168750 0.595313 0.190625 0.593750 0.192188 0.593750 0.245312 0.592187 0.246875 0.592187 0.259375 0.590625 0.260937 0.590625 0.265625 0.589063 0.267188 0.589063 0.270313 0.587500 0.271875 0.587500 0.276562 0.585938 0.278125 0.587500 0.279687 0.587500 0.284375 0.585938 0.285938 0.585938 0.298438 0.579688 0.304688 0.564063 0.304688 0.562500 0.303125 0.559375 0.303125 0.557813 0.304688 0.556250 0.304688 0.556250 0.306250 0.554688 0.307812 0.554688 0.309375 0.551562 0.312500 0.550000 0.312500 0.548438 0.314063 0.540625 0.314063 0.539062 0.312500 0.535937 0.312500 0.531250 0.307812 0.531250 0.295312 0.529687 0.293750 0.529687 0.292187 0.528125 0.290625 0.531250 0.287500 0.531250 0.285938 0.532813 0.284375 0.532813 0.282813 0.535937 0.279687 0.535937 0.278125 0.537500 0.276562 0.537500 0.270313 0.535937 0.268750 0.534375 0.270313 0.532813 0.270313 0.529687 0.267188 0.531250 0.265625 0.531250 0.264062 0.535937 0.259375 0.535937 0.254688 0.534375 0.253125 0.534375 0.243750 0.532813 0.242188 0.532813 0.228125 0.531250 0.226562 0.531250 0.218750 0.532813 0.217188 0.532813 0.167187 0.531250 0.165625 0.531250 0.131250 0.529687 0.129688 0.529687 0.084375 0.528125 0.082812