0 0.004687 0.937500 0.004687 0.939063 0.006250 0.939063
0 0.004687 0.921875 0.004687 0.925000 0.006250 0.926562 0.006250 0.921875
0 0.012500 0.829688 0.009375 0.832812 0.009375 0.834375 0.010937 0.834375 0.012500 0.835938 0.015625 0.832812
0 0.028125 0.770312 0.028125 0.771875 0.029687 0.770312
0 0.012500 0.753125 0.010937 0.754687 0.010937 0.756250 0.012500 0.757812 0.014063 0.756250 0.014063 0.753125
0 0.028125 0.751563 0.025000 0.754687 0.020313 0.754687 0.020313 0.756250 0.021875 0.757812 0.026562 0.757812 0.028125 0.759375 0.028125 0.760938 0.028125 0.759375 0.031250 0.756250 0.031250 0.754687
0 0.012500 0.737500 0.010937 0.739062 0.012500 0.740625 0.014063 0.739062
0 0.028125 0.721875 0.026562 0.723437 0.026562 0.725000 0.028125 0.726562 0.028125 0.737500 0.026562 0.739062 0.026562 0.740625 0.028125 0.742188 0.028125 0.748437 0.029687 0.748437 0.029687 0.746875 0.028125 0.745313 0.028125 0.742188 0.029687 0.740625 0.029687 0.737500 0.028125 0.735938 0.028125 0.726562 0.029687 0.725000 0.029687 0.723437
0 0.012500 0.721875 0.010937 0.723437 0.010937 0.725000 0.012500 0.726562 0.012500 0.725000 0.014063 0.723437
0 0.012500 0.706250 0.010937 0.707812 0.010937 0.709375 0.012500 0.710938 0.014063 0.709375 0.014063 0.706250
0 0.020313 0.701562 0.018750 0.703125 0.018750 0.704688 0.020313 0.706250 0.021875 0.706250 0.021875 0.701562
0 0.035937 0.696875 0.035937 0.698438 0.034375 0.700000 0.035937 0.701562 0.037500 0.701562 0.037500 0.696875
0 0.028125 0.690625 0.026562 0.692187 0.026562 0.693750 0.028125 0.695312 0.028125 0.698438 0.026562 0.700000 0.026562 0.701562 0.028125 0.703125 0.028125 0.704688 0.025000 0.707812 0.028125 0.710938 0.028125 0.714063 0.026562 0.715625 0.028125 0.717187 0.029687 0.715625 0.029687 0.698438 0.028125 0.696875 0.029687 0.695312 0.029687 0.692187
0 0.035937 0.681250 0.035937 0.682813 0.034375 0.684375 0.035937 0.685937 0.037500 0.685937 0.039062 0.684375 0.037500 0.682813 0.037500 0.681250
0 0.020313 0.665625 0.020313 0.670312 0.021875 0.668750 0.021875 0.667188
0 0.028125 0.657813 0.025000 0.660937 0.023438 0.660937 0.023438 0.662500 0.025000 0.662500 0.028125 0.665625 0.026562 0.667188 0.026562 0.668750 0.028125 0.670312 0.028125 0.675000 0.026562 0.676562 0.025000 0.676562 0.026562 0.678125 0.026562 0.679688 0.028125 0.681250 0.028125 0.682813 0.026562 0.684375 0.028125 0.685937 0.029687 0.684375 0.029687 0.679688 0.031250 0.678125 0.031250 0.676562 0.028125 0.673438 0.028125 0.671875 0.031250 0.668750 0.029687 0.667188 0.029687 0.664062 0.032813 0.660937 0.031250 0.659375 0.029687 0.659375
0 0.035937 0.650000 0.035937 0.651563 0.034375 0.653125 0.034375 0.654687 0.035937 0.656250 0.037500 0.654687 0.037500 0.651563
0 0.028125 0.643750 0.028125 0.651563 0.028125 0.648438 0.029687 0.646875 0.029687 0.645312
0 0.012500 0.640625 0.012500 0.642188 0.010937 0.643750 0.009375 0.643750 0.007812 0.645312 0.007812 0.646875 0.009375 0.646875 0.012500 0.650000 0.009375 0.653125 0.012500 0.656250 0.012500 0.657813 0.010937 0.659375 0.009375 0.659375 0.007812 0.660937 0.007812 0.662500 0.010937 0.665625 0.010937 0.670312 0.012500 0.671875 0.007812 0.676562 0.012500 0.681250 0.009375 0.684375 0.012500 0.687500 0.012500 0.689063 0.009375 0.692187 0.009375 0.693750 0.010937 0.693750 0.012500 0.695312 0.012500 0.698438 0.010937 0.700000 0.012500 0.701562 0.012500 0.695312 0.015625 0.692187 0.012500 0.689063 0.012500 0.685937 0.014063 0.684375 0.014063 0.682813 0.012500 0.681250 0.014063 0.679688 0.014063 0.678125 0.015625 0.676562 0.014063 0.675000 0.014063 0.667188 0.012500 0.665625 0.017188 0.660937 0.012500 0.656250 0.012500 0.648438 0.015625 0.645312 0.014063 0.643750 0.014063 0.642188
0 0.007812 0.637500 0.009375 0.639062 0.009375 0.637500
0 0.028125 0.632812 0.028125 0.634375 0.025000 0.637500 0.023438 0.637500 0.020313 0.634375 0.020313 0.639062 0.021875 0.637500 0.028125 0.637500
0 0.031250 0.629687 0.032813 0.631250 0.034375 0.629687
0 0.176563 0.543750 0.176563 0.545312 0.179688 0.545312 0.181250 0.543750 0.182812 0.543750
0 0.192188 0.542188 0.192188 0.545312 0.193750 0.543750 0.193750 0.542188
0 0.212500 0.535937 0.212500 0.537500 0.215625 0.540625 0.212500 0.543750 0.209375 0.540625 0.207813 0.540625 0.207813 0.542188 0.206250 0.543750 0.207813 0.545312 0.209375 0.545312 0.210938 0.543750 0.217188 0.543750 0.217188 0.539062 0.218750 0.537500 0.218750 0.535937
0 0.212500 0.520312 0.212500 0.523438 0.210938 0.525000 0.207813 0.525000 0.206250 0.526563 0.206250 0.528125 0.207813 0.529687 0.210938 0.529687 0.212500 0.528125 0.215625 0.528125 0.215625 0.523438 0.217188 0.521875 0.218750 0.521875 0.218750 0.520312
0 0.106250 0.481250 0.106250 0.482812 0.107813 0.482812 0.107813 0.481250
0 0.106250 0.462500 0.104688 0.464062 0.100000 0.464062 0.098437 0.465625 0.095312 0.465625 0.115625 0.465625 0.115625 0.464062 0.114062 0.462500 0.114062 0.464062 0.112500 0.465625 0.107813 0.465625 0.106250 0.464062
0 0.176563 0.448437 0.176563 0.451562 0.178125 0.450000
0 0.325000 0.446875 0.323437 0.448437 0.321875 0.448437 0.321875 0.451562 0.325000 0.448437
0 0.567187 0.298438 0.564063 0.301563 0.556250 0.301563 0.551562 0.306250 0.551562 0.307812 0.550000 0.309375 0.548438 0.309375 0.546875 0.310937 0.545312 0.310937 0.542188 0.314063 0.540625 0.314063 0.539062 0.315625 0.537500 0.315625 0.531250 0.321875 0.525000 0.321875 0.517188 0.329688 0.512500 0.329688 0.510938 0.331250 0.509375 0.331250 0.507812 0.332813 0.506250 0.332813 0.504687 0.334375 0.504687 0.335938 0.501563 0.339062 0.501563 0.340625 0.500000 0.342187 0.498437 0.342187 0.496875 0.343750 0.492188 0.343750 0.490625 0.345313 0.489063 0.345313 0.489063 0.346875 0.485938 0.350000 0.482812 0.350000 0.481250 0.351562 0.479687 0.351562 0.478125 0.353125 0.476562 0.353125 0.475000 0.354687 0.475000 0.356250 0.473438 0.357812 0.473438 0.359375 0.470313 0.362500 0.464062 0.362500 0.462500 0.364063 0.460938 0.364063 0.456250 0.368750 0.456250 0.370312 0.454688 0.371875 0.453125 0.371875 0.451562 0.373437 0.450000 0.373437 0.448437 0.371875 0.446875 0.371875 0.446875 0.373437 0.448437 0.375000 0.448437 0.376563 0.443750 0.381250 0.442188 0.381250 0.440625 0.382812 0.429688 0.382812 0.428125 0.384375 0.428125 0.385937 0.426563 0.387500 0.426563 0.392188 0.423438 0.395313 0.421875 0.395313 0.420312 0.393750 0.418750 0.393750 0.417187 0.395313 0.414062 0.395313 0.409375 0.400000 0.409375 0.404687 0.410938 0.406250 0.410938 0.407813 0.407813 0.410938 0.406250 0.410938 0.403125 0.407813 0.403125 0.403125 0.401562 0.401562 0.400000 0.401562 0.398438 0.403125 0.398438 0.404687 0.400000 0.404687 0.401562 0.406250 0.401562 0.407813 0.400000 0.409375 0.395313 0.409375 0.392188 0.412500 0.385937 0.412500 0.384375 0.410938 0.379688 0.415625 0.379688 0.423438 0.376563 0.426563 0.371875 0.421875 0.368750 0.425000 0.367188 0.425000 0.364063 0.428125 0.360938 0.428125 0.359375 0.429688 0.357812 0.428125 0.356250 0.429688 0.351562 0.429688 0.350000 0.431250 0.348438 0.431250 0.348438 0.435937 0.354687 0.435937 0.356250 0.437500 0.356250 0.439063 0.354687 0.440625 0.350000 0.440625 0.348438 0.442188 0.337500 0.442188 0.334375 0.445312 0.332813 0.445312 0.332813 0.446875 0.331250 0.448437 0.331250 0.450000 0.332813 0.451562 0.332813 0.453125 0.334375 0.453125 0.335938 0.451562 0.339062 0.451562 0.340625 0.453125 0.343750 0.450000 0.345313 0.450000 0.348438 0.453125 0.350000 0.453125 0.351562 0.451562 0.354687 0.451562 0.356250 0.453125 0.359375 0.450000 0.360938 0.450000 0.364063 0.453125 0.365625 0.453125 0.367188 0.451562 0.370312 0.451562 0.371875 0.453125 0.376563 0.448437 0.379688 0.451562 0.385937 0.451562 0.387500 0.453125 0.392188 0.448437 0.395313 0.451562 0.404687 0.451562 0.406250 0.450000 0.407813 0.450000 0.412500 0.454688 0.410938 0.456250 0.409375 0.456250 0.407813 0.457813 0.406250 0.456250 0.395313 0.456250 0.393750 0.457813 0.390625 0.457813 0.389062 0.456250 0.384375 0.456250 0.382812 0.457813 0.381250 0.457813 0.379688 0.459375 0.378125 0.459375 0.378125 0.465625 0.381250 0.468750 0.382812 0.467187 0.384375 0.467187 0.387500 0.470313 0.385937 0.471875 0.382812 0.471875 0.379688 0.475000 0.378125 0.475000 0.376563 0.473438 0.375000 0.473438 0.371875 0.470313 0.371875 0.468750 0.373437 0.467187 0.373437 0.462500 0.375000 0.460938 0.375000 0.457813 0.373437 0.456250 0.368750 0.456250 0.367188 0.457813 0.365625 0.457813 0.364063 0.459375 0.362500 0.459375 0.360938 0.457813 0.359375 0.457813 0.357812 0.456250 0.354687 0.456250 0.353125 0.457813 0.343750 0.457813 0.342187 0.456250 0.332813 0.456250 0.331250 0.457813 0.328125 0.457813 0.326562 0.456250 0.321875 0.456250 0.318750 0.459375 0.317188 0.459375 0.315625 0.460938 0.315625 0.462500 0.314063 0.464062 0.310937 0.464062 0.309375 0.462500 0.304688 0.462500 0.304688 0.464062 0.303125 0.465625 0.303125 0.467187 0.304688 0.467187 0.306250 0.468750 0.307812 0.468750 0.309375 0.470313 0.307812 0.471875 0.303125 0.471875 0.301563 0.473438 0.289062 0.473438 0.285938 0.476562 0.284375 0.476562 0.282813 0.478125 0.282813 0.479687 0.281250 0.481250 0.279687 0.481250 0.276562 0.478125 0.275000 0.478125 0.275000 0.479687 0.273438 0.481250 0.273438 0.482812 0.276562 0.482812 0.278125 0.484375 0.278125 0.485938 0.276562 0.487500 0.270313 0.487500 0.268750 0.489063 0.259375 0.489063 0.256250 0.492188 0.253125 0.492188 0.251563 0.493750 0.250000 0.493750 0.250000 0.496875 0.253125 0.500000 0.253125 0.501563 0.251563 0.503125 0.250000 0.503125 0.245312 0.498437 0.245312 0.496875 0.243750 0.495312 0.242188 0.496875 0.242188 0.498437 0.243750 0.498437 0.245312 0.500000 0.245312 0.501563 0.243750 0.503125 0.240625 0.503125 0.239063 0.504687 0.237500 0.504687 0.232813 0.509375 0.228125 0.509375 0.223438 0.514062 0.229687 0.514062 0.231250 0.515625 0.231250 0.517188 0.229687 0.518750 0.228125 0.518750 0.223438 0.523438 0.221875 0.523438 0.221875 0.528125 0.223438 0.529687 0.225000 0.529687 0.226562 0.531250 0.228125 0.529687 0.232813 0.529687 0.234375 0.528125 0.235937 0.529687 0.235937 0.532813 0.234375 0.534375 0.228125 0.534375 0.223438 0.539062 0.221875 0.539062 0.221875 0.542188 0.220312 0.543750 0.223438 0.546875 0.225000 0.546875 0.226562 0.545312 0.228125 0.545312 0.229687 0.546875 0.229687 0.548438 0.228125 0.550000 0.221875 0.550000 0.220312 0.551562 0.212500 0.551562 0.210938 0.550000 0.207813 0.550000 0.206250 0.551562 0.203125 0.551562 0.201563 0.550000 0.200000 0.550000 0.198437 0.551562 0.196875 0.551562 0.195312 0.553125 0.192188 0.553125 0.192188 0.554688 0.190625 0.556250 0.190625 0.557813 0.189062 0.559375 0.185938 0.556250 0.185938 0.554688 0.187500 0.553125 0.187500 0.551562 0.185938 0.550000 0.176563 0.550000 0.175000 0.551562 0.173437 0.551562 0.171875 0.550000 0.167187 0.550000 0.165625 0.551562 0.164062 0.551562 0.162500 0.553125 0.156250 0.553125 0.154688 0.554688 0.153125 0.554688 0.151562 0.553125 0.150000 0.553125 0.146875 0.556250 0.145313 0.556250 0.145313 0.559375 0.143750 0.560937 0.143750 0.564063 0.142187 0.565625 0.140625 0.565625 0.139063 0.564063 0.137500 0.564063 0.134375 0.567187 0.132812 0.567187 0.131250 0.568750 0.128125 0.568750 0.126562 0.570312 0.125000 0.570312 0.123438 0.568750 0.121875 0.568750 0.120313 0.570312 0.118750 0.570312 0.117188 0.571875 0.115625 0.571875 0.115625 0.573438 0.114062 0.575000 0.114062 0.579688 0.112500 0.581250 0.107813 0.581250 0.106250 0.582812 0.101562 0.582812 0.100000 0.584375 0.098437 0.584375 0.096875 0.585938 0.089063 0.585938 0.087500 0.587500 0.085938 0.587500 0.082812 0.590625 0.082812 0.595313 0.081250 0.596875 0.079687 0.596875 0.078125 0.598437 0.076563 0.598437 0.075000 0.600000 0.073438 0.600000 0.071875 0.598437 0.068750 0.601562 0.067187 0.601562 0.065625 0.603125 0.064062 0.603125 0.064062 0.604688 0.062500 0.606250 0.065625 0.609375 0.065625 0.610938 0.064062 0.612500 0.062500 0.612500 0.060937 0.610938 0.059375 0.610938 0.056250 0.614062 0.053125 0.614062 0.051562 0.615625 0.048438 0.615625 0.046875 0.617188 0.039062 0.617188 0.037500 0.618750 0.035937 0.618750 0.034375 0.620313 0.034375 0.623437 0.035937 0.625000 0.035937 0.626563 0.039062 0.623437 0.042188 0.623437 0.043750 0.625000 0.043750 0.626563 0.040625 0.629687 0.039062 0.629687 0.039062 0.631250 0.037500 0.632812 0.035937 0.632812 0.035937 0.635938 0.034375 0.637500 0.035937 0.639062 0.037500 0.639062 0.039062 0.637500 0.037500 0.635938 0.037500 0.632812 0.039062 0.631250 0.040625 0.631250 0.043750 0.634375 0.042188 0.635938 0.042188 0.637500 0.043750 0.639062 0.048438 0.639062 0.050000 0.640625 0.050000 0.643750 0.048438 0.645312 0.046875 0.643750 0.043750 0.643750 0.042188 0.645312 0.043750 0.646875 0.043750 0.654687 0.046875 0.654687 0.048438 0.656250 0.048438 0.657813 0.046875 0.659375 0.040625 0.659375 0.035937 0.664062 0.035937 0.667188 0.034375 0.668750 0.034375 0.670312 0.037500 0.670312 0.039062 0.668750 0.040625 0.668750 0.043750 0.671875 0.043750 0.673438 0.040625 0.676562 0.040625 0.678125 0.042188 0.679688 0.042188 0.685937 0.043750 0.687500 0.043750 0.690625 0.042188 0.692187 0.040625 0.692187 0.040625 0.693750 0.042188 0.695312 0.042188 0.700000 0.043750 0.701562 0.048438 0.701562 0.051562 0.704688 0.048438 0.707812 0.046875 0.707812 0.045312 0.706250 0.043750 0.706250 0.042188 0.707812 0.042188 0.709375 0.043750 0.710938 0.043750 0.712500 0.042188 0.714063 0.042188 0.717187 0.043750 0.718750 0.043750 0.720313 0.040625 0.723437 0.042188 0.725000 0.042188 0.726562 0.043750 0.728125 0.043750 0.737500 0.042188 0.739062 0.040625 0.739062 0.040625 0.740625 0.042188 0.742188 0.042188 0.745313 0.040625 0.746875 0.039062 0.746875 0.037500 0.745313 0.035937 0.745313 0.034375 0.746875 0.034375 0.748437 0.035937 0.750000 0.039062 0.746875 0.040625 0.746875 0.043750 0.750000 0.045312 0.748437 0.046875 0.748437 0.048438 0.746875 0.051562 0.750000 0.051562 0.753125 0.050000 0.754687 0.046875 0.754687 0.045312 0.753125 0.043750 0.753125 0.043750 0.757812 0.045312 0.757812 0.046875 0.756250 0.048438 0.756250 0.050000 0.757812 0.050000 0.764062 0.051562 0.765625 0.051562 0.768750 0.050000 0.770312 0.043750 0.770312 0.042188 0.771875 0.043750 0.773438 0.042188 0.775000 0.042188 0.776563 0.040625 0.778125 0.039062 0.778125 0.035937 0.775000 0.035937 0.776563 0.034375 0.778125 0.034375 0.779687 0.035937 0.781250 0.035937 0.782813 0.034375 0.784375 0.031250 0.784375 0.028125 0.781250 0.028125 0.782813 0.025000 0.785937 0.023438 0.785937 0.023438 0.787500 0.020313 0.790625 0.020313 0.800000 0.021875 0.798438 0.021875 0.792188 0.025000 0.789062 0.026562 0.790625 0.026562 0.795312 0.028125 0.796875 0.028125 0.798438 0.026562 0.800000 0.026562 0.806250 0.028125 0.807813 0.028125 0.814063 0.025000 0.817187 0.023438 0.817187 0.021875 0.815625 0.021875 0.812500 0.020313 0.810937 0.017188 0.814063 0.015625 0.814063 0.012500 0.810937 0.012500 0.806250 0.015625 0.803125 0.015625 0.801562 0.012500 0.798438 0.009375 0.801562 0.009375 0.803125 0.012500 0.806250 0.012500 0.814063 0.009375 0.817187 0.009375 0.818750 0.010937 0.820312 0.014063 0.820312 0.015625 0.818750 0.018750 0.818750 0.020313 0.820312 0.023438 0.817187 0.025000 0.817187 0.028125 0.820312 0.028125 0.821875 0.029687 0.823438 0.029687 0.831250 0.028125 0.832812 0.026562 0.832812 0.026562 0.842187 0.028125 0.843750 0.028125 0.845313 0.025000 0.848437 0.021875 0.848437 0.020313 0.850000 0.018750 0.850000 0.018750 0.853125 0.017188 0.854688 0.014063 0.854688 0.012500 0.853125 0.015625 0.850000 0.015625 0.848437 0.012500 0.845313 0.009375 0.848437 0.009375 0.850000 0.010937 0.850000 0.012500 0.851562 0.012500 0.859375 0.010937 0.860938 0.010937 0.862500 0.009375 0.864062 0.009375 0.865625 0.012500 0.868750 0.012500 0.875000 0.009375 0.878125 0.007812 0.878125 0.006250 0.876563 0.006250 0.875000 0.004687 0.875000 0.004687 0.878125 0.006250 0.878125 0.009375 0.881250 0.010937 0.881250 0.012500 0.882812 0.012500 0.885938 0.010937 0.887500 0.010937 0.892188 0.007812 0.895312 0.006250 0.893750 0.006250 0.892188 0.004687 0.892188 0.007812 0.895312 0.007812 0.896875 0.009375 0.896875 0.012500 0.900000 0.012500 0.903125 0.010937 0.904687 0.010937 0.907813 0.009375 0.909375 0.007812 0.909375 0.006250 0.907813 0.006250 0.906250 0.004687 0.906250 0.004687 0.909375 0.006250 0.910937 0.007812 0.910937 0.012500 0.915625 0.012500 0.921875 0.010937 0.923438 0.010937 0.925000 0.009375 0.926562 0.012500 0.929688 0.014063 0.929688 0.015625 0.928125 0.017188 0.928125 0.018750 0.929688 0.018750 0.932813 0.017188 0.934375 0.017188 0.935937 0.015625 0.937500 0.014063 0.937500 0.009375 0.942187 0.009375 0.943750 0.010937 0.943750 0.017188 0.950000 0.017188 0.951562 0.018750 0.953125 0.018750 0.954688 0.017188 0.956250 0.015625 0.956250 0.014063 0.954688 0.012500 0.954688 0.010937 0.956250 0.010937 0.959375 0.012500 0.960938 0.014063 0.959375 0.017188 0.959375 0.018750 0.960938 0.018750 0.964063 0.017188 0.965625 0.017188 0.967187 0.018750 0.968750 0.018750 0.970313 0.017188 0.971875 0.015625 0.971875 0.014063 0.970313 0.014063 0.968750 0.012500 0.968750 0.012500 0.970313 0.009375 0.973437 0.009375 0.975000 0.012500 0.978125 0.012500 0.985938 0.010937 0.987500 0.009375 0.987500 0.007812 0.989062 0.009375 0.990625 0.010937 0.990625 0.012500 0.992188 0.015625 0.989062 0.012500 0.985938 0.012500 0.984375 0.015625 0.981250 0.017188 0.981250 0.020313 0.984375 0.020313 0.987500 0.018750 0.989062 0.018750 0.990625 0.020313 0.992188 0.020313 0.995313 0.023438 0.992188 0.029687 0.992188 0.029687 0.990625 0.031250 0.989062 0.028125 0.985938 0.028125 0.984375 0.031250 0.981250 0.032813 0.981250 0.035937 0.984375 0.035937 0.995313 0.037500 0.995313 0.040625 0.992188 0.045312 0.992188 0.046875 0.990625 0.046875 0.989062 0.043750 0.985938 0.043750 0.982812 0.045312 0.981250 0.043750 0.979688 0.043750 0.978125 0.046875 0.975000 0.048438 0.975000 0.050000 0.976562 0.050000 0.982812 0.051562 0.984375 0.051562 0.987500 0.050000 0.989062 0.050000 0.990625 0.051562 0.992188 0.051562 0.993750 0.054688 0.993750 0.056250 0.992188 0.057813 0.992188 0.059375 0.993750 0.062500 0.990625 0.062500 0.989062 0.059375 0.985938 0.059375 0.984375 0.062500 0.981250 0.064062 0.981250 0.067187 0.984375 0.067187 0.987500 0.065625 0.989062 0.065625 0.993750 0.067187 0.995313 0.068750 0.995313 0.070312 0.993750 0.076563 0.993750 0.076563 0.992188 0.078125 0.990625 0.079687 0.990625 0.081250 0.992188 0.081250 0.993750 0.082812 0.995313 0.084375 0.995313 0.085938 0.993750 0.092188 0.993750 0.093750 0.992188 0.095312 0.992188 0.096875 0.993750 0.096875 0.995313 0.098437 0.996875 0.098437 0.998437 0.103125 0.993750 0.104688 0.993750 0.106250 0.995313 0.107813 0.995313 0.109375 0.993750 0.110937 0.993750 0.114062 0.996875 0.115625 0.996875 0.117188 0.995313 0.118750 0.995313 0.120313 0.993750 0.126562 0.993750 0.128125 0.995313 0.132812 0.995313 0.134375 0.993750 0.142187 0.993750 0.143750 0.995313 0.148438 0.995313 0.150000 0.993750 0.153125 0.993750 0.154688 0.995313 0.159375 0.995313 0.160938 0.996875 0.162500 0.995313 0.168750 0.995313 0.170313 0.996875 0.173437 0.996875 0.175000 0.998437 0.178125 0.998437 0.181250 0.995313 0.185938 0.995313 0.189062 0.998437 0.195312 0.998437 0.196875 0.996875 0.198437 0.996875 0.200000 0.998437 0.210938 0.998437 0.212500 0.996875 0.214062 0.996875 0.215625 0.998437 0.225000 0.998437 0.228125 0.995313 0.229687 0.996875 0.232813 0.996875 0.234375 0.998437 0.240625 0.998437 0.240625 0.996875 0.242188 0.995313 0.253125 0.995313 0.254688 0.996875 0.256250 0.996875 0.257812 0.995313 0.264062 0.995313 0.265625 0.996875 0.267188 0.996875 0.268750 0.998437 0.271875 0.998437 0.275000 0.995313 0.276562 0.995313 0.278125 0.996875 0.284375 0.996875 0.285938 0.998437 0.287500 0.996875 0.289062 0.996875 0.290625 0.995313 0.293750 0.995313 0.295312 0.996875 0.296875 0.996875 0.298438 0.998437 0.304688 0.998437 0.306250 0.996875 0.314063 0.996875 0.315625 0.998437 0.320312 0.998437 0.321875 0.996875 0.329688 0.996875 0.331250 0.998437 0.334375 0.998437 0.335938 0.996875 0.342187 0.996875 0.343750 0.995313 0.345313 0.995313 0.348438 0.998437 0.350000 0.998437 0.351562 0.996875 0.359375 0.996875 0.360938 0.995313 0.364063 0.998437 0.367188 0.995313 0.370312 0.995313 0.371875 0.996875 0.376563 0.996875 0.378125 0.998437 0.381250 0.998437 0.382812 0.996875 0.387500 0.996875 0.389062 0.995313 0.409375 0.995313 0.410938 0.996875 0.412500 0.996875 0.414062 0.995313 0.420312 0.995313 0.423438 0.998437 0.462500 0.998437 0.464062 0.996875 0.467187 0.996875 0.468750 0.998437 0.475000 0.998437 0.476562 0.996875 0.484375 0.996875 0.485938 0.998437 0.487500 0.998437 0.489063 0.996875 0.495312 0.996875 0.496875 0.998437 0.498437 0.996875 0.500000 0.996875 0.501563 0.995313 0.504687 0.998437 0.531250 0.998437 0.532813 0.996875 0.534375 0.998437 0.592187 0.998437 0.593750 0.996875 0.595313 0.996875 0.596875 0.998437 0.606250 0.998437 0.607812 0.996875 0.609375 0.996875 0.610938 0.995313 0.614062 0.998437 0.620313 0.998437 0.621875 0.996875 0.623437 0.996875 0.625000 0.995313 0.626563 0.995313 0.629687 0.998437 0.634375 0.998437 0.635938 0.996875 0.642188 0.996875 0.643750 0.998437 0.653125 0.998437 0.656250 0.995313 0.659375 0.995313 0.660937 0.996875 0.665625 0.996875 0.667188 0.995313 0.692187 0.995313 0.693750 0.996875 0.696875 0.996875 0.698438 0.995313 0.717187 0.995313 0.718750 0.993750 0.720313 0.993750 0.721875 0.995313 0.731250 0.995313 0.732812 0.993750 0.756250 0.993750 0.757812 0.995313 0.759375 0.995313 0.760938 0.993750 0.770312 0.993750 0.771875 0.995313 0.776563 0.995313 0.778125 0.993750 0.784375 0.993750 0.785937 0.995313 0.793750 0.995313 0.795312 0.993750 0.796875 0.993750 0.798438 0.995313 0.831250 0.995313 0.832812 0.996875 0.840625 0.996875 0.842187 0.995313 0.846875 0.995313 0.848437 0.996875 0.851562 0.996875 0.853125 0.995313 0.856250 0.995313 0.857812 0.996875 0.860938 0.996875 0.862500 0.998437 0.868750 0.998437 0.870313 0.996875 0.875000 0.996875 0.876563 0.998437 0.879687 0.998437 0.881250 0.996875 0.885938 0.996875 0.887500 0.998437 0.928125 0.998437 0.929688 0.996875 0.931250 0.996875 0.934375 0.993750 0.934375 0.992188 0.932813 0.990625 0.932813 0.989062 0.931250 0.987500 0.931250 0.985938 0.929688 0.984375 0.929688 0.982812 0.928125 0.981250 0.928125 0.975000 0.923438 0.970313 0.923438 0.968750 0.920312 0.965625 0.920312 0.960938 0.918750 0.959375 0.918750 0.957812 0.912500 0.951562 0.912500 0.945312 0.907813 0.940625 0.907813 0.939063 0.906250 0.937500 0.906250 0.935937 0.904687 0.934375 0.904687 0.929688 0.903125 0.928125 0.903125 0.926562 0.900000 0.923438 0.900000 0.921875 0.898438 0.920312 0.898438 0.915625 0.896875 0.914062 0.896875 0.912500 0.895312 0.910937 0.895312 0.909375 0.892188 0.906250 0.892188 0.903125 0.890625 0.901563 0.890625 0.900000 0.889062 0.898438 0.889062 0.896875 0.887500 0.895312 0.887500 0.893750 0.884375 0.890625 0.884375 0.889062 0.882812 0.887500 0.882812 0.884375 0.881250 0.882812 0.881250 0.878125 0.878125 0.875000 0.878125 0.873437 0.876563 0.871875 0.876563 0.870313 0.873437 0.867188 0.873437 0.865625 0.870313 0.862500 0.868750 0.862500 0.867188 0.860938 0.867188 0.856250 0.865625 0.854688 0.865625 0.850000 0.864062 0.848437 0.862500 0.848437 0.860938 0.846875 0.857812 0.846875 0.856250 0.845313 0.856250 0.843750 0.857812 0.842187 0.860938 0.842187 0.860938 0.839063 0.859375 0.839063 0.857812 0.837500 0.857812 0.835938 0.856250 0.834375 0.856250 0.832812 0.854688 0.832812 0.850000 0.828125 0.851562 0.826562 0.850000 0.825000 0.850000 0.820312 0.846875 0.817187 0.843750 0.817187 0.840625 0.814063 0.840625 0.812500 0.842187 0.810937 0.843750 0.810937 0.843750 0.809375 0.840625 0.806250 0.840625 0.803125 0.837500 0.800000 0.835938 0.800000 0.834375 0.798438 0.834375 0.790625 0.829688 0.785937 0.828125 0.785937 0.826562 0.784375 0.825000 0.784375 0.823438 0.782813 0.823438 0.781250 0.826562 0.778125 0.825000 0.776563 0.825000 0.773438 0.823438 0.771875 0.823438 0.770312 0.821875 0.768750 0.820312 0.768750 0.818750 0.767188 0.818750 0.759375 0.814063 0.754687 0.812500 0.754687 0.809375 0.751563 0.809375 0.750000 0.812500 0.746875 0.810937 0.745313 0.810937 0.743750 0.809375 0.742188 0.809375 0.740625 0.807813 0.739062 0.807813 0.737500 0.806250 0.737500 0.804688 0.735938 0.804688 0.731250 0.803125 0.729688 0.803125 0.726562 0.800000 0.723437 0.798438 0.723437 0.795312 0.720313 0.795312 0.718750 0.798438 0.715625 0.796875 0.715625 0.795312 0.714063 0.795312 0.712500 0.793750 0.710938 0.793750 0.707812 0.789062 0.703125 0.789062 0.698438 0.787500 0.696875 0.787500 0.692187 0.782813 0.692187 0.779687 0.689063 0.779687 0.687500 0.781250 0.685937 0.781250 0.684375 0.778125 0.681250 0.778125 0.679688 0.776563 0.678125 0.776563 0.676562 0.775000 0.675000 0.775000 0.673438 0.773438 0.671875 0.773438 0.668750 0.771875 0.667188 0.771875 0.665625 0.768750 0.662500 0.767188 0.662500 0.764062 0.659375 0.762500 0.659375 0.760938 0.657813 0.765625 0.653125 0.764062 0.651563 0.764062 0.650000 0.762500 0.648438 0.762500 0.645312 0.760938 0.643750 0.759375 0.643750 0.757812 0.642188 0.757812 0.637500 0.756250 0.635938 0.756250 0.629687 0.754687 0.628125 0.751563 0.628125 0.750000 0.626563 0.751563 0.625000 0.751563 0.620313 0.748437 0.617188 0.748437 0.614062 0.743750 0.609375 0.743750 0.606250 0.742188 0.604688 0.742188 0.600000 0.739062 0.596875 0.734375 0.596875 0.732812 0.595313 0.732812 0.593750 0.734375 0.592187 0.735938 0.592187 0.735938 0.590625 0.731250 0.585938 0.731250 0.582812 0.729688 0.582812 0.726562 0.579688 0.726562 0.573438 0.725000 0.571875 0.725000 0.568750 0.723437 0.567187 0.718750 0.567187 0.717187 0.565625 0.715625 0.565625 0.714063 0.564063 0.714063 0.562500 0.715625 0.560937 0.720313 0.560937 0.720313 0.557813 0.718750 0.557813 0.715625 0.554688 0.715625 0.551562 0.712500 0.548438 0.712500 0.543750 0.710938 0.542188 0.710938 0.537500 0.709375 0.535937 0.707812 0.535937 0.706250 0.534375 0.701562 0.534375 0.700000 0.532813 0.703125 0.529687 0.704688 0.529687 0.706250 0.528125 0.704688 0.526563 0.703125 0.526563 0.700000 0.523438 0.700000 0.518750 0.698438 0.517188 0.698438 0.510938 0.696875 0.509375 0.696875 0.504687 0.695312 0.504687 0.692187 0.501563 0.692187 0.496875 0.690625 0.495312 0.690625 0.493750 0.684375 0.487500 0.684375 0.481250 0.682813 0.479687 0.682813 0.478125 0.681250 0.476562 0.681250 0.473438 0.679688 0.471875 0.678125 0.471875 0.676562 0.470313 0.676562 0.465625 0.673438 0.462500 0.673438 0.460938 0.668750 0.456250 0.668750 0.454688 0.667188 0.453125 0.668750 0.451562 0.668750 0.448437 0.667188 0.446875 0.667188 0.445312 0.665625 0.443750 0.665625 0.442188 0.662500 0.439063 0.662500 0.432812 0.657813 0.428125 0.657813 0.426563 0.656250 0.426563 0.653125 0.423438 0.653125 0.418750 0.651563 0.417187 0.651563 0.410938 0.646875 0.406250 0.646875 0.400000 0.639062 0.392188 0.639062 0.385937 0.637500 0.384375 0.637500 0.379688 0.634375 0.376563 0.634375 0.375000 0.632812 0.373437 0.632812 0.371875 0.631250 0.370312 0.631250 0.368750 0.629687 0.367188 0.629687 0.365625 0.628125 0.365625 0.626563 0.364063 0.626563 0.362500 0.625000 0.360938 0.625000 0.356250 0.623437 0.354687 0.623437 0.348438 0.620313 0.345313 0.620313 0.340625 0.618750 0.340625 0.617188 0.339062 0.617188 0.337500 0.615625 0.335938 0.617188 0.334375 0.617188 0.332813 0.615625 0.331250 0.615625 0.329688 0.614062 0.328125 0.614062 0.326562 0.612500 0.325000 0.610938 0.325000 0.607812 0.321875 0.607812 0.315625 0.606250 0.314063 0.606250 0.312500 0.604688 0.310937 0.604688 0.309375 0.603125 0.309375 0.600000 0.306250 0.600000 0.300000 0.598437 0.298438 0.595313 0.301563 0.592187 0.298438 0.581250 0.298438 0.579688 0.300000 0.576562 0.300000 0.575000 0.298438