0 0.203125 0.642188 0.206250 0.645312 0.207813 0.645312 0.207813 0.642188
0 0.281250 0.601562 0.279687 0.603125 0.278125 0.603125 0.278125 0.606250 0.279687 0.604688 0.284375 0.604688 0.285938 0.603125 0.290625 0.603125 0.290625 0.601562
0 0.098437 0.598437 0.096875 0.600000 0.096875 0.601562 0.098437 0.603125 0.100000 0.603125 0.100000 0.600000
0 0.090625 0.598437 0.090625 0.600000 0.092188 0.600000 0.092188 0.598437
0 0.057813 0.598437 0.059375 0.600000 0.060937 0.598437
0 0.051562 0.598437 0.051562 0.600000 0.053125 0.600000 0.053125 0.598437
0 0.142187 0.593750 0.140625 0.595313 0.139063 0.595313 0.137500 0.596875 0.134375 0.596875 0.129688 0.601562 0.125000 0.601562 0.123438 0.600000 0.121875 0.600000 0.120313 0.601562 0.118750 0.601562 0.112500 0.607812 0.109375 0.607812 0.106250 0.604688 0.106250 0.600000 0.106250 0.607812 0.104688 0.609375 0.095312 0.609375 0.093750 0.610938 0.085938 0.610938 0.084375 0.609375 0.084375 0.607812 0.082812 0.606250 0.082812 0.598437 0.082812 0.607812 0.078125 0.612500 0.070312 0.612500 0.067187 0.609375 0.067187 0.601562 0.068750 0.600000 0.067187 0.598437 0.067187 0.609375 0.064062 0.612500 0.053125 0.612500 0.051562 0.610938 0.050000 0.612500 0.045312 0.612500 0.043750 0.614062 0.039062 0.614062 0.037500 0.612500 0.034375 0.612500 0.032813 0.614062 0.021875 0.614062 0.020313 0.612500 0.018750 0.614062 0.010937 0.614062 0.009375 0.615625 0.007812 0.614062 0.003125 0.614062 0.001563 0.615625 0.000000 0.615625 0.000000 0.759375 0.003125 0.759375 0.004687 0.760938 0.009375 0.756250 0.012500 0.756250 0.014063 0.754687 0.015625 0.754687 0.017188 0.753125 0.020313 0.753125 0.025000 0.748437 0.026562 0.748437 0.028125 0.746875 0.029687 0.746875 0.031250 0.745313 0.032813 0.745313 0.035937 0.742188 0.037500 0.742188 0.042188 0.737500 0.043750 0.737500 0.045312 0.735938 0.046875 0.735938 0.065625 0.717187 0.065625 0.715625 0.070312 0.710938 0.071875 0.710938 0.092188 0.690625 0.093750 0.690625 0.095312 0.689063 0.103125 0.689063 0.104688 0.687500 0.110937 0.687500 0.112500 0.685937 0.114062 0.685937 0.117188 0.682813 0.118750 0.682813 0.120313 0.681250 0.125000 0.681250 0.126562 0.679688 0.128125 0.679688 0.131250 0.676562 0.131250 0.675000 0.134375 0.671875 0.142187 0.671875 0.146875 0.667188 0.148438 0.667188 0.150000 0.665625 0.151562 0.665625 0.153125 0.664062 0.157812 0.664062 0.157812 0.662500 0.160938 0.659375 0.162500 0.659375 0.165625 0.656250 0.167187 0.656250 0.168750 0.654687 0.171875 0.654687 0.175000 0.651563 0.176563 0.651563 0.179688 0.648438 0.181250 0.648438 0.184375 0.645312 0.185938 0.645312 0.189062 0.642188 0.193750 0.642188 0.195312 0.640625 0.195312 0.639062 0.200000 0.634375 0.203125 0.634375 0.212500 0.625000 0.217188 0.625000 0.218750 0.626563 0.223438 0.626563 0.223438 0.621875 0.225000 0.620313 0.225000 0.618750 0.229687 0.614062 0.242188 0.614062 0.243750 0.612500 0.257812 0.612500 0.259375 0.610938 0.265625 0.610938 0.265625 0.609375 0.262500 0.606250 0.259375 0.609375 0.251563 0.609375 0.250000 0.607812 0.248438 0.607812 0.246875 0.606250 0.245312 0.607812 0.240625 0.607812 0.239063 0.606250 0.237500 0.607812 0.234375 0.607812 0.232813 0.606250 0.232813 0.604688 0.231250 0.604688 0.228125 0.607812 0.225000 0.604688 0.225000 0.603125 0.223438 0.601562 0.221875 0.601562 0.220312 0.603125 0.218750 0.603125 0.217188 0.604688 0.214062 0.604688 0.212500 0.606250 0.209375 0.603125 0.209375 0.600000 0.207813 0.598437 0.203125 0.603125 0.203125 0.606250 0.198437 0.610938 0.196875 0.610938 0.195312 0.609375 0.193750 0.609375 0.192188 0.607812 0.190625 0.609375 0.182812 0.609375 0.181250 0.610938 0.176563 0.606250 0.176563 0.598437 0.175000 0.598437 0.175000 0.600000 0.173437 0.601562 0.173437 0.603125 0.176563 0.606250 0.173437 0.609375 0.171875 0.609375 0.168750 0.606250 0.168750 0.607812 0.167187 0.609375 0.164062 0.609375 0.162500 0.607812 0.162500 0.600000 0.160938 0.598437 0.157812 0.598437 0.157812 0.600000 0.159375 0.601562 0.159375 0.603125 0.160938 0.604688 0.160938 0.606250 0.157812 0.609375 0.151562 0.609375 0.150000 0.610938 0.146875 0.607812 0.146875 0.604688 0.148438 0.603125 0.148438 0.601562 0.151562 0.598437 0.150000 0.596875 0.150000 0.595313 0.146875 0.595313 0.145313 0.593750
0 0.579688 0.579688 0.579688 0.581250 0.581250 0.579688
0 0.390625 0.564063 0.390625 0.565625 0.389062 0.567187 0.390625 0.568750 0.390625 0.570312 0.392188 0.571875 0.395313 0.571875 0.396875 0.570312 0.400000 0.570312 0.403125 0.567187 0.410938 0.575000 0.410938 0.571875 0.412500 0.570312 0.414062 0.570312 0.417187 0.567187 0.415625 0.565625 0.415625 0.564063 0.406250 0.564063 0.403125 0.567187 0.400000 0.564063
0 0.328125 0.564063 0.328125 0.568750 0.329688 0.570312 0.329688 0.571875 0.331250 0.571875 0.334375 0.568750 0.335938 0.568750 0.337500 0.567187 0.337500 0.564063
0 0.282813 0.564063 0.282813 0.565625 0.290625 0.565625 0.290625 0.564063
0 0.376563 0.562500 0.375000 0.564063 0.375000 0.565625 0.373437 0.567187 0.375000 0.568750 0.375000 0.570312 0.376563 0.571875 0.379688 0.571875 0.381250 0.570312 0.382812 0.570312 0.385937 0.567187 0.385937 0.565625 0.384375 0.564063 0.381250 0.564063 0.379688 0.562500
0 0.360938 0.562500 0.359375 0.564063 0.359375 0.565625 0.357812 0.567187 0.360938 0.570312 0.365625 0.570312 0.367188 0.568750 0.368750 0.568750 0.370312 0.567187 0.370312 0.565625 0.368750 0.564063 0.362500 0.564063
0 0.345313 0.562500 0.343750 0.564063 0.343750 0.570312 0.348438 0.575000 0.350000 0.573438 0.350000 0.571875 0.354687 0.567187 0.354687 0.565625 0.353125 0.564063 0.348438 0.564063 0.346875 0.562500
0 0.314063 0.562500 0.312500 0.564063 0.312500 0.567187 0.314063 0.568750 0.314063 0.570312 0.317188 0.570312 0.321875 0.565625 0.321875 0.564063 0.315625 0.564063
0 0.304688 0.562500 0.301563 0.565625 0.300000 0.564063 0.296875 0.564063 0.296875 0.567187 0.298438 0.568750 0.306250 0.568750 0.307812 0.567187 0.307812 0.564063 0.306250 0.562500
0 0.235937 0.556250 0.235937 0.557813 0.234375 0.559375 0.234375 0.560937 0.235937 0.562500 0.235937 0.564063 0.239063 0.560937 0.239063 0.559375
0 0.206250 0.556250 0.206250 0.557813 0.207813 0.559375 0.207813 0.560937 0.206250 0.562500 0.206250 0.564063 0.204687 0.565625 0.204687 0.567187 0.206250 0.568750 0.209375 0.568750 0.210938 0.567187 0.209375 0.565625 0.209375 0.562500 0.207813 0.560937 0.207813 0.559375 0.209375 0.557813 0.209375 0.556250
0 0.185938 0.556250 0.189062 0.556250 0.190625 0.557813 0.192188 0.557813 0.193750 0.556250
0 0.175000 0.556250 0.176563 0.557813 0.176563 0.556250
0 0.243750 0.550000 0.242188 0.551562 0.243750 0.551562
0 0.681250 0.548438 0.679688 0.550000 0.678125 0.550000 0.673438 0.554688 0.673438 0.556250 0.670312 0.559375 0.668750 0.559375 0.668750 0.560937 0.670312 0.560937 0.671875 0.562500 0.678125 0.562500 0.679688 0.564063 0.692187 0.564063 0.692187 0.560937 0.689063 0.560937 0.687500 0.559375 0.687500 0.556250 0.685937 0.557813 0.684375 0.557813 0.682813 0.559375 0.682813 0.560937 0.681250 0.562500 0.679688 0.562500 0.678125 0.560937 0.678125 0.557813 0.676562 0.556250 0.676562 0.554688 0.678125 0.553125 0.679688 0.553125 0.681250 0.551562 0.682813 0.551562 0.684375 0.553125 0.684375 0.551562 0.682813 0.551562 0.681250 0.550000
0 0.257812 0.548438 0.257812 0.550000 0.259375 0.548438
0 0.985938 0.543750 0.985938 0.548438 0.984375 0.550000 0.984375 0.551562 0.985938 0.553125 0.985938 0.557813 0.984375 0.559375 0.984375 0.560937 0.985938 0.562500 0.985938 0.560937 0.987500 0.559375 0.987500 0.557813 0.985938 0.556250
0 0.626563 0.535937 0.626563 0.537500 0.625000 0.539062 0.625000 0.540625 0.626563 0.542188 0.628125 0.540625 0.628125 0.537500
0 0.671875 0.531250 0.670312 0.532813 0.670312 0.534375 0.668750 0.535937 0.671875 0.539062 0.671875 0.540625 0.668750 0.543750 0.667188 0.543750 0.670312 0.543750 0.671875 0.545312 0.678125 0.545312 0.678125 0.540625 0.676562 0.539062 0.676562 0.534375 0.675000 0.532813 0.675000 0.531250
0 0.657813 0.531250 0.656250 0.532813 0.656250 0.539062 0.660937 0.543750 0.662500 0.543750 0.665625 0.540625 0.665625 0.539062 0.664062 0.537500 0.664062 0.535937 0.665625 0.534375 0.665625 0.532813 0.660937 0.532813 0.659375 0.531250
0 0.767188 0.523438 0.767188 0.532813 0.768750 0.531250 0.767188 0.529687 0.768750 0.528125 0.768750 0.523438
0 0.767188 0.514062 0.765625 0.515625 0.760938 0.515625 0.759375 0.517188 0.756250 0.517188 0.757812 0.518750 0.765625 0.518750 0.767188 0.520312 0.773438 0.520312 0.775000 0.518750 0.775000 0.515625 0.771875 0.515625 0.770312 0.514062
0 0.704688 0.498437 0.704688 0.500000 0.703125 0.501563 0.703125 0.504687 0.704688 0.506250 0.706250 0.506250 0.707812 0.507812 0.709375 0.506250 0.709375 0.503125
0 0.800000 0.489063 0.798438 0.490625 0.801562 0.490625 0.801562 0.489063
0 0.546875 0.439063 0.546875 0.440625 0.545312 0.442188 0.546875 0.443750 0.546875 0.445312 0.548438 0.446875 0.546875 0.448437 0.546875 0.451562 0.548438 0.453125 0.568750 0.453125 0.570312 0.451562 0.576562 0.451562 0.578125 0.453125 0.581250 0.453125 0.582812 0.451562 0.600000 0.451562 0.601562 0.450000 0.601562 0.448437 0.603125 0.446875 0.601562 0.445312 0.600000 0.445312 0.598437 0.443750 0.596875 0.445312 0.585938 0.445312 0.582812 0.442188 0.579688 0.445312 0.578125 0.443750 0.576562 0.443750 0.575000 0.442188 0.562500 0.442188 0.560937 0.440625 0.554688 0.440625 0.553125 0.439063
0 0.156250 0.426563 0.156250 0.428125 0.160938 0.428125 0.162500 0.426563
0 0.262500 0.418750 0.262500 0.420312 0.264062 0.418750
0 0.165625 0.418750 0.167187 0.420312 0.170313 0.420312 0.171875 0.418750
0 0.078125 0.418750 0.081250 0.418750 0.082812 0.420312 0.084375 0.418750
0 0.145313 0.415625 0.146875 0.417187 0.146875 0.418750 0.150000 0.418750 0.148438 0.418750
0 0.303125 0.410938 0.304688 0.412500 0.317188 0.412500 0.318750 0.410938
0 0.212500 0.410938 0.212500 0.417187 0.210938 0.418750 0.212500 0.418750 0.212500 0.415625 0.215625 0.412500 0.214062 0.410938
0 0.470313 0.396875 0.470313 0.398438 0.468750 0.400000 0.468750 0.401562 0.465625 0.404687 0.462500 0.404687 0.460938 0.403125 0.456250 0.403125 0.454688 0.401562 0.450000 0.401562 0.448437 0.400000 0.445312 0.400000 0.443750 0.401562 0.428125 0.401562 0.426563 0.403125 0.420312 0.403125 0.418750 0.401562 0.415625 0.401562 0.414062 0.403125 0.404687 0.403125 0.403125 0.404687 0.396875 0.404687 0.395313 0.403125 0.390625 0.403125 0.390625 0.406250 0.387500 0.409375 0.379688 0.409375 0.378125 0.410938 0.373437 0.410938 0.371875 0.412500 0.360938 0.412500 0.359375 0.414062 0.350000 0.414062 0.348438 0.415625 0.345313 0.415625 0.343750 0.417187 0.335938 0.417187 0.334375 0.418750 0.329688 0.418750 0.328125 0.420312 0.315625 0.420312 0.314063 0.421875 0.307812 0.421875 0.306250 0.423438 0.303125 0.423438 0.301563 0.425000 0.293750 0.425000 0.292187 0.426563 0.285938 0.426563 0.284375 0.428125 0.275000 0.428125 0.273438 0.429688 0.271875 0.429688 0.270313 0.431250 0.268750 0.431250 0.265625 0.434375 0.265625 0.443750 0.267188 0.445312 0.267188 0.446875 0.265625 0.448437 0.264062 0.448437 0.262500 0.450000 0.260937 0.450000 0.259375 0.451562 0.239063 0.451562 0.237500 0.450000 0.234375 0.450000 0.232813 0.448437 0.229687 0.448437 0.228125 0.446875 0.228125 0.442188 0.229687 0.440625 0.231250 0.440625 0.231250 0.437500 0.226562 0.432812 0.217188 0.432812 0.215625 0.434375 0.214062 0.434375 0.214062 0.437500 0.215625 0.439063 0.214062 0.440625 0.214062 0.442188 0.210938 0.445312 0.210938 0.450000 0.209375 0.451562 0.203125 0.451562 0.201563 0.450000 0.200000 0.450000 0.196875 0.446875 0.196875 0.448437 0.195312 0.450000 0.192188 0.450000 0.190625 0.451562 0.187500 0.451562 0.185938 0.453125 0.179688 0.453125 0.175000 0.448437 0.175000 0.439063 0.173437 0.437500 0.160938 0.437500 0.159375 0.435937 0.157812 0.435937 0.156250 0.437500 0.150000 0.437500 0.148438 0.435937 0.142187 0.435937 0.140625 0.437500 0.079687 0.437500 0.078125 0.439063 0.067187 0.439063 0.065625 0.440625 0.043750 0.440625 0.042188 0.442188 0.020313 0.442188 0.018750 0.443750 0.021875 0.446875 0.025000 0.446875 0.026562 0.448437 0.028125 0.448437 0.029687 0.450000 0.031250 0.448437 0.032813 0.448437 0.034375 0.450000 0.043750 0.450000 0.046875 0.453125 0.046875 0.454688 0.045312 0.456250 0.043750 0.456250 0.040625 0.459375 0.032813 0.459375 0.031250 0.460938 0.026562 0.460938 0.025000 0.462500 0.021875 0.462500 0.020313 0.464062 0.012500 0.464062 0.010937 0.465625 0.003125 0.465625 0.003125 0.467187 0.012500 0.467187 0.014063 0.468750 0.028125 0.468750 0.029687 0.470313 0.028125 0.471875 0.018750 0.471875 0.017188 0.473438 0.015625 0.473438 0.014063 0.471875 0.004687 0.471875 0.003125 0.473438 0.000000 0.473438 0.004687 0.478125 0.003125 0.479687 0.003125 0.481250 0.026562 0.481250 0.028125 0.482812 0.042188 0.482812 0.043750 0.484375 0.046875 0.484375 0.048438 0.485938 0.050000 0.484375 0.054688 0.484375 0.056250 0.485938 0.073438 0.485938 0.075000 0.484375 0.089063 0.484375 0.090625 0.485938 0.092188 0.484375 0.096875 0.484375 0.098437 0.485938 0.109375 0.485938 0.110937 0.484375 0.112500 0.485938 0.131250 0.485938 0.132812 0.487500 0.195312 0.487500 0.196875 0.489063 0.198437 0.487500 0.203125 0.487500 0.204687 0.489063 0.217188 0.489063 0.218750 0.487500 0.220312 0.487500 0.221875 0.489063 0.231250 0.489063 0.232813 0.487500 0.235937 0.487500 0.237500 0.489063 0.264062 0.489063 0.265625 0.487500 0.267188 0.487500 0.268750 0.489063 0.370312 0.489063 0.371875 0.487500 0.373437 0.489063 0.376563 0.489063 0.378125 0.487500 0.420312 0.487500 0.421875 0.489063 0.425000 0.489063 0.426563 0.487500 0.428125 0.487500 0.428125 0.485938 0.431250 0.482812 0.431250 0.481250 0.435937 0.476562 0.437500 0.476562 0.440625 0.473438 0.442188 0.473438 0.456250 0.459375 0.457813 0.459375 0.465625 0.451562 0.478125 0.451562 0.479687 0.450000 0.481250 0.450000 0.482812 0.451562 0.509375 0.451562 0.510938 0.450000 0.514062 0.450000 0.515625 0.451562 0.517188 0.451562 0.518750 0.450000 0.518750 0.439063 0.517188 0.437500 0.509375 0.437500 0.507812 0.435937 0.500000 0.435937 0.498437 0.437500 0.492188 0.437500 0.490625 0.435937 0.484375 0.435937 0.482812 0.437500 0.476562 0.437500 0.475000 0.435937 0.471875 0.435937 0.470313 0.434375 0.465625 0.434375 0.464062 0.432812 0.464062 0.431250 0.465625 0.429688 0.465625 0.428125 0.467187 0.426563 0.467187 0.425000 0.470313 0.421875 0.471875 0.421875 0.473438 0.420312 0.475000 0.420312 0.476562 0.418750 0.476562 0.417187 0.478125 0.415625 0.478125 0.414062 0.479687 0.412500 0.479687 0.403125 0.478125 0.401562 0.478125 0.400000 0.476562 0.398438 0.475000 0.398438 0.473438 0.396875
0 0.501563 0.393750 0.500000 0.395313 0.500000 0.400000 0.498437 0.401562 0.498437 0.403125 0.500000 0.404687 0.504687 0.404687 0.509375 0.400000 0.510938 0.400000 0.510938 0.398438 0.512500 0.396875 0.512500 0.395313 0.510938 0.393750