0 0.931250 0.984375 0.931250 0.989062 0.934375 0.992188 0.934375 0.993750 0.934375 0.984375
0 0.993750 0.981250 0.990625 0.984375 0.990625 0.985938 0.989062 0.987500 0.987500 0.985938 0.985938 0.985938 0.987500 0.987500 0.987500 0.990625 0.984375 0.993750 0.990625 0.993750 0.992188 0.995313 0.993750 0.995313 0.995313 0.993750 0.995313 0.992188 0.993750 0.990625 0.993750 0.989062 0.995313 0.987500 0.998437 0.987500 0.998437 0.982812 0.995313 0.982812
0 0.917188 0.981250 0.914062 0.984375 0.914062 0.985938 0.910937 0.989062 0.910937 0.993750 0.912500 0.993750 0.915625 0.996875 0.915625 0.998437 0.918750 0.998437 0.918750 0.996875 0.920312 0.995313 0.920312 0.985938 0.918750 0.984375 0.918750 0.981250
0 0.989062 0.976562 0.989062 0.978125 0.992188 0.978125 0.990625 0.976562
0 0.993750 0.965625 0.992188 0.967187 0.992188 0.971875 0.993750 0.971875 0.996875 0.968750 0.998437 0.968750 0.998437 0.967187 0.996875 0.967187 0.995313 0.965625
0 0.917188 0.932813 0.915625 0.934375 0.915625 0.935937 0.918750 0.935937 0.918750 0.932813
0 0.989062 0.926562 0.985938 0.929688 0.985938 0.932813 0.984375 0.934375 0.981250 0.934375 0.985938 0.939063 0.985938 0.935937 0.989062 0.932813 0.990625 0.934375 0.990625 0.937500 0.992188 0.939063 0.989062 0.942187 0.989062 0.943750 0.987500 0.945312 0.987500 0.946875 0.990625 0.946875 0.992188 0.948438 0.992188 0.954688 0.995313 0.954688 0.995313 0.953125 0.996875 0.951562 0.998437 0.951562 0.998437 0.950000 0.995313 0.950000 0.990625 0.945312 0.990625 0.942187 0.992188 0.940625 0.993750 0.940625 0.998437 0.935937 0.998437 0.934375 0.996875 0.934375 0.992188 0.929688 0.992188 0.926562
0 0.990625 0.918750 0.990625 0.920312 0.992188 0.920312 0.993750 0.921875 0.993750 0.918750
0 0.978125 0.918750 0.978125 0.920312 0.979688 0.918750
0 0.962500 0.918750 0.962500 0.920312 0.965625 0.920312 0.967187 0.918750
0 0.950000 0.917188 0.948438 0.918750 0.946875 0.918750 0.946875 0.920312 0.951562 0.920312 0.951562 0.918750
0 0.931250 0.917188 0.929688 0.918750 0.932813 0.921875 0.934375 0.921875 0.935937 0.920312 0.935937 0.917188
0 0.942187 0.903125 0.943750 0.903125 0.945312 0.904687 0.950000 0.904687 0.950000 0.903125
0 0.000000 0.454688 0.000000 0.998437 0.720313 0.998437 0.723437 0.995313 0.726562 0.998437 0.734375 0.998437 0.734375 0.996875 0.735938 0.995313 0.739062 0.995313 0.742188 0.998437 0.751563 0.998437 0.754687 0.995313 0.756250 0.996875 0.756250 0.998437 0.890625 0.998437 0.892188 0.996875 0.895312 0.996875 0.896875 0.998437 0.904687 0.998437 0.904687 0.995313 0.906250 0.993750 0.906250 0.992188 0.904687 0.990625 0.904687 0.987500 0.906250 0.985938 0.904687 0.984375 0.904687 0.979688 0.903125 0.978125 0.903125 0.968750 0.904687 0.967187 0.904687 0.964063 0.903125 0.962500 0.903125 0.953125 0.904687 0.951562 0.904687 0.948438 0.903125 0.946875 0.903125 0.937500 0.904687 0.935937 0.904687 0.921875 0.906250 0.920312 0.906250 0.917188 0.904687 0.915625 0.904687 0.909375 0.906250 0.907813 0.906250 0.906250 0.907813 0.904687 0.910937 0.904687 0.914062 0.907813 0.914062 0.909375 0.910937 0.912500 0.912500 0.914062 0.912500 0.918750 0.914062 0.920312 0.914062 0.921875 0.915625 0.923438 0.915625 0.925000 0.917188 0.925000 0.918750 0.926562 0.918750 0.923438 0.920312 0.921875 0.920312 0.914062 0.918750 0.912500 0.918750 0.909375 0.920312 0.907813 0.920312 0.906250 0.921875 0.904687 0.928125 0.904687 0.931250 0.907813 0.932813 0.907813 0.934375 0.906250 0.935937 0.906250 0.935937 0.904687 0.937500 0.903125 0.935937 0.901563 0.934375 0.901563 0.932813 0.900000 0.932813 0.896875 0.931250 0.895312 0.929688 0.895312 0.928125 0.896875 0.926562 0.896875 0.923438 0.900000 0.918750 0.895312 0.907813 0.895312 0.906250 0.893750 0.906250 0.892188 0.907813 0.890625 0.912500 0.890625 0.914062 0.889062 0.915625 0.889062 0.915625 0.887500 0.909375 0.887500 0.907813 0.885938 0.906250 0.885938 0.904687 0.884375 0.901563 0.884375 0.900000 0.882812 0.898438 0.882812 0.896875 0.881250 0.893750 0.881250 0.892188 0.879687 0.889062 0.879687 0.887500 0.878125 0.879687 0.878125 0.878125 0.876563 0.876563 0.876563 0.875000 0.875000 0.875000 0.873437 0.873437 0.871875 0.870313 0.871875 0.868750 0.870313 0.865625 0.870313 0.864062 0.868750 0.860938 0.868750 0.859375 0.867188 0.857812 0.867188 0.856250 0.865625 0.854688 0.865625 0.853125 0.864062 0.850000 0.864062 0.848437 0.862500 0.843750 0.862500 0.842187 0.860938 0.839063 0.860938 0.837500 0.859375 0.835938 0.859375 0.832812 0.856250 0.828125 0.856250 0.826562 0.854688 0.823438 0.854688 0.821875 0.853125 0.820312 0.853125 0.818750 0.851562 0.814063 0.851562 0.810937 0.848437 0.807813 0.848437 0.806250 0.846875 0.801562 0.846875 0.800000 0.845313 0.796875 0.845313 0.795312 0.843750 0.792188 0.843750 0.790625 0.842187 0.789062 0.842187 0.787500 0.840625 0.782813 0.840625 0.781250 0.839063 0.779687 0.839063 0.778125 0.837500 0.775000 0.837500 0.773438 0.835938 0.768750 0.835938 0.767188 0.834375 0.765625 0.834375 0.764062 0.832812 0.760938 0.832812 0.759375 0.831250 0.756250 0.831250 0.754687 0.829688 0.751563 0.829688 0.750000 0.828125 0.746875 0.828125 0.745313 0.826562 0.743750 0.826562 0.740625 0.823438 0.735938 0.823438 0.734375 0.821875 0.731250 0.821875 0.729688 0.820312 0.728125 0.820312 0.726562 0.818750 0.723437 0.818750 0.721875 0.817187 0.718750 0.817187 0.717187 0.815625 0.715625 0.815625 0.714063 0.814063 0.712500 0.814063 0.710938 0.812500 0.703125 0.812500 0.700000 0.809375 0.698438 0.809375 0.696875 0.807813 0.695312 0.807813 0.693750 0.806250 0.690625 0.806250 0.689063 0.804688 0.685937 0.804688 0.684375 0.803125 0.682813 0.803125 0.681250 0.801562 0.678125 0.801562 0.676562 0.800000 0.673438 0.800000 0.671875 0.798438 0.668750 0.798438 0.667188 0.796875 0.664062 0.796875 0.662500 0.795312 0.659375 0.795312 0.657813 0.793750 0.656250 0.793750 0.654687 0.792188 0.653125 0.792188 0.651563 0.790625 0.648438 0.790625 0.646875 0.789062 0.637500 0.789062 0.635938 0.787500 0.634375 0.787500 0.632812 0.785937 0.631250 0.785937 0.629687 0.784375 0.628125 0.784375 0.626563 0.782813 0.625000 0.782813 0.623437 0.781250 0.620313 0.781250 0.618750 0.779687 0.614062 0.779687 0.612500 0.778125 0.610938 0.778125 0.609375 0.776563 0.606250 0.776563 0.604688 0.775000 0.601562 0.775000 0.600000 0.773438 0.596875 0.773438 0.595313 0.771875 0.592187 0.771875 0.590625 0.770312 0.589063 0.770312 0.587500 0.768750 0.585938 0.768750 0.584375 0.767188 0.581250 0.767188 0.579688 0.765625 0.576562 0.765625 0.575000 0.764062 0.571875 0.764062 0.570312 0.762500 0.568750 0.762500 0.567187 0.760938 0.564063 0.760938 0.562500 0.759375 0.559375 0.759375 0.557813 0.757812 0.554688 0.757812 0.553125 0.756250 0.550000 0.756250 0.548438 0.754687 0.546875 0.754687 0.545312 0.753125 0.542188 0.753125 0.540625 0.751563 0.537500 0.751563 0.535937 0.750000 0.531250 0.750000 0.529687 0.748437 0.526563 0.748437 0.525000 0.746875 0.523438 0.746875 0.521875 0.745313 0.517188 0.745313 0.515625 0.743750 0.514062 0.743750 0.512500 0.742188 0.509375 0.742188 0.507812 0.740625 0.503125 0.740625 0.501563 0.739062 0.500000 0.739062 0.498437 0.737500 0.496875 0.737500 0.495312 0.735938 0.492188 0.735938 0.490625 0.734375 0.487500 0.734375 0.485938 0.732812 0.482812 0.732812 0.481250 0.731250 0.479687 0.731250 0.478125 0.729688 0.475000 0.729688 0.473438 0.728125 0.470313 0.728125 0.468750 0.726562 0.465625 0.726562 0.464062 0.725000 0.460938 0.725000 0.459375 0.723437 0.456250 0.723437 0.454688 0.721875 0.453125 0.721875 0.451562 0.720313 0.448437 0.720313 0.446875 0.718750 0.443750 0.718750 0.442188 0.717187 0.437500 0.717187 0.435937 0.715625 0.434375 0.715625 0.432812 0.714063 0.429688 0.714063 0.428125 0.712500 0.426563 0.712500 0.425000 0.710938 0.420312 0.710938 0.418750 0.709375 0.415625 0.709375 0.414062 0.707812 0.412500 0.707812 0.410938 0.706250 0.406250 0.706250 0.404687 0.704688 0.401562 0.704688 0.400000 0.703125 0.396875 0.703125 0.395313 0.701562 0.390625 0.701562 0.389062 0.700000 0.387500 0.700000 0.385937 0.698438 0.382812 0.698438 0.381250 0.696875 0.378125 0.696875 0.376563 0.695312 0.371875 0.695312 0.370312 0.693750 0.367188 0.693750 0.365625 0.692187 0.364063 0.692187 0.362500 0.690625 0.359375 0.690625 0.357812 0.689063 0.356250 0.689063 0.354687 0.687500 0.351562 0.687500 0.350000 0.685937 0.345313 0.685937 0.343750 0.684375 0.342187 0.684375 0.340625 0.682813 0.337500 0.682813 0.335938 0.681250 0.332813 0.681250 0.331250 0.679688 0.328125 0.679688 0.326562 0.678125 0.323437 0.678125 0.321875 0.676562 0.320312 0.676562 0.318750 0.675000 0.314063 0.675000 0.312500 0.673438 0.307812 0.673438 0.306250 0.671875 0.301563 0.671875 0.300000 0.670312 0.298438 0.670312 0.296875 0.668750 0.295312 0.668750 0.293750 0.667188 0.290625 0.667188 0.289062 0.665625 0.285938 0.665625 0.284375 0.664062 0.278125 0.664062 0.276562 0.662500 0.275000 0.662500 0.273438 0.660937 0.270313 0.660937 0.268750 0.659375 0.265625 0.659375 0.264062 0.657813 0.260937 0.657813 0.259375 0.656250 0.256250 0.656250 0.254688 0.654687 0.251563 0.654687 0.250000 0.653125 0.248438 0.653125 0.246875 0.651563 0.242188 0.651563 0.240625 0.650000 0.237500 0.650000 0.235937 0.648438 0.232813 0.648438 0.231250 0.646875 0.228125 0.646875 0.226562 0.645312 0.223438 0.645312 0.221875 0.643750 0.218750 0.643750 0.217188 0.642188 0.215625 0.642188 0.214062 0.640625 0.210938 0.640625 0.209375 0.639062 0.204687 0.639062 0.203125 0.637500 0.201563 0.637500 0.200000 0.635938 0.198437 0.635938 0.196875 0.634375 0.193750 0.634375 0.192188 0.632812 0.187500 0.632812 0.185938 0.631250 0.182812 0.631250 0.181250 0.629687 0.179688 0.629687 0.178125 0.628125 0.175000 0.628125 0.173437 0.626563 0.170313 0.626563 0.168750 0.625000 0.165625 0.625000 0.164062 0.623437 0.159375 0.623437 0.157812 0.621875 0.156250 0.621875 0.154688 0.620313 0.153125 0.620313 0.151562 0.618750 0.148438 0.618750 0.146875 0.617188 0.143750 0.617188 0.142187 0.615625 0.139063 0.615625 0.137500 0.614062 0.134375 0.614062 0.132812 0.612500 0.129688 0.612500 0.128125 0.610938 0.125000 0.610938 0.123438 0.609375 0.120313 0.609375 0.118750 0.607812 0.115625 0.607812 0.114062 0.606250 0.110937 0.606250 0.109375 0.604688 0.106250 0.604688 0.104688 0.603125 0.103125 0.603125 0.101562 0.601562 0.098437 0.601562 0.096875 0.600000 0.092188 0.600000 0.090625 0.598437 0.089063 0.598437 0.087500 0.596875 0.084375 0.596875 0.082812 0.595313 0.081250 0.595313 0.079687 0.593750 0.075000 0.593750 0.073438 0.592187 0.070312 0.592187 0.068750 0.590625 0.067187 0.590625 0.065625 0.589063 0.060937 0.589063 0.054688 0.582812 0.056250 0.581250 0.056250 0.579688 0.059375 0.576562 0.060937 0.576562 0.062500 0.575000 0.065625 0.575000 0.067187 0.573438 0.068750 0.573438 0.070312 0.571875 0.071875 0.571875 0.073438 0.570312 0.075000 0.570312 0.076563 0.568750 0.078125 0.568750 0.079687 0.567187 0.082812 0.567187 0.084375 0.565625 0.085938 0.565625 0.087500 0.564063 0.089063 0.564063 0.090625 0.562500 0.092188 0.562500 0.093750 0.560937 0.096875 0.560937 0.098437 0.559375 0.101562 0.559375 0.103125 0.557813 0.104688 0.557813 0.107813 0.554688 0.110937 0.554688 0.112500 0.553125 0.115625 0.553125 0.117188 0.551562 0.118750 0.551562 0.120313 0.550000 0.121875 0.550000 0.123438 0.548438 0.125000 0.548438 0.126562 0.546875 0.129688 0.546875 0.131250 0.545312 0.134375 0.545312 0.137500 0.542188 0.139063 0.542188 0.140625 0.540625 0.142187 0.540625 0.143750 0.539062 0.146875 0.539062 0.148438 0.537500 0.150000 0.537500 0.151562 0.535937 0.154688 0.535937 0.156250 0.534375 0.157812 0.534375 0.159375 0.532813 0.160938 0.532813 0.162500 0.531250 0.167187 0.531250 0.168750 0.529687 0.176563 0.529687 0.178125 0.528125 0.184375 0.528125 0.185938 0.526563 0.196875 0.526563 0.198437 0.525000 0.204687 0.525000 0.206250 0.523438 0.214062 0.523438 0.215625 0.521875 0.226562 0.521875 0.228125 0.520312 0.234375 0.520312 0.235937 0.518750 0.245312 0.518750 0.246875 0.517188 0.257812 0.517188 0.259375 0.515625 0.265625 0.515625 0.267188 0.514062 0.275000 0.514062 0.276562 0.512500 0.281250 0.512500 0.282813 0.510938 0.284375 0.510938 0.287500 0.507812 0.287500 0.500000 0.289062 0.498437 0.289062 0.495312 0.287500 0.493750 0.287500 0.492188 0.289062 0.490625 0.289062 0.489063 0.287500 0.487500 0.287500 0.465625 0.285938 0.464062 0.285938 0.462500 0.281250 0.462500 0.279687 0.460938 0.257812 0.460938 0.256250 0.462500 0.235937 0.462500 0.234375 0.464062 0.218750 0.464062 0.217188 0.465625 0.209375 0.465625 0.207813 0.467187 0.193750 0.467187 0.192188 0.468750 0.150000 0.468750 0.148438 0.470313 0.117188 0.470313 0.115625 0.468750 0.090625 0.468750 0.089063 0.467187 0.078125 0.467187 0.076563 0.465625 0.070312 0.465625 0.068750 0.464062 0.057813 0.464062 0.056250 0.462500 0.046875 0.462500 0.045312 0.460938 0.028125 0.460938 0.026562 0.459375 0.015625 0.459375 0.014063 0.457813 0.009375 0.457813 0.007812 0.456250 0.006250 0.456250 0.004687 0.454688
0 0.985938 0.400000 0.982812 0.403125 0.976562 0.403125 0.975000 0.401562 0.968750 0.401562 0.967187 0.403125 0.953125 0.403125 0.951562 0.404687 0.948438 0.404687 0.946875 0.403125 0.939063 0.403125 0.937500 0.404687 0.932813 0.404687 0.931250 0.403125 0.923438 0.403125 0.920312 0.406250 0.917188 0.406250 0.915625 0.404687 0.906250 0.404687 0.904687 0.406250 0.898438 0.406250 0.896875 0.404687 0.893750 0.404687 0.892188 0.406250 0.890625 0.406250 0.889062 0.407813 0.834375 0.407813 0.832812 0.409375 0.831250 0.407813 0.829688 0.407813 0.828125 0.409375 0.812500 0.409375 0.810937 0.410938 0.809375 0.410938 0.807813 0.409375 0.804688 0.409375 0.803125 0.410938 0.801562 0.410938 0.800000 0.409375 0.796875 0.409375 0.795312 0.410938 0.784375 0.410938 0.782813 0.409375 0.781250 0.410938 0.778125 0.410938 0.776563 0.409375 0.767188 0.409375 0.765625 0.410938 0.723437 0.410938 0.721875 0.412500 0.712500 0.412500 0.707812 0.417187 0.704688 0.417187 0.701562 0.420312 0.693750 0.420312 0.692187 0.421875 0.681250 0.421875 0.679688 0.423438 0.675000 0.423438 0.673438 0.425000 0.659375 0.425000 0.657813 0.426563 0.643750 0.426563 0.642188 0.428125 0.631250 0.428125 0.629687 0.429688 0.618750 0.429688 0.617188 0.431250 0.609375 0.431250 0.607812 0.432812 0.595313 0.432812 0.593750 0.434375 0.584375 0.434375 0.582812 0.435937 0.565625 0.435937 0.564063 0.437500 0.543750 0.437500 0.542188 0.439063 0.534375 0.439063 0.532813 0.440625 0.521875 0.440625 0.520312 0.442188 0.507812 0.442188 0.506250 0.443750 0.489063 0.443750 0.487500 0.445312 0.470313 0.445312 0.468750 0.446875 0.459375 0.446875 0.457813 0.448437 0.443750 0.448437 0.442188 0.450000 0.428125 0.450000 0.426563 0.451562 0.412500 0.451562 0.410938 0.453125 0.396875 0.453125 0.395313 0.454688 0.382812 0.454688 0.381250 0.456250 0.365625 0.456250 0.364063 0.457813 0.357812 0.457813 0.356250 0.459375 0.353125 0.459375 0.351562 0.460938 0.351562 0.482812 0.353125 0.484375 0.353125 0.490625 0.354687 0.490625 0.357812 0.493750 0.357812 0.495312 0.356250 0.496875 0.360938 0.496875 0.362500 0.498437 0.373437 0.498437 0.375000 0.496875 0.385937 0.496875 0.387500 0.495312 0.400000 0.495312 0.401562 0.493750 0.407813 0.493750 0.409375 0.492188 0.415625 0.492188 0.417187 0.490625 0.429688 0.490625 0.431250 0.489063 0.443750 0.489063 0.445312 0.487500 0.451562 0.487500 0.453125 0.485938 0.460938 0.485938 0.462500 0.484375 0.470313 0.484375 0.471875 0.482812 0.482812 0.482812 0.484375 0.481250 0.492188 0.481250 0.493750 0.479687 0.503125 0.479687 0.504687 0.478125 0.512500 0.478125 0.514062 0.476562 0.525000 0.476562 0.526563 0.475000 0.537500 0.475000 0.539062 0.473438 0.543750 0.473438 0.545312 0.471875 0.556250 0.471875 0.557813 0.470313 0.560937 0.470313 0.562500 0.468750 0.571875 0.468750 0.573438 0.467187 0.592187 0.467187 0.593750 0.465625 0.601562 0.465625 0.603125 0.464062 0.612500 0.464062 0.614062 0.462500 0.618750 0.462500 0.620313 0.460938 0.625000 0.460938 0.626563 0.459375 0.637500 0.459375 0.639062 0.457813 0.645312 0.457813 0.646875 0.456250 0.651563 0.456250 0.653125 0.454688 0.659375 0.454688 0.660937 0.453125 0.670312 0.453125 0.671875 0.451562 0.685937 0.451562 0.687500 0.450000 0.703125 0.450000 0.704688 0.448437 0.712500 0.448437 0.714063 0.446875 0.718750 0.446875 0.720313 0.445312 0.726562 0.445312 0.728125 0.443750 0.734375 0.443750 0.735938 0.442188 0.745313 0.442188 0.746875 0.440625 0.759375 0.440625 0.760938 0.439063 0.764062 0.439063 0.765625 0.437500 0.771875 0.437500 0.773438 0.435937 0.782813 0.435937 0.784375 0.434375 0.789062 0.434375 0.790625 0.432812 0.793750 0.432812 0.795312 0.431250 0.801562 0.431250 0.803125 0.429688 0.806250 0.429688 0.807813 0.428125 0.821875 0.428125 0.823438 0.426563 0.840625 0.426563 0.842187 0.425000 0.845313 0.425000 0.846875 0.426563 0.850000 0.426563 0.851562 0.425000 0.870313 0.425000 0.871875 0.423438 0.875000 0.423438 0.876563 0.421875 0.879687 0.421875 0.881250 0.420312 0.887500 0.420312 0.889062 0.418750 0.896875 0.418750 0.898438 0.417187 0.910937 0.417187 0.912500 0.415625 0.925000 0.415625 0.926562 0.414062 0.931250 0.414062 0.932813 0.412500 0.948438 0.412500 0.950000 0.410938 0.951562 0.410938 0.953125 0.412500 0.964063 0.412500 0.965625 0.410938 0.967187 0.410938 0.968750 0.412500 0.976562 0.412500 0.978125 0.410938 0.982812 0.410938 0.984375 0.412500 0.990625 0.412500 0.992188 0.410938 0.998437 0.410938 0.995313 0.407813 0.995313 0.406250 0.996875 0.404687 0.998437 0.404687 0.998437 0.403125 0.993750 0.403125 0.992188 0.401562 0.987500 0.401562