0 0.071875 0.990625 0.071875 0.998437 0.073438 0.998437 0.073438 0.992188
0 0.109375 0.989062 0.109375 0.990625 0.112500 0.990625 0.114062 0.989062 0.117188 0.992188 0.118750 0.992188 0.118750 0.990625 0.117188 0.989062
0 0.101562 0.989062 0.101562 0.990625 0.103125 0.992188 0.103125 0.993750 0.103125 0.989062
0 0.054688 0.989062 0.054688 0.998437 0.062500 0.998437 0.062500 0.996875 0.060937 0.995313 0.060937 0.992188 0.062500 0.990625 0.062500 0.989062 0.060937 0.990625 0.059375 0.990625 0.057813 0.989062
0 0.039062 0.989062 0.039062 0.998437 0.048438 0.998437 0.045312 0.995313 0.045312 0.992188 0.046875 0.990625 0.048438 0.990625 0.048438 0.989062 0.046875 0.989062 0.046875 0.990625 0.045312 0.992188 0.043750 0.992188 0.040625 0.989062
0 0.087500 0.978125 0.084375 0.981250 0.085938 0.981250 0.087500 0.982812 0.089063 0.981250 0.103125 0.981250 0.090625 0.981250
0 0.039062 0.973437 0.039062 0.982812 0.048438 0.982812 0.048438 0.981250 0.045312 0.981250 0.042188 0.978125 0.042188 0.973437
0 0.200000 0.673438 0.200000 0.675000 0.198437 0.676562 0.198437 0.679688 0.201563 0.679688 0.201563 0.675000
0 0.260937 0.664062 0.259375 0.665625 0.256250 0.665625 0.265625 0.665625 0.264062 0.664062
0 0.289062 0.648438 0.287500 0.650000 0.289062 0.651563 0.289062 0.653125 0.285938 0.656250 0.281250 0.656250 0.281250 0.664062 0.282813 0.665625 0.289062 0.665625 0.290625 0.667188 0.293750 0.667188 0.295312 0.665625 0.295312 0.656250 0.293750 0.654687 0.293750 0.648438
0 0.325000 0.617188 0.323437 0.618750 0.321875 0.618750 0.323437 0.620313 0.326562 0.620313 0.326562 0.618750
0 0.340625 0.615625 0.339062 0.617188 0.337500 0.617188 0.335938 0.618750 0.335938 0.621875 0.337500 0.623437 0.339062 0.623437 0.340625 0.621875 0.342187 0.621875 0.342187 0.617188
0 0.310937 0.607812 0.309375 0.609375 0.307812 0.609375 0.306250 0.610938 0.304688 0.610938 0.301563 0.614062 0.300000 0.614062 0.298438 0.615625 0.298438 0.618750 0.301563 0.618750 0.303125 0.620313 0.309375 0.620313 0.310937 0.618750
0 0.353125 0.603125 0.353125 0.604688 0.351562 0.606250 0.353125 0.607812 0.354687 0.606250 0.354687 0.603125
0 0.325000 0.598437 0.325000 0.600000 0.323437 0.601562 0.323437 0.603125 0.326562 0.603125 0.326562 0.601562 0.328125 0.600000 0.328125 0.598437
0 0.345313 0.589063 0.343750 0.590625 0.335938 0.590625 0.335938 0.593750 0.337500 0.595313 0.337500 0.596875 0.339062 0.598437 0.334375 0.603125 0.335938 0.604688 0.335938 0.607812 0.337500 0.609375 0.340625 0.609375 0.342187 0.607812 0.342187 0.601562 0.340625 0.600000 0.340625 0.598437 0.342187 0.596875 0.342187 0.595313 0.346875 0.590625
0 0.523438 0.489063 0.523438 0.490625 0.520312 0.493750 0.515625 0.493750 0.514062 0.495312 0.504687 0.495312 0.500000 0.500000 0.500000 0.501563 0.498437 0.503125 0.498437 0.504687 0.496875 0.506250 0.496875 0.507812 0.495312 0.509375 0.495312 0.510938 0.489063 0.517188 0.487500 0.517188 0.487500 0.518750 0.482812 0.523438 0.481250 0.523438 0.479687 0.525000 0.476562 0.525000 0.475000 0.526563 0.473438 0.526563 0.471875 0.528125 0.470313 0.528125 0.465625 0.532813 0.464062 0.532813 0.459375 0.537500 0.457813 0.537500 0.456250 0.539062 0.453125 0.539062 0.450000 0.542188 0.448437 0.542188 0.446875 0.543750 0.442188 0.543750 0.440625 0.542188 0.439063 0.542188 0.434375 0.546875 0.429688 0.546875 0.428125 0.548438 0.426563 0.548438 0.425000 0.550000 0.423438 0.550000 0.420312 0.553125 0.418750 0.553125 0.417187 0.554688 0.415625 0.554688 0.414062 0.556250 0.414062 0.560937 0.410938 0.564063 0.406250 0.564063 0.406250 0.567187 0.403125 0.570312 0.401562 0.568750 0.400000 0.568750 0.398438 0.570312 0.398438 0.573438 0.396875 0.575000 0.396875 0.576562 0.395313 0.578125 0.392188 0.575000 0.392188 0.573438 0.392188 0.575000 0.390625 0.576562 0.389062 0.576562 0.387500 0.578125 0.384375 0.575000 0.384375 0.571875 0.384375 0.573438 0.382812 0.575000 0.382812 0.578125 0.381250 0.579688 0.382812 0.581250 0.382812 0.582812 0.379688 0.585938 0.376563 0.582812 0.376563 0.581250 0.378125 0.579688 0.376563 0.578125 0.376563 0.582812 0.371875 0.587500 0.370312 0.585938 0.367188 0.585938 0.364063 0.582812 0.364063 0.579688 0.357812 0.579688 0.356250 0.581250 0.354687 0.581250 0.351562 0.584375 0.351562 0.589063 0.350000 0.590625 0.351562 0.592187 0.351562 0.593750 0.354687 0.593750 0.354687 0.587500 0.356250 0.585938 0.360938 0.585938 0.362500 0.584375 0.364063 0.584375 0.365625 0.585938 0.365625 0.587500 0.364063 0.589063 0.359375 0.589063 0.359375 0.592187 0.357812 0.593750 0.357812 0.595313 0.359375 0.596875 0.359375 0.609375 0.360938 0.610938 0.360938 0.612500 0.360938 0.603125 0.362500 0.601562 0.362500 0.598437 0.364063 0.596875 0.368750 0.596875 0.371875 0.593750 0.375000 0.596875 0.375000 0.600000 0.371875 0.603125 0.368750 0.600000 0.367188 0.600000 0.367188 0.610938 0.368750 0.612500 0.370312 0.610938 0.371875 0.610938 0.373437 0.612500 0.373437 0.614062 0.371875 0.615625 0.367188 0.615625 0.365625 0.617188 0.365625 0.620313 0.367188 0.621875 0.364063 0.625000 0.360938 0.621875 0.362500 0.620313 0.362500 0.617188 0.360938 0.615625 0.359375 0.617188 0.359375 0.629687 0.356250 0.632812 0.354687 0.632812 0.353125 0.631250 0.351562 0.632812 0.351562 0.637500 0.348438 0.640625 0.346875 0.640625 0.345313 0.639062 0.345313 0.634375 0.337500 0.634375 0.337500 0.639062 0.334375 0.642188 0.337500 0.645312 0.334375 0.648438 0.334375 0.650000 0.332813 0.651563 0.331250 0.650000 0.329688 0.650000 0.329688 0.651563 0.323437 0.657813 0.323437 0.659375 0.318750 0.664062 0.315625 0.664062 0.314063 0.665625 0.309375 0.665625 0.309375 0.668750 0.304688 0.673438 0.304688 0.675000 0.301563 0.678125 0.300000 0.678125 0.298438 0.679688 0.295312 0.679688 0.295312 0.684375 0.293750 0.685937 0.290625 0.685937 0.287500 0.689063 0.287500 0.690625 0.284375 0.693750 0.281250 0.693750 0.279687 0.695312 0.276562 0.695312 0.275000 0.696875 0.276562 0.698438 0.276562 0.700000 0.271875 0.704688 0.271875 0.707812 0.270313 0.709375 0.265625 0.709375 0.264062 0.710938 0.260937 0.710938 0.259375 0.712500 0.259375 0.715625 0.257812 0.717187 0.257812 0.718750 0.256250 0.720313 0.256250 0.723437 0.254688 0.725000 0.250000 0.725000 0.248438 0.726562 0.243750 0.726562 0.242188 0.728125 0.240625 0.728125 0.242188 0.729688 0.242188 0.734375 0.240625 0.735938 0.239063 0.735938 0.237500 0.737500 0.235937 0.737500 0.235937 0.739062 0.234375 0.740625 0.231250 0.740625 0.229687 0.742188 0.226562 0.742188 0.226562 0.746875 0.223438 0.750000 0.220312 0.750000 0.218750 0.751563 0.215625 0.751563 0.215625 0.753125 0.210938 0.757812 0.209375 0.757812 0.207813 0.759375 0.206250 0.759375 0.204687 0.760938 0.204687 0.762500 0.201563 0.765625 0.200000 0.765625 0.200000 0.767188 0.192188 0.775000 0.190625 0.775000 0.182812 0.782813 0.181250 0.782813 0.181250 0.784375 0.176563 0.789062 0.170313 0.789062 0.167187 0.792188 0.167187 0.793750 0.157812 0.803125 0.156250 0.803125 0.154688 0.804688 0.153125 0.804688 0.151562 0.806250 0.150000 0.806250 0.150000 0.807813 0.148438 0.809375 0.148438 0.810937 0.146875 0.812500 0.145313 0.812500 0.143750 0.814063 0.142187 0.814063 0.140625 0.815625 0.140625 0.817187 0.137500 0.820312 0.134375 0.820312 0.132812 0.821875 0.132812 0.825000 0.129688 0.828125 0.126562 0.828125 0.123438 0.831250 0.123438 0.832812 0.120313 0.835938 0.117188 0.835938 0.115625 0.837500 0.115625 0.839063 0.114062 0.840625 0.112500 0.840625 0.089063 0.864062 0.087500 0.864062 0.082812 0.868750 0.081250 0.868750 0.067187 0.882812 0.065625 0.882812 0.059375 0.889062 0.057813 0.889062 0.046875 0.900000 0.046875 0.901563 0.043750 0.904687 0.043750 0.906250 0.042188 0.907813 0.040625 0.907813 0.037500 0.910937 0.035937 0.910937 0.031250 0.915625 0.031250 0.917188 0.026562 0.921875 0.025000 0.921875 0.023438 0.923438 0.021875 0.923438 0.020313 0.925000 0.017188 0.925000 0.017188 0.928125 0.014063 0.931250 0.014063 0.932813 0.010937 0.935937 0.009375 0.935937 0.009375 0.937500 0.007812 0.939063 0.004687 0.939063 0.004687 0.946875 0.003125 0.948438 0.003125 0.976562 0.004687 0.978125 0.003125 0.979688 0.003125 0.993750 0.004687 0.995313 0.004687 0.996875 0.006250 0.998437 0.017188 0.998437 0.017188 0.996875 0.020313 0.993750 0.023438 0.996875 0.023438 0.998437 0.031250 0.998437 0.031250 0.992188 0.032813 0.990625 0.032813 0.989062 0.031250 0.989062 0.029687 0.987500 0.020313 0.987500 0.018750 0.985938 0.018750 0.981250 0.015625 0.978125 0.018750 0.975000 0.021875 0.975000 0.023438 0.976562 0.023438 0.978125 0.021875 0.979688 0.021875 0.982812 0.023438 0.982812 0.025000 0.984375 0.026562 0.982812 0.032813 0.982812 0.032813 0.981250 0.029687 0.981250 0.026562 0.978125 0.026562 0.973437 0.021875 0.973437 0.018750 0.970313 0.018750 0.968750 0.020313 0.967187 0.026562 0.967187 0.028125 0.965625 0.029687 0.967187 0.032813 0.967187 0.034375 0.965625 0.032813 0.964063 0.028125 0.964063 0.026562 0.962500 0.028125 0.960938 0.034375 0.960938 0.035937 0.959375 0.037500 0.960938 0.037500 0.965625 0.039062 0.967187 0.045312 0.967187 0.046875 0.968750 0.050000 0.968750 0.051562 0.967187 0.053125 0.967187 0.054688 0.968750 0.057813 0.968750 0.059375 0.967187 0.062500 0.970313 0.059375 0.973437 0.057813 0.971875 0.054688 0.971875 0.053125 0.973437 0.051562 0.973437 0.050000 0.971875 0.046875 0.971875 0.046875 0.975000 0.050000 0.975000 0.051562 0.973437 0.054688 0.976562 0.054688 0.979688 0.053125 0.981250 0.054688 0.982812 0.065625 0.982812 0.067187 0.981250 0.068750 0.981250 0.070312 0.982812 0.075000 0.982812 0.076563 0.981250 0.081250 0.981250 0.078125 0.981250 0.076563 0.979688 0.075000 0.979688 0.073438 0.978125 0.073438 0.975000 0.071875 0.973437 0.068750 0.973437 0.065625 0.970313 0.065625 0.968750 0.067187 0.967187 0.079687 0.967187 0.081250 0.965625 0.084375 0.965625 0.085938 0.967187 0.089063 0.967187 0.090625 0.965625 0.092188 0.965625 0.092188 0.959375 0.093750 0.957812 0.090625 0.954688 0.085938 0.954688 0.085938 0.956250 0.084375 0.957812 0.084375 0.959375 0.085938 0.960938 0.085938 0.962500 0.082812 0.965625 0.081250 0.964063 0.078125 0.964063 0.076563 0.962500 0.076563 0.960938 0.079687 0.957812 0.078125 0.956250 0.078125 0.954688 0.076563 0.953125 0.076563 0.945312 0.075000 0.943750 0.075000 0.939063 0.078125 0.935937 0.078125 0.934375 0.081250 0.931250 0.081250 0.929688 0.079687 0.928125 0.079687 0.923438 0.081250 0.921875 0.090625 0.921875 0.092188 0.923438 0.092188 0.926562 0.093750 0.928125 0.093750 0.932813 0.095312 0.934375 0.095312 0.951562 0.106250 0.951562 0.109375 0.954688 0.109375 0.956250 0.107813 0.957812 0.107813 0.959375 0.106250 0.960938 0.106250 0.962500 0.104688 0.964063 0.104688 0.965625 0.106250 0.965625 0.107813 0.967187 0.109375 0.967187 0.110937 0.968750 0.114062 0.968750 0.115625 0.967187 0.123438 0.967187 0.126562 0.970313 0.125000 0.971875 0.125000 0.975000 0.126562 0.976562 0.128125 0.976562 0.129688 0.975000 0.131250 0.976562 0.131250 0.978125 0.129688 0.979688 0.126562 0.979688 0.125000 0.981250 0.125000 0.982812 0.126562 0.984375 0.126562 0.987500 0.125000 0.989062 0.125000 0.992188 0.126562 0.993750 0.126562 0.998437 0.126562 0.995313 0.128125 0.993750 0.129688 0.993750 0.132812 0.996875 0.132812 0.998437 0.998437 0.998437 0.998437 0.873437 0.996875 0.873437 0.995313 0.871875 0.995313 0.870313 0.993750 0.870313 0.990625 0.867188 0.989062 0.867188 0.985938 0.864062 0.982812 0.864062 0.978125 0.859375 0.978125 0.856250 0.976562 0.856250 0.975000 0.854688 0.975000 0.853125 0.973437 0.853125 0.971875 0.851562 0.970313 0.851562 0.968750 0.850000 0.967187 0.850000 0.965625 0.848437 0.964063 0.848437 0.960938 0.845313 0.960938 0.843750 0.959375 0.842187 0.959375 0.840625 0.956250 0.837500 0.954688 0.837500 0.953125 0.835938 0.951562 0.835938 0.948438 0.832812 0.946875 0.832812 0.942187 0.828125 0.942187 0.826562 0.939063 0.823438 0.937500 0.823438 0.934375 0.820312 0.932813 0.820312 0.926562 0.814063 0.925000 0.814063 0.921875 0.810937 0.921875 0.809375 0.917188 0.804688 0.915625 0.804688 0.909375 0.798438 0.907813 0.798438 0.906250 0.796875 0.906250 0.795312 0.896875 0.785937 0.896875 0.784375 0.893750 0.781250 0.892188 0.781250 0.885938 0.775000 0.885938 0.773438 0.884375 0.771875 0.882812 0.771875 0.881250 0.770312 0.881250 0.768750 0.882812 0.767188 0.884375 0.767188 0.885938 0.768750 0.887500 0.768750 0.889062 0.770312 0.892188 0.770312 0.893750 0.771875 0.904687 0.771875 0.906250 0.770312 0.998437 0.770312 0.998437 0.662500 0.985938 0.662500 0.984375 0.660937 0.970313 0.660937 0.968750 0.662500 0.842187 0.662500 0.840625 0.664062 0.839063 0.662500 0.812500 0.662500 0.810937 0.664062 0.807813 0.664062 0.806250 0.662500 0.796875 0.662500 0.795312 0.664062 0.775000 0.664062 0.773438 0.665625 0.771875 0.665625 0.775000 0.665625 0.778125 0.668750 0.778125 0.670312 0.776563 0.671875 0.776563 0.676562 0.775000 0.678125 0.771875 0.675000 0.770312 0.675000 0.768750 0.673438 0.767188 0.673438 0.764062 0.670312 0.764062 0.668750 0.762500 0.668750 0.760938 0.667188 0.759375 0.667188 0.754687 0.662500 0.753125 0.662500 0.751563 0.660937 0.750000 0.660937 0.748437 0.659375 0.746875 0.659375 0.739062 0.651563 0.737500 0.651563 0.732812 0.646875 0.731250 0.646875 0.725000 0.640625 0.723437 0.640625 0.718750 0.635938 0.717187 0.635938 0.706250 0.625000 0.704688 0.625000 0.701562 0.621875 0.700000 0.621875 0.690625 0.612500 0.689063 0.612500 0.685937 0.609375 0.684375 0.609375 0.675000 0.600000 0.673438 0.600000 0.665625 0.592187 0.664062 0.592187 0.660937 0.589063 0.659375 0.589063 0.653125 0.582812 0.651563 0.582812 0.639062 0.570312 0.637500 0.570312 0.632812 0.565625 0.631250 0.565625 0.628125 0.562500 0.626563 0.562500 0.621875 0.557813 0.621875 0.556250 0.620313 0.554688 0.618750 0.554688 0.615625 0.551562 0.615625 0.550000 0.614062 0.550000 0.610938 0.546875 0.609375 0.546875 0.607812 0.545312 0.607812 0.543750 0.606250 0.543750 0.598437 0.535937 0.596875 0.535937 0.592187 0.531250 0.590625 0.531250 0.551562 0.492188 0.550000 0.492188 0.548438 0.490625 0.545312 0.490625 0.543750 0.489063