0 0.398438 0.992188 0.396875 0.993750 0.398438 0.995313 0.398438 0.996875 0.400000 0.998437 0.400000 0.996875 0.401562 0.995313 0.401562 0.992188
0 0.376563 0.992188 0.376563 0.998437 0.376563 0.996875 0.378125 0.995313 0.378125 0.993750
0 0.376563 0.976562 0.376563 0.978125 0.375000 0.979688 0.375000 0.981250 0.376563 0.982812
0 0.376563 0.942187 0.376563 0.957812 0.375000 0.959375 0.375000 0.965625 0.376563 0.967187 0.378125 0.965625 0.378125 0.962500 0.376563 0.960938
0 0.392188 0.923438 0.392188 0.925000 0.390625 0.926562 0.390625 0.929688 0.392188 0.931250 0.390625 0.932813 0.390625 0.934375 0.392188 0.935937 0.392188 0.940625 0.390625 0.942187 0.390625 0.951562 0.392188 0.953125 0.392188 0.975000 0.390625 0.976562 0.390625 0.982812 0.392188 0.984375 0.392188 0.990625 0.390625 0.992188 0.390625 0.998437 0.393750 0.998437 0.393750 0.992188 0.392188 0.990625 0.392188 0.984375 0.393750 0.982812 0.393750 0.979688 0.395313 0.978125 0.400000 0.982812 0.400000 0.981250 0.401562 0.979688 0.401562 0.978125 0.400000 0.976562 0.398438 0.976562 0.396875 0.978125 0.395313 0.978125 0.392188 0.975000 0.392188 0.954688 0.393750 0.953125 0.393750 0.951562 0.395313 0.950000 0.396875 0.950000 0.398438 0.951562 0.400000 0.951562 0.400000 0.950000 0.401562 0.948438 0.401562 0.945312 0.400000 0.943750 0.398438 0.943750 0.396875 0.945312 0.395313 0.945312 0.393750 0.943750 0.393750 0.940625 0.392188 0.939063 0.392188 0.937500 0.393750 0.935937 0.393750 0.923438
0 0.376563 0.914062 0.375000 0.915625 0.375000 0.918750 0.376563 0.920312 0.376563 0.921875 0.379688 0.918750 0.379688 0.915625 0.378125 0.915625
0 0.390625 0.679688 0.390625 0.681250 0.392188 0.681250 0.392188 0.679688
0 0.431250 0.625000 0.429688 0.626563 0.429688 0.629687 0.431250 0.631250
0 0.439063 0.560937 0.437500 0.562500 0.437500 0.571875 0.439063 0.573438 0.439063 0.576562 0.437500 0.578125 0.437500 0.584375 0.439063 0.585938 0.439063 0.581250 0.440625 0.579688 0.439063 0.578125 0.439063 0.573438 0.440625 0.571875 0.440625 0.570312 0.442188 0.568750 0.442188 0.562500 0.440625 0.562500
0 0.439063 0.546875 0.437500 0.548438 0.437500 0.553125 0.439063 0.554688 0.440625 0.554688 0.442188 0.553125 0.442188 0.548438 0.440625 0.546875
0 0.439063 0.528125 0.439063 0.537500 0.440625 0.535937 0.440625 0.534375 0.439063 0.532813
0 0.454688 0.467187 0.454688 0.468750 0.453125 0.470313 0.453125 0.473438 0.454688 0.475000
0 0.454688 0.453125 0.453125 0.454688 0.453125 0.460938 0.454688 0.462500 0.454688 0.464062 0.454688 0.459375 0.456250 0.457813 0.456250 0.454688
0 0.485938 0.314063 0.485938 0.315625 0.484375 0.317188 0.484375 0.328125 0.482812 0.329688 0.484375 0.331250 0.484375 0.332813 0.485938 0.334375 0.484375 0.335938 0.484375 0.345313 0.482812 0.346875 0.482812 0.348438 0.481250 0.350000 0.481250 0.351562 0.479687 0.353125 0.479687 0.356250 0.478125 0.357812 0.478125 0.365625 0.476562 0.367188 0.476562 0.378125 0.475000 0.379688 0.475000 0.390625 0.473438 0.392188 0.473438 0.401562 0.471875 0.403125 0.471875 0.426563 0.470313 0.428125 0.470313 0.432812 0.468750 0.434375 0.468750 0.437500 0.467187 0.439063 0.468750 0.440625 0.468750 0.442188 0.467187 0.443750 0.467187 0.446875 0.465625 0.448437 0.465625 0.453125 0.464062 0.454688 0.464062 0.459375 0.465625 0.460938 0.465625 0.462500 0.464062 0.464062 0.464062 0.467187 0.462500 0.468750 0.462500 0.470313 0.460938 0.471875 0.460938 0.482812 0.459375 0.484375 0.459375 0.500000 0.457813 0.501563 0.457813 0.510938 0.456250 0.512500 0.456250 0.525000 0.454688 0.526563 0.454688 0.531250 0.453125 0.532813 0.453125 0.537500 0.451562 0.539062 0.451562 0.546875 0.450000 0.548438 0.450000 0.559375 0.448437 0.560937 0.448437 0.576562 0.445312 0.579688 0.445312 0.592187 0.443750 0.593750 0.443750 0.609375 0.442188 0.610938 0.442188 0.623437 0.440625 0.625000 0.440625 0.632812 0.439063 0.634375 0.439063 0.642188 0.437500 0.643750 0.437500 0.646875 0.435937 0.648438 0.435937 0.653125 0.434375 0.654687 0.432812 0.654687 0.431250 0.656250 0.428125 0.656250 0.425000 0.653125 0.425000 0.651563 0.426563 0.650000 0.423438 0.646875 0.423438 0.648438 0.421875 0.650000 0.423438 0.651563 0.423438 0.653125 0.418750 0.657813 0.417187 0.657813 0.415625 0.656250 0.409375 0.656250 0.407813 0.654687 0.407813 0.653125 0.407813 0.654687 0.406250 0.656250 0.406250 0.664062 0.407813 0.665625 0.407813 0.667188 0.407813 0.665625 0.409375 0.664062 0.415625 0.664062 0.418750 0.660937 0.420312 0.662500 0.420312 0.665625 0.421875 0.667188 0.421875 0.668750 0.418750 0.671875 0.417187 0.671875 0.415625 0.670312 0.414062 0.671875 0.409375 0.671875 0.407813 0.670312 0.406250 0.671875 0.406250 0.679688 0.407813 0.681250 0.406250 0.682813 0.406250 0.696875 0.407813 0.698438 0.407813 0.700000 0.403125 0.704688 0.401562 0.704688 0.400000 0.703125 0.395313 0.703125 0.393750 0.701562 0.392188 0.701562 0.390625 0.700000 0.390625 0.695312 0.392188 0.693750 0.393750 0.693750 0.393750 0.690625 0.392188 0.689063 0.392188 0.687500 0.389062 0.687500 0.387500 0.689063 0.384375 0.689063 0.384375 0.696875 0.382812 0.698438 0.382812 0.703125 0.384375 0.704688 0.382812 0.706250 0.382812 0.709375 0.379688 0.712500 0.378125 0.710938 0.376563 0.710938 0.376563 0.712500 0.379688 0.712500 0.382812 0.715625 0.382812 0.717187 0.381250 0.718750 0.376563 0.718750 0.376563 0.721875 0.378125 0.720313 0.381250 0.720313 0.382812 0.718750 0.385937 0.718750 0.387500 0.717187 0.389062 0.717187 0.390625 0.715625 0.393750 0.715625 0.393750 0.714063 0.395313 0.712500 0.398438 0.715625 0.400000 0.715625 0.400000 0.714063 0.401562 0.712500 0.403125 0.712500 0.404687 0.710938 0.409375 0.710938 0.410938 0.709375 0.417187 0.709375 0.418750 0.707812 0.420312 0.707812 0.421875 0.709375 0.425000 0.709375 0.426563 0.707812 0.428125 0.709375 0.431250 0.709375 0.432812 0.710938 0.462500 0.710938 0.464062 0.712500 0.489063 0.712500 0.490625 0.714063 0.506250 0.714063 0.507812 0.715625 0.517188 0.715625 0.518750 0.717187 0.521875 0.717187 0.523438 0.718750 0.528125 0.718750 0.529687 0.720313 0.534375 0.720313 0.535937 0.721875 0.540625 0.721875 0.542188 0.723437 0.548438 0.723437 0.550000 0.725000 0.554688 0.725000 0.556250 0.726562 0.562500 0.726562 0.564063 0.728125 0.565625 0.728125 0.567187 0.729688 0.570312 0.729688 0.571875 0.731250 0.573438 0.731250 0.575000 0.732812 0.578125 0.732812 0.579688 0.734375 0.582812 0.734375 0.584375 0.735938 0.585938 0.735938 0.587500 0.737500 0.590625 0.737500 0.592187 0.739062 0.593750 0.739062 0.595313 0.740625 0.598437 0.740625 0.601562 0.743750 0.603125 0.743750 0.606250 0.746875 0.607812 0.746875 0.609375 0.748437 0.610938 0.748437 0.612500 0.750000 0.614062 0.750000 0.618750 0.754687 0.620313 0.754687 0.621875 0.756250 0.623437 0.756250 0.625000 0.757812 0.628125 0.757812 0.643750 0.773438 0.645312 0.773438 0.646875 0.775000 0.646875 0.776563 0.648438 0.778125 0.648438 0.779687 0.657813 0.789062 0.659375 0.789062 0.660937 0.790625 0.660937 0.792188 0.662500 0.793750 0.662500 0.795312 0.664062 0.796875 0.664062 0.798438 0.665625 0.800000 0.665625 0.803125 0.668750 0.806250 0.668750 0.807813 0.670312 0.809375 0.670312 0.820312 0.671875 0.821875 0.671875 0.843750 0.670312 0.845313 0.670312 0.850000 0.668750 0.851562 0.668750 0.856250 0.667188 0.857812 0.667188 0.859375 0.665625 0.860938 0.665625 0.862500 0.664062 0.864062 0.664062 0.865625 0.660937 0.868750 0.660937 0.871875 0.659375 0.873437 0.659375 0.875000 0.657813 0.876563 0.656250 0.876563 0.650000 0.882812 0.648438 0.882812 0.639062 0.892188 0.637500 0.892188 0.631250 0.898438 0.629687 0.898438 0.626563 0.901563 0.625000 0.901563 0.623437 0.903125 0.621875 0.903125 0.620313 0.904687 0.618750 0.904687 0.617188 0.906250 0.615625 0.906250 0.612500 0.909375 0.610938 0.909375 0.609375 0.910937 0.606250 0.910937 0.604688 0.912500 0.601562 0.912500 0.600000 0.914062 0.596875 0.914062 0.595313 0.915625 0.592187 0.915625 0.590625 0.917188 0.589063 0.917188 0.587500 0.918750 0.582812 0.918750 0.581250 0.920312 0.578125 0.920312 0.576562 0.921875 0.567187 0.921875 0.565625 0.923438 0.560937 0.923438 0.557813 0.926562 0.551562 0.926562 0.550000 0.928125 0.539062 0.928125 0.537500 0.929688 0.470313 0.929688 0.468750 0.928125 0.460938 0.928125 0.459375 0.926562 0.445312 0.926562 0.443750 0.925000 0.437500 0.925000 0.435937 0.923438 0.425000 0.923438 0.426563 0.925000 0.426563 0.926562 0.434375 0.934375 0.434375 0.937500 0.431250 0.940625 0.423438 0.932813 0.423438 0.931250 0.421875 0.931250 0.420312 0.929688 0.417187 0.929688 0.415625 0.928125 0.412500 0.928125 0.410938 0.926562 0.409375 0.926562 0.407813 0.925000 0.404687 0.928125 0.404687 0.932813 0.406250 0.934375 0.406250 0.942187 0.404687 0.943750 0.404687 0.950000 0.406250 0.951562 0.406250 0.975000 0.404687 0.976562 0.404687 0.981250 0.406250 0.982812 0.406250 0.990625 0.404687 0.992188 0.404687 0.995313 0.406250 0.996875 0.406250 0.998437 0.448437 0.998437 0.448437 0.996875 0.450000 0.995313 0.453125 0.998437 0.998437 0.998437 0.998437 0.671875 0.996875 0.671875 0.995313 0.670312 0.993750 0.670312 0.993750 0.671875 0.989062 0.676562 0.987500 0.676562 0.985938 0.678125 0.979688 0.678125 0.978125 0.676562 0.964063 0.676562 0.962500 0.675000 0.957812 0.675000 0.956250 0.673438 0.954688 0.673438 0.951562 0.670312 0.951562 0.668750 0.943750 0.660937 0.943750 0.656250 0.945312 0.654687 0.945312 0.651563 0.946875 0.650000 0.946875 0.645312 0.948438 0.643750 0.948438 0.642188 0.950000 0.640625 0.950000 0.637500 0.951562 0.635938 0.951562 0.632812 0.953125 0.631250 0.953125 0.628125 0.954688 0.626563 0.954688 0.620313 0.956250 0.618750 0.956250 0.615625 0.954688 0.614062 0.954688 0.612500 0.953125 0.610938 0.953125 0.609375 0.950000 0.606250 0.948438 0.606250 0.943750 0.601562 0.942187 0.601562 0.939063 0.598437 0.937500 0.598437 0.931250 0.592187 0.929688 0.592187 0.925000 0.587500 0.923438 0.587500 0.920312 0.584375 0.918750 0.584375 0.910937 0.576562 0.909375 0.576562 0.906250 0.573438 0.904687 0.573438 0.900000 0.568750 0.898438 0.568750 0.895312 0.565625 0.893750 0.565625 0.890625 0.562500 0.889062 0.562500 0.887500 0.560937 0.885938 0.560937 0.882812 0.557813 0.881250 0.557813 0.876563 0.553125 0.875000 0.553125 0.871875 0.550000 0.870313 0.550000 0.867188 0.546875 0.865625 0.546875 0.864062 0.545312 0.862500 0.545312 0.860938 0.543750 0.859375 0.543750 0.857812 0.542188 0.856250 0.542188 0.853125 0.539062 0.851562 0.539062 0.850000 0.537500 0.848437 0.537500 0.845313 0.534375 0.843750 0.534375 0.840625 0.531250 0.839063 0.531250 0.835938 0.528125 0.834375 0.528125 0.829688 0.523438 0.828125 0.523438 0.826562 0.521875 0.825000 0.521875 0.821875 0.518750 0.820312 0.518750 0.817187 0.515625 0.815625 0.515625 0.814063 0.514062 0.810937 0.514062 0.809375 0.512500 0.807813 0.512500 0.803125 0.507812 0.801562 0.507812 0.800000 0.506250 0.798438 0.506250 0.796875 0.504687 0.795312 0.504687 0.793750 0.503125 0.792188 0.503125 0.787500 0.498437 0.785937 0.498437 0.784375 0.496875 0.782813 0.496875 0.779687 0.493750 0.778125 0.493750 0.775000 0.490625 0.773438 0.490625 0.770312 0.487500 0.768750 0.487500 0.767188 0.485938 0.765625 0.485938 0.764062 0.484375 0.759375 0.484375 0.757812 0.482812 0.753125 0.482812 0.748437 0.487500 0.746875 0.487500 0.745313 0.489063 0.734375 0.489063 0.732812 0.487500 0.731250 0.487500 0.729688 0.485938 0.729688 0.484375 0.728125 0.482812 0.728125 0.481250 0.725000 0.478125 0.726562 0.476562 0.726562 0.470313 0.728125 0.468750 0.728125 0.462500 0.723437 0.457813 0.721875 0.457813 0.720313 0.456250 0.718750 0.456250 0.717187 0.454688 0.714063 0.454688 0.712500 0.453125 0.710938 0.453125 0.709375 0.451562 0.707812 0.453125 0.707812 0.454688 0.706250 0.456250 0.706250 0.457813 0.704688 0.459375 0.704688 0.464062 0.703125 0.465625 0.703125 0.467187 0.701562 0.468750 0.701562 0.471875 0.700000 0.473438 0.700000 0.478125 0.698438 0.479687 0.698438 0.482812 0.696875 0.484375 0.696875 0.487500 0.695312 0.489063 0.695312 0.493750 0.693750 0.495312 0.693750 0.501563 0.692187 0.503125 0.692187 0.506250 0.690625 0.507812 0.690625 0.512500 0.689063 0.514062 0.689063 0.517188 0.687500 0.518750 0.687500 0.525000 0.685937 0.526563 0.685937 0.529687 0.684375 0.531250 0.684375 0.535937 0.682813 0.537500 0.682813 0.542188 0.681250 0.543750 0.681250 0.545312 0.679688 0.546875 0.679688 0.556250 0.678125 0.557813 0.678125 0.562500 0.676562 0.564063 0.676562 0.565625 0.678125 0.567187 0.676562 0.568750 0.676562 0.575000 0.675000 0.576562 0.675000 0.578125 0.673438 0.579688 0.671875 0.579688 0.670312 0.581250 0.662500 0.581250 0.660937 0.582812 0.653125 0.582812 0.651563 0.581250 0.650000 0.581250 0.646875 0.578125 0.646875 0.575000 0.645312 0.573438 0.645312 0.562500 0.646875 0.560937 0.646875 0.557813 0.648438 0.556250 0.648438 0.554688 0.650000 0.553125 0.650000 0.548438 0.651563 0.546875 0.651563 0.542188 0.653125 0.540625 0.653125 0.537500 0.654687 0.535937 0.654687 0.528125 0.656250 0.526563 0.656250 0.525000 0.657813 0.523438 0.657813 0.520312 0.659375 0.518750 0.659375 0.512500 0.660937 0.510938 0.660937 0.509375 0.662500 0.507812 0.662500 0.501563 0.664062 0.500000 0.664062 0.495312 0.665625 0.493750 0.665625 0.490625 0.667188 0.489063 0.667188 0.482812 0.668750 0.481250 0.668750 0.473438 0.667188 0.473438 0.665625 0.471875 0.645312 0.471875 0.643750 0.470313 0.640625 0.470313 0.639062 0.471875 0.635938 0.471875 0.634375 0.470313 0.629687 0.470313 0.628125 0.468750 0.629687 0.467187 0.631250 0.467187 0.632812 0.465625 0.640625 0.465625 0.642188 0.467187 0.653125 0.467187 0.654687 0.465625 0.664062 0.465625 0.664062 0.460938 0.665625 0.459375 0.667188 0.459375 0.667188 0.456250 0.668750 0.454688 0.668750 0.448437 0.667188 0.446875 0.670312 0.443750 0.671875 0.443750 0.671875 0.442188 0.670312 0.440625 0.668750 0.440625 0.667188 0.439063 0.667188 0.434375 0.662500 0.429688 0.662500 0.428125 0.660937 0.426563 0.657813 0.426563 0.656250 0.425000 0.651563 0.425000 0.635938 0.409375 0.632812 0.409375 0.626563 0.403125 0.625000 0.403125 0.623437 0.401562 0.621875 0.401562 0.620313 0.400000 0.620313 0.396875 0.617188 0.393750 0.615625 0.393750 0.612500 0.390625 0.610938 0.390625 0.609375 0.389062 0.607812 0.389062 0.601562 0.382812 0.601562 0.381250 0.598437 0.378125 0.596875 0.378125 0.595313 0.376563 0.593750 0.376563 0.592187 0.375000 0.590625 0.375000 0.589063 0.373437 0.587500 0.373437 0.582812 0.368750 0.581250 0.368750 0.576562 0.364063 0.575000 0.364063 0.573438 0.362500 0.571875 0.362500 0.570312 0.360938 0.560937 0.360938 0.559375 0.359375 0.525000 0.359375 0.523438 0.357812 0.518750 0.357812 0.517188 0.356250 0.515625 0.357812 0.507812 0.357812 0.506250 0.356250 0.500000 0.356250 0.495312 0.351562 0.493750 0.351562 0.492188 0.350000 0.490625 0.350000 0.489063 0.348438 0.489063 0.345313 0.487500 0.343750 0.487500 0.340625 0.485938 0.339062 0.485938 0.335938 0.489063 0.332813 0.492188 0.332813 0.493750 0.331250 0.496875 0.331250 0.498437 0.329688 0.498437 0.326562 0.492188 0.326562 0.490625 0.325000 0.490625 0.323437 0.492188 0.321875 0.493750 0.321875 0.495312 0.320312 0.498437 0.320312 0.500000 0.321875 0.501563 0.321875 0.503125 0.320312 0.504687 0.320312 0.504687 0.318750 0.506250 0.317188 0.503125 0.314063
0 0.470313 0.312500 0.470313 0.315625 0.471875 0.314063 0.473438 0.314063 0.471875 0.314063