0 0.987500 0.956250 0.985938 0.957812 0.985938 0.962500 0.984375 0.964063 0.984375 0.967187 0.985938 0.968750 0.985938 0.970313 0.987500 0.971875 0.987500 0.976562 0.985938 0.978125 0.985938 0.979688 0.984375 0.981250 0.984375 0.982812 0.985938 0.984375 0.985938 0.993750 0.990625 0.993750 0.992188 0.992188 0.992188 0.979688 0.990625 0.978125 0.992188 0.976562 0.992188 0.971875 0.990625 0.970313 0.995313 0.965625 0.993750 0.964063 0.993750 0.959375 0.990625 0.956250
0 0.987500 0.945312 0.984375 0.948438 0.982812 0.948438 0.981250 0.950000 0.975000 0.950000 0.981250 0.950000 0.982812 0.951562 0.984375 0.951562 0.985938 0.953125 0.992188 0.953125 0.993750 0.951562 0.995313 0.951562 0.996875 0.950000 0.998437 0.950000 0.996875 0.950000 0.995313 0.948438 0.995313 0.946875 0.993750 0.946875 0.992188 0.945312
0 0.993750 0.837500 0.992188 0.839063 0.992188 0.840625 0.993750 0.842187 0.995313 0.840625 0.996875 0.840625 0.995313 0.840625 0.993750 0.839063
0 0.993750 0.807813 0.992188 0.809375 0.992188 0.810937 0.993750 0.812500 0.993750 0.814063 0.992188 0.815625 0.992188 0.817187 0.987500 0.821875 0.985938 0.821875 0.985938 0.823438 0.984375 0.825000 0.985938 0.826562 0.990625 0.826562 0.992188 0.828125 0.993750 0.828125 0.995313 0.826562 0.995313 0.823438 0.993750 0.821875 0.993750 0.818750 0.995313 0.817187 0.993750 0.815625
0 0.984375 0.790625 0.984375 0.792188 0.982812 0.793750 0.984375 0.795312 0.989062 0.795312 0.990625 0.793750 0.987500 0.790625
0 0.943750 0.765625 0.942187 0.767188 0.942187 0.768750 0.939063 0.771875 0.935937 0.771875 0.935937 0.775000 0.942187 0.775000 0.942187 0.773438 0.945312 0.770312 0.950000 0.770312 0.950000 0.768750 0.946875 0.765625
0 0.960938 0.759375 0.959375 0.760938 0.959375 0.762500 0.965625 0.762500 0.962500 0.759375
0 0.954688 0.757812 0.954688 0.760938 0.956250 0.759375
0 0.946875 0.743750 0.945312 0.745313 0.945312 0.746875 0.946875 0.748437 0.950000 0.748437 0.950000 0.745313 0.948438 0.745313
0 0.931250 0.728125 0.931250 0.729688 0.934375 0.732812 0.934375 0.728125
0 0.923438 0.712500 0.923438 0.714063 0.926562 0.717187 0.928125 0.715625 0.926562 0.714063 0.926562 0.712500
0 0.907813 0.707812 0.907813 0.709375 0.909375 0.709375 0.909375 0.707812
0 0.906250 0.696875 0.906250 0.701562 0.907813 0.703125 0.909375 0.703125 0.910937 0.701562 0.912500 0.701562 0.912500 0.700000 0.910937 0.698438 0.909375 0.698438 0.907813 0.696875
0 0.939063 0.676562 0.937500 0.678125 0.935937 0.678125 0.934375 0.679688 0.932813 0.678125 0.931250 0.678125 0.929688 0.679688 0.928125 0.679688 0.926562 0.681250 0.925000 0.681250 0.918750 0.687500 0.915625 0.687500 0.915625 0.692187 0.917188 0.693750 0.918750 0.693750 0.920312 0.695312 0.920312 0.696875 0.921875 0.698438 0.921875 0.701562 0.923438 0.701562 0.925000 0.703125 0.926562 0.703125 0.928125 0.704688 0.928125 0.706250 0.931250 0.709375 0.932813 0.709375 0.935937 0.712500 0.935937 0.717187 0.940625 0.721875 0.940625 0.725000 0.948438 0.732812 0.950000 0.732812 0.953125 0.735938 0.953125 0.740625 0.960938 0.748437 0.965625 0.748437 0.968750 0.751563 0.968750 0.754687 0.970313 0.756250 0.973437 0.756250 0.976562 0.759375 0.976562 0.762500 0.978125 0.764062 0.982812 0.764062 0.984375 0.765625 0.984375 0.771875 0.992188 0.779687 0.992188 0.781250 0.993750 0.782813 0.993750 0.784375 0.995313 0.784375 0.996875 0.785937 0.998437 0.785937 0.998437 0.709375 0.996875 0.709375 0.995313 0.707812 0.992188 0.707812 0.990625 0.709375 0.989062 0.709375 0.987500 0.710938 0.985938 0.710938 0.984375 0.712500 0.982812 0.712500 0.981250 0.714063 0.978125 0.710938 0.973437 0.710938 0.971875 0.709375 0.970313 0.709375 0.968750 0.707812 0.965625 0.707812 0.964063 0.706250 0.962500 0.706250 0.960938 0.704688 0.959375 0.704688 0.948438 0.693750 0.948438 0.692187 0.945312 0.689063 0.945312 0.682813 0.943750 0.681250 0.943750 0.678125 0.942187 0.678125 0.940625 0.676562
0 0.854688 0.645312 0.856250 0.646875 0.857812 0.645312
0 0.954688 0.642188 0.953125 0.643750 0.951562 0.643750 0.950000 0.645312 0.946875 0.645312 0.948438 0.646875 0.950000 0.646875 0.951562 0.648438 0.951562 0.650000 0.953125 0.651563 0.953125 0.654687 0.948438 0.659375 0.946875 0.659375 0.945312 0.660937 0.945312 0.662500 0.946875 0.664062 0.946875 0.665625 0.945312 0.667188 0.945312 0.668750 0.946875 0.670312 0.954688 0.670312 0.956250 0.668750 0.957812 0.668750 0.957812 0.667188 0.959375 0.665625 0.959375 0.664062 0.962500 0.660937 0.960938 0.659375 0.960938 0.657813 0.964063 0.654687 0.968750 0.654687 0.970313 0.653125 0.973437 0.653125 0.973437 0.651563 0.975000 0.650000 0.975000 0.646875 0.973437 0.645312 0.965625 0.645312 0.962500 0.642188
0 0.846875 0.635938 0.845313 0.637500 0.846875 0.637500 0.848437 0.639062 0.850000 0.639062 0.851562 0.637500 0.854688 0.637500 0.851562 0.637500 0.850000 0.635938
0 0.875000 0.634375 0.875000 0.635938 0.873437 0.637500 0.875000 0.637500 0.876563 0.639062 0.882812 0.639062 0.884375 0.637500 0.885938 0.637500 0.884375 0.637500 0.882812 0.635938 0.881250 0.635938 0.879687 0.634375
0 0.790625 0.620313 0.789062 0.621875 0.790625 0.623437 0.792188 0.621875
0 0.796875 0.618750 0.795312 0.620313 0.795312 0.623437 0.796875 0.625000 0.796875 0.632812 0.798438 0.634375 0.798438 0.635938 0.800000 0.637500 0.798438 0.639062 0.798438 0.642188 0.800000 0.642188 0.801562 0.643750 0.801562 0.642188 0.804688 0.639062 0.806250 0.639062 0.806250 0.637500 0.807813 0.635938 0.809375 0.635938 0.810937 0.637500 0.810937 0.642188 0.812500 0.643750 0.812500 0.645312 0.818750 0.645312 0.820312 0.646875 0.821875 0.646875 0.821875 0.643750 0.820312 0.643750 0.818750 0.642188 0.818750 0.639062 0.817187 0.637500 0.817187 0.635938 0.814063 0.632812 0.814063 0.631250 0.812500 0.631250 0.810937 0.632812 0.803125 0.625000 0.804688 0.623437 0.803125 0.621875 0.803125 0.620313 0.801562 0.618750
0 0.539062 0.304688 0.537500 0.306250 0.532813 0.306250 0.531250 0.307812 0.531250 0.309375 0.529687 0.310937 0.521875 0.310937 0.520312 0.312500 0.515625 0.312500 0.514062 0.314063 0.512500 0.314063 0.510938 0.312500 0.498437 0.312500 0.496875 0.310937 0.495312 0.310937 0.493750 0.309375 0.493750 0.307812 0.492188 0.307812 0.490625 0.309375 0.487500 0.309375 0.485938 0.310937 0.484375 0.310937 0.482812 0.312500 0.479687 0.312500 0.478125 0.310937 0.476562 0.312500 0.468750 0.312500 0.467187 0.314063 0.459375 0.314063 0.457813 0.315625 0.456250 0.315625 0.454688 0.314063 0.454688 0.315625 0.453125 0.317188 0.453125 0.328125 0.451562 0.329688 0.451562 0.335938 0.453125 0.337500 0.453125 0.340625 0.451562 0.342187 0.445312 0.342187 0.443750 0.343750 0.442188 0.343750 0.440625 0.345313 0.439063 0.345313 0.439063 0.346875 0.440625 0.348438 0.440625 0.353125 0.442188 0.354687 0.442188 0.356250 0.440625 0.357812 0.440625 0.359375 0.439063 0.360938 0.440625 0.362500 0.440625 0.364063 0.439063 0.365625 0.439063 0.367188 0.434375 0.371875 0.432812 0.371875 0.431250 0.373437 0.425000 0.373437 0.423438 0.371875 0.423438 0.375000 0.421875 0.376563 0.421875 0.378125 0.420312 0.379688 0.414062 0.379688 0.414062 0.381250 0.410938 0.384375 0.409375 0.382812 0.400000 0.382812 0.398438 0.384375 0.398438 0.385937 0.396875 0.387500 0.396875 0.392188 0.395313 0.393750 0.393750 0.393750 0.392188 0.395313 0.392188 0.398438 0.390625 0.400000 0.390625 0.401562 0.389062 0.403125 0.389062 0.404687 0.387500 0.406250 0.382812 0.406250 0.378125 0.410938 0.376563 0.410938 0.375000 0.412500 0.362500 0.412500 0.360938 0.414062 0.356250 0.414062 0.354687 0.415625 0.353125 0.415625 0.353125 0.418750 0.351562 0.420312 0.351562 0.426563 0.348438 0.429688 0.345313 0.429688 0.343750 0.431250 0.339062 0.431250 0.337500 0.432812 0.335938 0.432812 0.334375 0.434375 0.334375 0.435937 0.332813 0.437500 0.332813 0.439063 0.329688 0.442188 0.306250 0.442188 0.306250 0.443750 0.304688 0.445312 0.304688 0.451562 0.303125 0.453125 0.303125 0.454688 0.301563 0.456250 0.300000 0.456250 0.298438 0.457813 0.275000 0.457813 0.271875 0.460938 0.271875 0.464062 0.270313 0.465625 0.270313 0.470313 0.265625 0.475000 0.243750 0.475000 0.242188 0.473438 0.226562 0.473438 0.225000 0.471875 0.210938 0.471875 0.209375 0.470313 0.195312 0.470313 0.193750 0.468750 0.181250 0.468750 0.178125 0.471875 0.178125 0.473438 0.176563 0.475000 0.176563 0.481250 0.175000 0.482812 0.175000 0.485938 0.173437 0.487500 0.173437 0.490625 0.171875 0.492188 0.171875 0.493750 0.170313 0.495312 0.170313 0.498437 0.168750 0.500000 0.168750 0.503125 0.167187 0.504687 0.167187 0.506250 0.164062 0.509375 0.164062 0.510938 0.156250 0.518750 0.154688 0.518750 0.153125 0.520312 0.151562 0.520312 0.150000 0.521875 0.143750 0.521875 0.142187 0.523438 0.134375 0.523438 0.132812 0.525000 0.128125 0.525000 0.126562 0.526563 0.123438 0.526563 0.121875 0.528125 0.110937 0.528125 0.109375 0.529687 0.093750 0.529687 0.092188 0.531250 0.085938 0.531250 0.084375 0.529687 0.082812 0.529687 0.081250 0.531250 0.056250 0.531250 0.054688 0.529687 0.046875 0.529687 0.045312 0.528125 0.037500 0.528125 0.035937 0.526563 0.025000 0.526563 0.021875 0.523438 0.017188 0.523438 0.015625 0.521875 0.014063 0.521875 0.012500 0.520312 0.009375 0.520312 0.004687 0.515625 0.000000 0.515625 0.000000 0.781250 0.006250 0.787500 0.006250 0.789062 0.007812 0.790625 0.006250 0.792188 0.004687 0.792188 0.004687 0.793750 0.003125 0.795312 0.003125 0.818750 0.001563 0.820312 0.001563 0.823438 0.000000 0.825000 0.003125 0.828125 0.003125 0.829688 0.001563 0.831250 0.001563 0.834375 0.003125 0.835938 0.003125 0.843750 0.001563 0.845313 0.001563 0.846875 0.000000 0.848437 0.000000 0.850000 0.001563 0.851562 0.001563 0.853125 0.000000 0.854688 0.000000 0.867188 0.001563 0.868750 0.001563 0.870313 0.000000 0.871875 0.001563 0.873437 0.001563 0.879687 0.003125 0.881250 0.003125 0.925000 0.004687 0.926562 0.003125 0.928125 0.003125 0.987500 0.001563 0.989062 0.001563 0.993750 0.003125 0.995313 0.003125 0.998437 0.057813 0.998437 0.057813 0.996875 0.059375 0.995313 0.060937 0.995313 0.062500 0.996875 0.062500 0.998437 0.832812 0.998437 0.835938 0.995313 0.839063 0.995313 0.840625 0.993750 0.843750 0.993750 0.845313 0.992188 0.848437 0.995313 0.854688 0.995313 0.856250 0.996875 0.859375 0.996875 0.860938 0.998437 0.865625 0.998437 0.867188 0.996875 0.870313 0.996875 0.871875 0.998437 0.881250 0.998437 0.884375 0.995313 0.890625 0.995313 0.892188 0.996875 0.893750 0.995313 0.898438 0.995313 0.900000 0.996875 0.903125 0.996875 0.904687 0.998437 0.907813 0.998437 0.907813 0.993750 0.906250 0.992188 0.904687 0.992188 0.901563 0.989062 0.901563 0.987500 0.900000 0.985938 0.900000 0.984375 0.903125 0.981250 0.898438 0.976562 0.898438 0.975000 0.893750 0.970313 0.895312 0.968750 0.895312 0.967187 0.898438 0.964063 0.901563 0.964063 0.903125 0.962500 0.904687 0.962500 0.907813 0.959375 0.910937 0.959375 0.912500 0.957812 0.914062 0.957812 0.915625 0.956250 0.917188 0.956250 0.920312 0.953125 0.925000 0.953125 0.926562 0.951562 0.931250 0.951562 0.932813 0.950000 0.935937 0.950000 0.939063 0.946875 0.945312 0.946875 0.948438 0.943750 0.951562 0.943750 0.953125 0.942187 0.960938 0.942187 0.962500 0.940625 0.962500 0.939063 0.964063 0.937500 0.967187 0.937500 0.970313 0.940625 0.971875 0.940625 0.973437 0.939063 0.978125 0.939063 0.979688 0.937500 0.982812 0.937500 0.984375 0.939063 0.984375 0.940625 0.992188 0.940625 0.993750 0.939063 0.995313 0.939063 0.998437 0.935937 0.998437 0.928125 0.995313 0.925000 0.995313 0.923438 0.998437 0.920312 0.998437 0.914062 0.996875 0.914062 0.995313 0.912500 0.995313 0.910937 0.992188 0.907813 0.995313 0.904687 0.996875 0.904687 0.998437 0.903125 0.998437 0.896875 0.996875 0.896875 0.995313 0.895312 0.995313 0.893750 0.993750 0.892188 0.993750 0.890625 0.995313 0.889062 0.995313 0.887500 0.998437 0.884375 0.998437 0.881250 0.995313 0.878125 0.995313 0.876563 0.993750 0.875000 0.993750 0.873437 0.990625 0.870313 0.990625 0.868750 0.989062 0.867188 0.989062 0.865625 0.982812 0.859375 0.981250 0.859375 0.976562 0.854688 0.976562 0.853125 0.975000 0.851562 0.975000 0.850000 0.973437 0.850000 0.971875 0.848437 0.971875 0.846875 0.968750 0.843750 0.968750 0.842187 0.967187 0.840625 0.967187 0.839063 0.964063 0.835938 0.964063 0.834375 0.962500 0.834375 0.960938 0.832812 0.960938 0.831250 0.959375 0.829688 0.959375 0.828125 0.956250 0.825000 0.956250 0.823438 0.951562 0.818750 0.950000 0.818750 0.948438 0.817187 0.948438 0.815625 0.946875 0.814063 0.946875 0.812500 0.945312 0.810937 0.945312 0.809375 0.943750 0.807813 0.943750 0.806250 0.934375 0.796875 0.934375 0.795312 0.932813 0.793750 0.932813 0.792188 0.929688 0.789062 0.929688 0.787500 0.923438 0.781250 0.923438 0.779687 0.921875 0.778125 0.921875 0.776563 0.915625 0.770312 0.915625 0.768750 0.912500 0.765625 0.912500 0.764062 0.910937 0.762500 0.910937 0.760938 0.909375 0.759375 0.909375 0.757812 0.907813 0.756250 0.907813 0.754687 0.906250 0.753125 0.904687 0.753125 0.901563 0.750000 0.901563 0.746875 0.898438 0.743750 0.898438 0.742188 0.890625 0.734375 0.890625 0.731250 0.889062 0.731250 0.887500 0.729688 0.887500 0.726562 0.885938 0.725000 0.885938 0.723437 0.884375 0.723437 0.882812 0.721875 0.882812 0.720313 0.881250 0.718750 0.881250 0.717187 0.879687 0.715625 0.879687 0.714063 0.878125 0.712500 0.878125 0.710938 0.879687 0.709375 0.881250 0.710938 0.882812 0.710938 0.887500 0.715625 0.887500 0.717187 0.889062 0.717187 0.889062 0.707812 0.884375 0.703125 0.882812 0.703125 0.881250 0.701562 0.879687 0.701562 0.879687 0.704688 0.876563 0.707812 0.873437 0.707812 0.868750 0.703125 0.871875 0.700000 0.871875 0.696875 0.873437 0.695312 0.875000 0.695312 0.876563 0.693750 0.881250 0.693750 0.881250 0.692187 0.878125 0.692187 0.876563 0.690625 0.875000 0.690625 0.873437 0.689063 0.873437 0.684375 0.871875 0.682813 0.868750 0.682813 0.867188 0.681250 0.854688 0.681250 0.853125 0.679688 0.851562 0.679688 0.850000 0.678125 0.846875 0.678125 0.845313 0.676562 0.839063 0.676562 0.837500 0.675000 0.828125 0.675000 0.826562 0.673438 0.820312 0.673438 0.818750 0.671875 0.809375 0.671875 0.807813 0.670312 0.804688 0.670312 0.803125 0.668750 0.795312 0.668750 0.793750 0.667188 0.787500 0.667188 0.785937 0.665625 0.771875 0.665625 0.770312 0.664062 0.740625 0.664062 0.739062 0.662500 0.734375 0.662500 0.731250 0.659375 0.728125 0.659375 0.725000 0.656250 0.725000 0.654687 0.721875 0.651563 0.721875 0.650000 0.720313 0.648438 0.721875 0.646875 0.721875 0.642188 0.725000 0.639062 0.725000 0.637500 0.728125 0.634375 0.728125 0.632812 0.737500 0.623437 0.737500 0.621875 0.739062 0.620313 0.739062 0.618750 0.742188 0.615625 0.742188 0.610938 0.740625 0.609375 0.737500 0.609375 0.735938 0.607812 0.732812 0.607812 0.731250 0.606250 0.729688 0.606250 0.728125 0.604688 0.726562 0.604688 0.723437 0.601562 0.721875 0.601562 0.715625 0.595313 0.717187 0.593750 0.717187 0.592187 0.718750 0.590625 0.718750 0.584375 0.717187 0.584375 0.715625 0.582812 0.712500 0.582812 0.710938 0.581250 0.709375 0.581250 0.707812 0.579688 0.706250 0.579688 0.703125 0.576562 0.703125 0.575000 0.701562 0.573438 0.701562 0.567187 0.703125 0.565625 0.703125 0.564063 0.704688 0.562500 0.704688 0.560937 0.707812 0.557813 0.707812 0.554688 0.709375 0.553125 0.709375 0.550000 0.707812 0.548438 0.700000 0.548438 0.698438 0.546875 0.695312 0.546875 0.693750 0.545312 0.687500 0.545312 0.685937 0.543750 0.684375 0.543750 0.679688 0.539062 0.679688 0.534375 0.678125 0.532813 0.678125 0.531250 0.679688 0.529687 0.679688 0.526563 0.678125 0.525000 0.678125 0.523438 0.673438 0.518750 0.673438 0.514062 0.675000 0.512500 0.675000 0.509375 0.676562 0.507812 0.676562 0.506250 0.678125 0.504687 0.678125 0.496875 0.679688 0.495312 0.679688 0.490625 0.681250 0.489063 0.678125 0.485938 0.678125 0.484375 0.675000 0.484375 0.673438 0.482812 0.651563 0.482812 0.650000 0.481250 0.648438 0.481250 0.646875 0.479687 0.645312 0.479687 0.640625 0.475000 0.640625 0.467187 0.635938 0.462500 0.635938 0.460938 0.634375 0.459375 0.634375 0.456250 0.632812 0.454688 0.634375 0.453125 0.634375 0.446875 0.632812 0.445312 0.632812 0.442188 0.631250 0.440625 0.631250 0.435937 0.632812 0.434375 0.632812 0.431250 0.634375 0.429688 0.634375 0.425000 0.635938 0.423438 0.635938 0.421875 0.637500 0.420312 0.637500 0.417187 0.639062 0.415625 0.639062 0.414062 0.640625 0.412500 0.640625 0.407813 0.645312 0.403125 0.645312 0.401562 0.643750 0.400000 0.642188 0.400000 0.640625 0.398438 0.639062 0.398438 0.631250 0.390625 0.631250 0.384375 0.629687 0.382812 0.629687 0.379688 0.628125 0.378125 0.628125 0.376563 0.620313 0.368750 0.620313 0.367188 0.621875 0.365625 0.623437 0.365625 0.625000 0.367188 0.628125 0.367188 0.629687 0.365625 0.631250 0.365625 0.632812 0.364063 0.637500 0.364063 0.637500 0.359375 0.635938 0.359375 0.634375 0.357812 0.631250 0.357812 0.629687 0.356250 0.631250 0.354687 0.632812 0.354687 0.634375 0.353125 0.635938 0.353125 0.637500 0.351562 0.637500 0.350000 0.639062 0.348438 0.635938 0.348438 0.634375 0.346875 0.626563 0.346875 0.625000 0.348438 0.625000 0.350000 0.626563 0.351562 0.626563 0.353125 0.629687 0.356250 0.629687 0.357812 0.628125 0.359375 0.625000 0.359375 0.623437 0.360938 0.618750 0.360938 0.614062 0.356250 0.614062 0.348438 0.610938 0.348438 0.609375 0.346875 0.607812 0.346875 0.606250 0.345313 0.601562 0.345313 0.600000 0.343750 0.595313 0.343750 0.592187 0.340625 0.592187 0.331250 0.587500 0.326562 0.587500 0.325000 0.584375 0.321875 0.584375 0.315625 0.581250 0.312500 0.579688 0.312500 0.578125 0.310937 0.576562 0.310937 0.575000 0.309375 0.573438 0.309375 0.571875 0.307812 0.568750 0.307812 0.567187 0.306250 0.564063 0.306250 0.562500 0.307812 0.559375 0.307812 0.557813 0.306250 0.554688 0.306250 0.553125 0.304688 0.548438 0.304688 0.546875 0.306250 0.542188 0.306250 0.540625 0.304688