0 0.015625 0.828125 0.014063 0.829688 0.015625 0.829688 0.017188 0.831250 0.018750 0.829688 0.023438 0.829688 0.021875 0.829688 0.020313 0.828125
0 0.079687 0.771875 0.078125 0.773438 0.078125 0.776563 0.081250 0.776563 0.082812 0.775000 0.084375 0.775000 0.084375 0.773438 0.082812 0.771875
0 0.064062 0.771875 0.062500 0.773438 0.062500 0.775000 0.064062 0.776563 0.065625 0.775000 0.067187 0.775000 0.067187 0.773438 0.065625 0.773438
0 0.095312 0.757812 0.095312 0.759375 0.096875 0.759375 0.096875 0.757812
0 0.079687 0.757812 0.079687 0.759375 0.081250 0.759375
0 0.046875 0.757812 0.046875 0.760938 0.045312 0.762500 0.043750 0.762500 0.045312 0.762500 0.046875 0.760938 0.048438 0.760938 0.050000 0.759375 0.050000 0.757812
0 0.128125 0.756250 0.126562 0.757812 0.125000 0.757812 0.125000 0.759375 0.132812 0.759375 0.132812 0.757812 0.131250 0.756250
0 0.114062 0.754687 0.112500 0.756250 0.110937 0.756250 0.109375 0.757812 0.109375 0.759375 0.110937 0.760938 0.114062 0.760938 0.115625 0.759375 0.115625 0.757812 0.114062 0.756250
0 0.004687 0.745313 0.004687 0.746875 0.001563 0.750000 0.000000 0.750000 0.000000 0.753125 0.001563 0.754687 0.001563 0.756250 0.003125 0.757812 0.003125 0.762500 0.000000 0.765625 0.000000 0.768750 0.003125 0.771875 0.003125 0.778125 0.000000 0.781250 0.000000 0.787500 0.003125 0.790625 0.000000 0.793750 0.000000 0.801562 0.003125 0.804688 0.003125 0.807813 0.001563 0.809375 0.001563 0.810937 0.000000 0.812500 0.000000 0.814063 0.003125 0.817187 0.003125 0.821875 0.000000 0.825000 0.000000 0.831250 0.006250 0.831250 0.007812 0.829688 0.009375 0.829688 0.007812 0.828125 0.007812 0.826562 0.006250 0.825000 0.009375 0.821875 0.010937 0.821875 0.012500 0.820312 0.014063 0.821875 0.026562 0.821875 0.028125 0.820312 0.029687 0.820312 0.031250 0.821875 0.032813 0.821875 0.034375 0.820312 0.035937 0.820312 0.040625 0.815625 0.043750 0.815625 0.045312 0.814063 0.050000 0.814063 0.050000 0.812500 0.048438 0.812500 0.046875 0.810937 0.046875 0.809375 0.048438 0.807813 0.053125 0.807813 0.054688 0.806250 0.064062 0.806250 0.065625 0.804688 0.067187 0.804688 0.067187 0.803125 0.070312 0.800000 0.073438 0.800000 0.075000 0.798438 0.078125 0.798438 0.079687 0.796875 0.079687 0.793750 0.081250 0.792188 0.082812 0.792188 0.084375 0.790625 0.087500 0.790625 0.090625 0.787500 0.092188 0.787500 0.093750 0.785937 0.098437 0.785937 0.100000 0.784375 0.101562 0.784375 0.103125 0.782813 0.103125 0.781250 0.101562 0.779687 0.100000 0.779687 0.098437 0.778125 0.100000 0.776563 0.103125 0.776563 0.104688 0.775000 0.114062 0.775000 0.115625 0.773438 0.115625 0.771875 0.120313 0.767188 0.118750 0.765625 0.109375 0.765625 0.109375 0.768750 0.107813 0.770312 0.106250 0.770312 0.104688 0.771875 0.103125 0.771875 0.101562 0.770312 0.103125 0.768750 0.103125 0.767188 0.101562 0.767188 0.100000 0.768750 0.098437 0.768750 0.095312 0.765625 0.093750 0.767188 0.095312 0.768750 0.095312 0.770312 0.093750 0.771875 0.093750 0.773438 0.092188 0.775000 0.093750 0.776563 0.093750 0.779687 0.092188 0.781250 0.084375 0.781250 0.082812 0.782813 0.081250 0.781250 0.078125 0.781250 0.078125 0.784375 0.076563 0.785937 0.076563 0.792188 0.078125 0.793750 0.078125 0.795312 0.076563 0.796875 0.070312 0.796875 0.067187 0.793750 0.070312 0.790625 0.071875 0.790625 0.071875 0.789062 0.064062 0.781250 0.062500 0.781250 0.062500 0.784375 0.059375 0.787500 0.056250 0.787500 0.054688 0.785937 0.056250 0.784375 0.056250 0.782813 0.051562 0.782813 0.050000 0.781250 0.048438 0.781250 0.045312 0.778125 0.046875 0.776563 0.050000 0.776563 0.051562 0.775000 0.053125 0.775000 0.050000 0.771875 0.046875 0.771875 0.045312 0.770312 0.046875 0.768750 0.048438 0.768750 0.048438 0.765625 0.046875 0.765625 0.046875 0.768750 0.045312 0.770312 0.043750 0.770312 0.040625 0.767188 0.040625 0.765625 0.039062 0.765625 0.037500 0.764062 0.037500 0.753125 0.034375 0.750000 0.028125 0.750000 0.026562 0.751563 0.025000 0.751563 0.023438 0.750000 0.021875 0.750000 0.020313 0.748437 0.018750 0.750000 0.015625 0.750000 0.015625 0.751563 0.014063 0.753125 0.014063 0.754687 0.015625 0.754687 0.017188 0.756250 0.017188 0.760938 0.018750 0.762500 0.017188 0.764062 0.014063 0.764062 0.014063 0.768750 0.012500 0.770312 0.015625 0.773438 0.015625 0.776563 0.014063 0.778125 0.012500 0.778125 0.012500 0.781250 0.010937 0.782813 0.009375 0.782813 0.006250 0.779687 0.006250 0.775000 0.007812 0.773438 0.007812 0.768750 0.009375 0.767188 0.006250 0.764062 0.006250 0.757812 0.007812 0.756250 0.007812 0.750000 0.004687 0.746875
0 0.017188 0.735938 0.017188 0.737500 0.018750 0.737500 0.020313 0.739062 0.020313 0.737500 0.021875 0.735938
0 0.004687 0.734375 0.003125 0.735938 0.001563 0.735938 0.003125 0.737500 0.003125 0.740625 0.004687 0.742188 0.006250 0.740625 0.006250 0.735938
0 0.003125 0.670312 0.001563 0.671875 0.000000 0.671875 0.000000 0.673438 0.006250 0.673438 0.006250 0.671875 0.004687 0.670312
0 0.000000 0.653125 0.000000 0.656250 0.001563 0.657813 0.000000 0.659375 0.000000 0.660937 0.003125 0.660937 0.006250 0.657813 0.004687 0.657813 0.003125 0.656250 0.001563 0.656250 0.000000 0.654687
0 0.000000 0.640625 0.000000 0.646875 0.003125 0.643750 0.003125 0.642188 0.001563 0.640625
0 0.548438 0.626563 0.548438 0.629687 0.559375 0.629687 0.559375 0.628125 0.560937 0.626563
0 0.476562 0.610938 0.473438 0.614062 0.481250 0.614062 0.481250 0.612500 0.482812 0.610938
0 0.993750 0.589063 0.992188 0.590625 0.998437 0.590625 0.995313 0.590625
0 0.346875 0.564063 0.362500 0.564063 0.364063 0.565625 0.365625 0.564063 0.367188 0.564063
0 0.379688 0.550000 0.378125 0.551562 0.381250 0.551562
0 0.317188 0.546875 0.315625 0.548438 0.300000 0.548438 0.310937 0.548438 0.314063 0.551562 0.328125 0.551562 0.329688 0.553125 0.334375 0.553125 0.335938 0.551562 0.345313 0.551562 0.348438 0.554688 0.350000 0.554688 0.351562 0.553125 0.359375 0.553125 0.360938 0.554688 0.365625 0.554688 0.367188 0.553125 0.373437 0.553125 0.375000 0.551562 0.371875 0.548438 0.370312 0.550000 0.365625 0.550000 0.364063 0.548438 0.362500 0.548438 0.360938 0.550000 0.359375 0.548438 0.346875 0.548438 0.345313 0.550000 0.343750 0.548438 0.318750 0.548438
0 0.423438 0.514062 0.420312 0.517188 0.421875 0.517188 0.425000 0.520312 0.429688 0.520312 0.431250 0.518750 0.431250 0.514062 0.428125 0.514062 0.426563 0.515625 0.425000 0.514062
0 0.181250 0.512500 0.179688 0.514062 0.175000 0.514062 0.173437 0.515625 0.165625 0.515625 0.164062 0.517188 0.159375 0.517188 0.157812 0.518750 0.154688 0.518750 0.153125 0.520312 0.143750 0.520312 0.142187 0.521875 0.139063 0.521875 0.137500 0.523438 0.129688 0.523438 0.128125 0.525000 0.120313 0.525000 0.118750 0.526563 0.115625 0.526563 0.114062 0.528125 0.104688 0.528125 0.103125 0.529687 0.098437 0.529687 0.096875 0.531250 0.092188 0.531250 0.090625 0.532813 0.084375 0.532813 0.082812 0.534375 0.078125 0.534375 0.076563 0.535937 0.068750 0.535937 0.067187 0.537500 0.062500 0.537500 0.060937 0.539062 0.054688 0.539062 0.053125 0.540625 0.045312 0.540625 0.043750 0.542188 0.039062 0.542188 0.037500 0.543750 0.031250 0.543750 0.029687 0.545312 0.028125 0.545312 0.026562 0.546875 0.020313 0.546875 0.018750 0.548438 0.015625 0.548438 0.014063 0.550000 0.007812 0.550000 0.006250 0.551562 0.000000 0.551562 0.000000 0.635938 0.001563 0.634375 0.003125 0.634375 0.004687 0.632812 0.009375 0.632812 0.010937 0.631250 0.012500 0.631250 0.014063 0.629687 0.018750 0.629687 0.020313 0.628125 0.021875 0.628125 0.023438 0.626563 0.025000 0.626563 0.026562 0.625000 0.031250 0.625000 0.032813 0.626563 0.032813 0.628125 0.034375 0.629687 0.035937 0.629687 0.037500 0.628125 0.037500 0.625000 0.035937 0.625000 0.034375 0.623437 0.037500 0.620313 0.040625 0.620313 0.042188 0.618750 0.045312 0.618750 0.046875 0.617188 0.050000 0.617188 0.051562 0.615625 0.053125 0.615625 0.054688 0.614062 0.056250 0.614062 0.057813 0.612500 0.064062 0.612500 0.067187 0.609375 0.070312 0.609375 0.075000 0.604688 0.079687 0.604688 0.081250 0.603125 0.082812 0.603125 0.084375 0.601562 0.087500 0.601562 0.089063 0.600000 0.093750 0.600000 0.095312 0.598437 0.096875 0.598437 0.098437 0.596875 0.100000 0.596875 0.101562 0.595313 0.103125 0.595313 0.104688 0.593750 0.112500 0.593750 0.112500 0.592187 0.115625 0.589063 0.117188 0.589063 0.118750 0.587500 0.121875 0.587500 0.123438 0.585938 0.128125 0.585938 0.129688 0.584375 0.131250 0.584375 0.132812 0.582812 0.134375 0.582812 0.137500 0.579688 0.139063 0.579688 0.140625 0.581250 0.142187 0.581250 0.143750 0.579688 0.145313 0.579688 0.146875 0.578125 0.148438 0.578125 0.153125 0.573438 0.157812 0.573438 0.159375 0.571875 0.160938 0.571875 0.162500 0.570312 0.165625 0.570312 0.167187 0.568750 0.171875 0.568750 0.173437 0.567187 0.175000 0.567187 0.176563 0.565625 0.178125 0.565625 0.179688 0.564063 0.181250 0.564063 0.182812 0.562500 0.187500 0.562500 0.189062 0.564063 0.190625 0.562500 0.190625 0.560937 0.193750 0.557813 0.195312 0.557813 0.196875 0.556250 0.198437 0.556250 0.200000 0.554688 0.204687 0.554688 0.206250 0.553125 0.207813 0.553125 0.209375 0.551562 0.210938 0.551562 0.214062 0.548438 0.218750 0.548438 0.220312 0.550000 0.220312 0.553125 0.221875 0.553125 0.221875 0.551562 0.225000 0.548438 0.226562 0.548438 0.228125 0.546875 0.228125 0.545312 0.231250 0.542188 0.234375 0.542188 0.235937 0.540625 0.237500 0.540625 0.239063 0.539062 0.243750 0.539062 0.245312 0.537500 0.253125 0.537500 0.254688 0.535937 0.256250 0.535937 0.259375 0.532813 0.259375 0.515625 0.257812 0.514062 0.239063 0.514062 0.237500 0.515625 0.235937 0.515625 0.234375 0.517188 0.218750 0.517188 0.217188 0.515625 0.212500 0.515625 0.210938 0.514062 0.187500 0.514062 0.185938 0.512500
0 0.585938 0.500000 0.584375 0.501563 0.584375 0.503125 0.585938 0.504687 0.596875 0.504687 0.598437 0.506250 0.600000 0.506250 0.601562 0.507812 0.607812 0.507812 0.609375 0.509375 0.614062 0.509375 0.615625 0.510938 0.621875 0.510938 0.623437 0.512500 0.629687 0.512500 0.631250 0.514062 0.639062 0.514062 0.640625 0.515625 0.642188 0.515625 0.643750 0.514062 0.646875 0.514062 0.648438 0.515625 0.648438 0.517188 0.650000 0.518750 0.656250 0.518750 0.657813 0.520312 0.659375 0.520312 0.660937 0.518750 0.662500 0.520312 0.664062 0.520312 0.665625 0.521875 0.678125 0.521875 0.679688 0.523438 0.684375 0.523438 0.685937 0.525000 0.692187 0.525000 0.693750 0.526563 0.695312 0.526563 0.696875 0.528125 0.706250 0.528125 0.707812 0.529687 0.709375 0.529687 0.712500 0.532813 0.714063 0.531250 0.721875 0.531250 0.726562 0.535937 0.740625 0.535937 0.742188 0.537500 0.750000 0.537500 0.751563 0.539062 0.756250 0.539062 0.757812 0.540625 0.765625 0.540625 0.767188 0.542188 0.771875 0.542188 0.773438 0.543750 0.785937 0.543750 0.790625 0.548438 0.801562 0.548438 0.804688 0.551562 0.817187 0.551562 0.820312 0.554688 0.826562 0.554688 0.828125 0.556250 0.834375 0.556250 0.835938 0.557813 0.842187 0.557813 0.843750 0.559375 0.851562 0.559375 0.853125 0.560937 0.859375 0.560937 0.860938 0.562500 0.865625 0.562500 0.867188 0.564063 0.868750 0.564063 0.870313 0.565625 0.875000 0.565625 0.876563 0.567187 0.882812 0.567187 0.884375 0.568750 0.895312 0.568750 0.896875 0.570312 0.898438 0.570312 0.900000 0.571875 0.912500 0.571875 0.915625 0.575000 0.928125 0.575000 0.929688 0.576562 0.932813 0.576562 0.934375 0.578125 0.943750 0.578125 0.945312 0.579688 0.948438 0.579688 0.950000 0.581250 0.954688 0.581250 0.956250 0.582812 0.960938 0.582812 0.962500 0.584375 0.975000 0.584375 0.978125 0.587500 0.979688 0.587500 0.981250 0.585938 0.982812 0.587500 0.985938 0.587500 0.985938 0.585938 0.984375 0.584375 0.984375 0.582812 0.985938 0.581250 0.987500 0.581250 0.989062 0.582812 0.989062 0.584375 0.995313 0.584375 0.996875 0.585938 0.998437 0.585938 0.998437 0.551562 0.993750 0.546875 0.990625 0.550000 0.985938 0.550000 0.982812 0.546875 0.982812 0.543750 0.976562 0.543750 0.975000 0.545312 0.970313 0.545312 0.967187 0.542188 0.965625 0.542188 0.964063 0.543750 0.962500 0.543750 0.960938 0.545312 0.932813 0.545312 0.931250 0.543750 0.929688 0.545312 0.920312 0.545312 0.918750 0.543750 0.917188 0.543750 0.915625 0.542188 0.912500 0.542188 0.910937 0.540625 0.907813 0.540625 0.906250 0.539062 0.893750 0.539062 0.892188 0.537500 0.875000 0.537500 0.873437 0.535937 0.870313 0.535937 0.868750 0.534375 0.867188 0.534375 0.865625 0.535937 0.864062 0.535937 0.862500 0.534375 0.860938 0.534375 0.859375 0.532813 0.856250 0.532813 0.854688 0.531250 0.842187 0.531250 0.840625 0.529687 0.814063 0.529687 0.807813 0.523438 0.793750 0.523438 0.792188 0.521875 0.789062 0.521875 0.787500 0.523438 0.784375 0.523438 0.782813 0.521875 0.776563 0.521875 0.775000 0.520312 0.773438 0.521875 0.764062 0.521875 0.762500 0.520312 0.748437 0.520312 0.746875 0.518750 0.742188 0.518750 0.740625 0.517188 0.734375 0.517188 0.732812 0.515625 0.723437 0.515625 0.721875 0.514062 0.704688 0.514062 0.703125 0.512500 0.698438 0.512500 0.696875 0.510938 0.693750 0.510938 0.692187 0.509375 0.684375 0.509375 0.682813 0.507812 0.662500 0.507812 0.660937 0.506250 0.654687 0.506250 0.653125 0.504687 0.648438 0.504687 0.646875 0.503125 0.643750 0.503125 0.642188 0.501563 0.640625 0.501563 0.639062 0.503125 0.635938 0.503125 0.634375 0.501563 0.629687 0.501563 0.628125 0.503125 0.625000 0.503125 0.623437 0.501563 0.600000 0.501563 0.598437 0.500000
0 0.506250 0.487500 0.504687 0.489063 0.521875 0.489063 0.523438 0.490625 0.528125 0.490625 0.531250 0.493750 0.532813 0.493750 0.534375 0.495312 0.543750 0.495312 0.545312 0.496875 0.550000 0.496875 0.551562 0.498437 0.556250 0.498437 0.557813 0.500000 0.560937 0.500000 0.562500 0.501563 0.571875 0.501563 0.573438 0.500000 0.575000 0.500000 0.576562 0.498437 0.576562 0.495312 0.575000 0.493750 0.575000 0.490625 0.570312 0.490625 0.570312 0.493750 0.568750 0.495312 0.557813 0.495312 0.556250 0.493750 0.550000 0.493750 0.548438 0.492188 0.543750 0.492188 0.542188 0.490625 0.535937 0.490625 0.534375 0.489063 0.528125 0.489063 0.526563 0.487500