0 0.570312 0.996875 0.570312 0.998437 0.571875 0.998437 0.571875 0.996875
0 0.993750 0.917188 0.992188 0.918750 0.992188 0.925000 0.990625 0.926562 0.989062 0.926562 0.989062 0.928125 0.987500 0.929688 0.987500 0.931250 0.984375 0.934375 0.982812 0.934375 0.984375 0.934375 0.985938 0.935937 0.985938 0.937500 0.987500 0.935937 0.989062 0.935937 0.990625 0.937500 0.990625 0.939063 0.989062 0.940625 0.989062 0.946875 0.993750 0.951562 0.998437 0.951562 0.998437 0.948438 0.996875 0.948438 0.992188 0.943750 0.992188 0.940625 0.993750 0.939063 0.993750 0.937500 0.995313 0.935937 0.996875 0.935937 0.998437 0.934375 0.996875 0.934375 0.993750 0.931250 0.993750 0.928125 0.992188 0.926562 0.993750 0.925000 0.993750 0.921875 0.995313 0.920312 0.995313 0.918750
0 0.992188 0.881250 0.987500 0.885938 0.985938 0.885938 0.984375 0.884375 0.984375 0.882812 0.970313 0.882812 0.968750 0.884375 0.968750 0.887500 0.970313 0.885938 0.971875 0.885938 0.973437 0.884375 0.975000 0.884375 0.979688 0.889062 0.982812 0.889062 0.984375 0.890625 0.984375 0.900000 0.982812 0.901563 0.979688 0.901563 0.978125 0.903125 0.976562 0.903125 0.978125 0.904687 0.984375 0.904687 0.985938 0.906250 0.987500 0.906250 0.989062 0.904687 0.990625 0.904687 0.992188 0.906250 0.993750 0.906250 0.996875 0.903125 0.998437 0.903125 0.995313 0.903125 0.992188 0.900000 0.992188 0.898438 0.995313 0.895312 0.995313 0.890625 0.996875 0.889062 0.998437 0.889062 0.998437 0.887500 0.996875 0.887500 0.995313 0.885938 0.995313 0.884375
0 0.992188 0.870313 0.990625 0.871875 0.992188 0.873437 0.993750 0.873437 0.995313 0.871875 0.993750 0.870313
0 0.945312 0.859375 0.945312 0.860938 0.946875 0.860938 0.946875 0.859375
0 0.992188 0.846875 0.990625 0.848437 0.987500 0.848437 0.985938 0.850000 0.987500 0.851562 0.982812 0.856250 0.981250 0.856250 0.979688 0.857812 0.978125 0.857812 0.976562 0.859375 0.976562 0.862500 0.978125 0.864062 0.981250 0.860938 0.982812 0.860938 0.985938 0.864062 0.987500 0.864062 0.989062 0.865625 0.990625 0.865625 0.992188 0.867188 0.995313 0.864062 0.995313 0.860938 0.996875 0.859375 0.998437 0.859375 0.998437 0.856250 0.993750 0.851562 0.993750 0.848437
0 0.931250 0.839063 0.929688 0.840625 0.935937 0.840625 0.934375 0.839063
0 0.925000 0.832812 0.926562 0.834375 0.928125 0.834375 0.928125 0.832812
0 0.962500 0.823438 0.960938 0.825000 0.964063 0.825000
0 0.945312 0.823438 0.945312 0.825000 0.950000 0.825000 0.950000 0.823438
0 0.931250 0.823438 0.929688 0.825000 0.929688 0.826562 0.931250 0.826562 0.932813 0.825000 0.934375 0.825000 0.932813 0.823438
0 0.982812 0.817187 0.982812 0.818750 0.984375 0.818750 0.985938 0.820312 0.987500 0.820312 0.989062 0.821875 0.987500 0.823438 0.984375 0.823438 0.982812 0.825000 0.979688 0.825000 0.978125 0.823438 0.976562 0.825000 0.978125 0.826562 0.979688 0.825000 0.982812 0.825000 0.984375 0.826562 0.989062 0.826562 0.990625 0.828125 0.992188 0.828125 0.993750 0.829688 0.992188 0.831250 0.987500 0.831250 0.985938 0.832812 0.985938 0.835938 0.987500 0.837500 0.985938 0.839063 0.984375 0.839063 0.982812 0.840625 0.976562 0.840625 0.982812 0.840625 0.984375 0.842187 0.990625 0.842187 0.992188 0.843750 0.993750 0.843750 0.996875 0.840625 0.998437 0.840625 0.995313 0.837500 0.995313 0.832812 0.993750 0.831250 0.993750 0.828125 0.995313 0.826562 0.998437 0.826562 0.998437 0.823438 0.996875 0.823438 0.995313 0.821875 0.995313 0.820312 0.996875 0.818750 0.995313 0.817187
0 0.971875 0.817187 0.973437 0.818750 0.979688 0.818750 0.979688 0.817187
0 0.939063 0.817187 0.940625 0.818750 0.945312 0.818750 0.946875 0.820312 0.946875 0.817187
0 0.893750 0.793750 0.893750 0.801562 0.895312 0.803125 0.895312 0.804688 0.896875 0.804688 0.898438 0.803125 0.900000 0.803125 0.901563 0.804688 0.901563 0.806250 0.903125 0.807813 0.903125 0.809375 0.903125 0.807813 0.904687 0.806250 0.904687 0.801562 0.906250 0.800000 0.906250 0.798438 0.904687 0.796875 0.904687 0.793750
0 0.920312 0.792188 0.918750 0.793750 0.917188 0.793750 0.914062 0.796875 0.912500 0.796875 0.909375 0.800000 0.909375 0.803125 0.910937 0.804688 0.910937 0.806250 0.914062 0.803125 0.915625 0.803125 0.918750 0.806250 0.918750 0.807813 0.920312 0.806250 0.926562 0.806250 0.931250 0.801562 0.929688 0.801562 0.926562 0.798438 0.926562 0.793750 0.923438 0.793750 0.921875 0.792188
0 0.864062 0.768750 0.864062 0.770312 0.862500 0.771875 0.862500 0.775000 0.864062 0.776563 0.864062 0.778125 0.865625 0.778125 0.865625 0.773438 0.867188 0.771875
0 0.856250 0.767188 0.854688 0.768750 0.854688 0.775000 0.856250 0.776563 0.857812 0.775000 0.857812 0.768750
0 0.865625 0.762500 0.864062 0.764062 0.868750 0.764062 0.870313 0.762500
0 0.767188 0.760938 0.765625 0.762500 0.757812 0.762500 0.757812 0.764062 0.764062 0.764062 0.767188 0.767188 0.764062 0.770312 0.754687 0.770312 0.754687 0.771875 0.762500 0.771875 0.767188 0.776563 0.767188 0.778125 0.768750 0.778125 0.770312 0.779687 0.776563 0.779687 0.778125 0.778125 0.782813 0.778125 0.785937 0.781250 0.787500 0.779687 0.787500 0.778125 0.779687 0.778125 0.778125 0.776563 0.775000 0.776563 0.773438 0.775000 0.773438 0.773438 0.775000 0.771875 0.776563 0.771875 0.778125 0.773438 0.778125 0.770312 0.775000 0.767188 0.775000 0.762500 0.773438 0.760938
0 0.923438 0.757812 0.921875 0.759375 0.921875 0.762500 0.923438 0.764062 0.929688 0.764062 0.929688 0.762500 0.928125 0.760938 0.928125 0.759375 0.926562 0.757812
0 0.782813 0.757812 0.784375 0.759375 0.787500 0.759375 0.784375 0.759375
0 0.828125 0.753125 0.826562 0.754687 0.826562 0.759375 0.828125 0.760938 0.828125 0.764062 0.829688 0.765625 0.834375 0.765625 0.835938 0.767188 0.839063 0.767188 0.840625 0.765625 0.842187 0.767188 0.842187 0.768750 0.840625 0.770312 0.848437 0.778125 0.850000 0.778125 0.850000 0.776563 0.851562 0.775000 0.851562 0.768750 0.850000 0.767188 0.850000 0.765625 0.846875 0.765625 0.845313 0.767188 0.843750 0.767188 0.842187 0.765625 0.842187 0.764062 0.840625 0.762500 0.839063 0.762500 0.829688 0.753125
0 0.817187 0.746875 0.817187 0.748437 0.825000 0.748437 0.825000 0.746875
0 0.739062 0.746875 0.739062 0.748437 0.740625 0.748437 0.742188 0.746875 0.743750 0.746875
0 0.768750 0.743750 0.767188 0.745313 0.767188 0.748437 0.768750 0.750000 0.768750 0.754687 0.770312 0.756250 0.771875 0.754687 0.771875 0.753125 0.770312 0.751563 0.771875 0.750000 0.779687 0.750000 0.781250 0.751563 0.781250 0.753125 0.782813 0.753125 0.782813 0.750000 0.779687 0.746875 0.779687 0.743750
0 0.010937 0.739062 0.010937 0.745313 0.009375 0.746875 0.006250 0.746875 0.007812 0.746875 0.009375 0.748437 0.012500 0.748437 0.012500 0.746875 0.014063 0.745313 0.014063 0.743750 0.015625 0.742188 0.015625 0.740625 0.014063 0.739062
0 0.004687 0.739062 0.004687 0.740625 0.006250 0.740625 0.006250 0.739062
0 0.978125 0.735938 0.975000 0.739062 0.973437 0.739062 0.971875 0.740625 0.976562 0.740625 0.978125 0.742188 0.979688 0.742188 0.981250 0.743750 0.979688 0.745313 0.978125 0.745313 0.976562 0.746875 0.976562 0.750000 0.978125 0.750000 0.979688 0.748437 0.982812 0.748437 0.984375 0.750000 0.990625 0.750000 0.992188 0.751563 0.992188 0.753125 0.990625 0.754687 0.993750 0.754687 0.993750 0.750000 0.995313 0.748437 0.995313 0.745313 0.985938 0.735938
0 0.770312 0.723437 0.770312 0.728125 0.771875 0.729688 0.771875 0.731250 0.776563 0.731250 0.773438 0.731250 0.771875 0.729688 0.771875 0.725000
0 0.754687 0.721875 0.753125 0.723437 0.753125 0.731250 0.754687 0.731250 0.756250 0.732812 0.757812 0.731250 0.764062 0.731250 0.764062 0.726562 0.762500 0.725000 0.762500 0.723437 0.760938 0.723437 0.760938 0.726562 0.759375 0.728125 0.757812 0.726562 0.757812 0.723437 0.756250 0.721875
0 0.825000 0.709375 0.823438 0.710938 0.823438 0.712500 0.821875 0.714063 0.818750 0.714063 0.817187 0.715625 0.825000 0.715625 0.825000 0.714063 0.826562 0.712500 0.825000 0.710938
0 0.942187 0.707812 0.942187 0.709375 0.943750 0.709375 0.943750 0.707812
0 0.817187 0.707812 0.817187 0.709375 0.818750 0.709375 0.818750 0.707812
0 0.801562 0.707812 0.801562 0.709375 0.804688 0.712500 0.804688 0.714063 0.806250 0.715625 0.809375 0.715625 0.809375 0.710938 0.804688 0.710938 0.803125 0.709375 0.803125 0.707812
0 0.832812 0.706250 0.832812 0.715625 0.834375 0.717187 0.835938 0.717187 0.837500 0.715625 0.840625 0.715625 0.842187 0.714063 0.842187 0.712500 0.840625 0.710938 0.840625 0.707812 0.837500 0.710938
0 0.325000 0.573438 0.323437 0.575000 0.325000 0.576562 0.326562 0.576562 0.326562 0.573438
0 0.332813 0.567187 0.332813 0.570312 0.331250 0.571875 0.329688 0.571875 0.331250 0.573438 0.331250 0.576562 0.334375 0.576562 0.335938 0.575000 0.334375 0.573438 0.334375 0.571875 0.332813 0.570312
0 0.325000 0.560937 0.325000 0.562500 0.323437 0.564063 0.325000 0.565625
0 0.356250 0.551562 0.354687 0.553125 0.356250 0.554688
0 0.346875 0.551562 0.345313 0.553125 0.346875 0.554688 0.350000 0.554688 0.350000 0.553125 0.348438 0.551562
0 0.293750 0.548438 0.293750 0.551562 0.292187 0.553125 0.292187 0.554688 0.289062 0.557813 0.287500 0.557813 0.285938 0.559375 0.290625 0.564063 0.290625 0.565625 0.292187 0.567187 0.292187 0.570312 0.290625 0.571875 0.290625 0.576562 0.293750 0.579688 0.293750 0.581250 0.293750 0.579688 0.295312 0.578125 0.295312 0.575000 0.298438 0.571875 0.300000 0.573438 0.300000 0.576562 0.301563 0.578125 0.301563 0.579688 0.304688 0.576562 0.306250 0.576562 0.307812 0.578125 0.310937 0.578125 0.314063 0.575000 0.315625 0.576562 0.318750 0.576562 0.320312 0.575000 0.320312 0.573438 0.318750 0.571875 0.318750 0.559375 0.317188 0.557813 0.317188 0.560937 0.315625 0.562500 0.315625 0.565625 0.317188 0.567187 0.314063 0.570312 0.312500 0.570312 0.310937 0.568750 0.310937 0.565625 0.312500 0.564063 0.310937 0.562500 0.310937 0.560937 0.309375 0.559375 0.309375 0.557813 0.310937 0.556250 0.309375 0.556250 0.309375 0.559375 0.307812 0.560937 0.307812 0.565625 0.309375 0.567187 0.309375 0.570312 0.306250 0.573438 0.303125 0.570312 0.303125 0.567187 0.304688 0.565625 0.304688 0.560937 0.303125 0.559375 0.303125 0.557813 0.301563 0.556250 0.301563 0.557813 0.300000 0.559375 0.300000 0.562500 0.298438 0.564063 0.296875 0.562500 0.296875 0.560937 0.295312 0.559375 0.295312 0.548438
0 0.317188 0.543750 0.317188 0.545312 0.318750 0.545312 0.318750 0.543750
0 0.442188 0.304688 0.440625 0.306250 0.423438 0.306250 0.421875 0.307812 0.420312 0.307812 0.418750 0.309375 0.409375 0.309375 0.404687 0.314063 0.401562 0.314063 0.400000 0.315625 0.398438 0.315625 0.396875 0.317188 0.395313 0.317188 0.395313 0.328125 0.393750 0.329688 0.393750 0.335938 0.392188 0.337500 0.392188 0.354687 0.390625 0.356250 0.390625 0.357812 0.392188 0.359375 0.392188 0.362500 0.390625 0.364063 0.390625 0.370312 0.387500 0.373437 0.382812 0.373437 0.379688 0.376563 0.375000 0.376563 0.373437 0.378125 0.293750 0.378125 0.292187 0.379688 0.290625 0.379688 0.289062 0.378125 0.284375 0.378125 0.282813 0.379688 0.265625 0.379688 0.264062 0.381250 0.262500 0.381250 0.260937 0.382812 0.259375 0.382812 0.259375 0.390625 0.260937 0.392188 0.260937 0.395313 0.262500 0.396875 0.262500 0.404687 0.264062 0.406250 0.264062 0.420312 0.265625 0.421875 0.265625 0.435937 0.267188 0.437500 0.267188 0.445312 0.268750 0.446875 0.268750 0.454688 0.270313 0.456250 0.270313 0.468750 0.271875 0.470313 0.271875 0.481250 0.273438 0.482812 0.273438 0.490625 0.275000 0.492188 0.275000 0.498437 0.276562 0.500000 0.276562 0.507812 0.278125 0.509375 0.278125 0.518750 0.279687 0.520312 0.279687 0.528125 0.281250 0.529687 0.281250 0.531250 0.282813 0.532813 0.284375 0.532813 0.285938 0.534375 0.289062 0.534375 0.290625 0.532813 0.298438 0.532813 0.300000 0.531250 0.357812 0.531250 0.359375 0.532813 0.368750 0.532813 0.370312 0.534375 0.373437 0.534375 0.375000 0.535937 0.379688 0.535937 0.381250 0.537500 0.385937 0.537500 0.387500 0.539062 0.390625 0.539062 0.392188 0.540625 0.393750 0.540625 0.398438 0.545312 0.400000 0.545312 0.406250 0.551562 0.406250 0.553125 0.409375 0.556250 0.409375 0.568750 0.404687 0.573438 0.404687 0.575000 0.396875 0.582812 0.395313 0.582812 0.392188 0.585938 0.390625 0.585938 0.385937 0.590625 0.384375 0.590625 0.382812 0.592187 0.379688 0.592187 0.378125 0.593750 0.376563 0.593750 0.375000 0.595313 0.373437 0.595313 0.371875 0.596875 0.367188 0.596875 0.365625 0.598437 0.362500 0.598437 0.360938 0.600000 0.356250 0.600000 0.354687 0.601562 0.348438 0.601562 0.346875 0.603125 0.342187 0.603125 0.340625 0.604688 0.339062 0.604688 0.337500 0.606250 0.331250 0.606250 0.329688 0.607812 0.320312 0.607812 0.318750 0.609375 0.309375 0.609375 0.307812 0.610938 0.300000 0.610938 0.298438 0.612500 0.295312 0.612500 0.293750 0.614062 0.293750 0.620313 0.296875 0.623437 0.300000 0.623437 0.301563 0.625000 0.303125 0.625000 0.304688 0.626563 0.304688 0.631250 0.303125 0.632812 0.303125 0.639062 0.301563 0.640625 0.301563 0.645312 0.298438 0.648438 0.295312 0.648438 0.293750 0.650000 0.289062 0.650000 0.287500 0.651563 0.281250 0.651563 0.279687 0.653125 0.275000 0.653125 0.273438 0.651563 0.264062 0.651563 0.262500 0.650000 0.259375 0.650000 0.257812 0.648438 0.257812 0.643750 0.256250 0.642188 0.256250 0.639062 0.257812 0.637500 0.257812 0.635938 0.256250 0.634375 0.256250 0.615625 0.254688 0.614062 0.254688 0.609375 0.253125 0.609375 0.251563 0.607812 0.250000 0.607812 0.248438 0.606250 0.243750 0.606250 0.242188 0.604688 0.239063 0.604688 0.237500 0.603125 0.229687 0.603125 0.228125 0.601562 0.226562 0.601562 0.225000 0.600000 0.221875 0.600000 0.220312 0.598437 0.218750 0.598437 0.215625 0.595313 0.214062 0.595313 0.209375 0.590625 0.209375 0.589063 0.206250 0.585938 0.206250 0.584375 0.204687 0.582812 0.204687 0.571875 0.212500 0.564063 0.212500 0.562500 0.218750 0.556250 0.220312 0.556250 0.221875 0.554688 0.223438 0.554688 0.225000 0.553125 0.226562 0.553125 0.229687 0.550000 0.232813 0.550000 0.234375 0.548438 0.235937 0.548438 0.240625 0.543750 0.240625 0.540625 0.242188 0.539062 0.242188 0.535937 0.240625 0.534375 0.240625 0.521875 0.239063 0.520312 0.239063 0.514062 0.237500 0.512500 0.237500 0.504687 0.235937 0.503125 0.235937 0.496875 0.234375 0.495312 0.234375 0.487500 0.232813 0.485938 0.232813 0.478125 0.231250 0.476562 0.231250 0.471875 0.229687 0.470313 0.229687 0.459375 0.228125 0.457813 0.228125 0.450000 0.226562 0.448437 0.226562 0.445312 0.225000 0.443750 0.225000 0.434375 0.223438 0.432812 0.223438 0.426563 0.221875 0.425000 0.221875 0.420312 0.220312 0.418750 0.220312 0.410938 0.218750 0.409375 0.218750 0.407813 0.217188 0.406250 0.217188 0.395313 0.215625 0.393750 0.215625 0.384375 0.212500 0.381250 0.209375 0.381250 0.207813 0.379688 0.206250 0.381250 0.192188 0.381250 0.192188 0.385937 0.190625 0.387500 0.190625 0.389062 0.193750 0.392188 0.193750 0.396875 0.196875 0.400000 0.196875 0.403125 0.201563 0.407813 0.201563 0.410938 0.200000 0.412500 0.200000 0.414062 0.198437 0.415625 0.198437 0.417187 0.193750 0.421875 0.192188 0.421875 0.192188 0.423438 0.187500 0.428125 0.185938 0.428125 0.182812 0.431250 0.181250 0.431250 0.179688 0.432812 0.179688 0.434375 0.178125 0.435937 0.176563 0.435937 0.173437 0.439063 0.171875 0.439063 0.168750 0.442188 0.167187 0.442188 0.165625 0.443750 0.159375 0.443750 0.157812 0.445312 0.118750 0.445312 0.115625 0.448437 0.114062 0.448437 0.112500 0.450000 0.104688 0.450000 0.103125 0.451562 0.101562 0.450000 0.085938 0.450000 0.084375 0.448437 0.059375 0.448437 0.056250 0.451562 0.054688 0.451562 0.051562 0.454688 0.050000 0.454688 0.045312 0.459375 0.043750 0.459375 0.042188 0.460938 0.040625 0.460938 0.034375 0.467187 0.032813 0.467187 0.031250 0.468750 0.029687 0.468750 0.026562 0.471875 0.025000 0.471875 0.021875 0.475000 0.020313 0.475000 0.017188 0.478125 0.015625 0.478125 0.010937 0.482812 0.009375 0.482812 0.001563 0.490625 0.000000 0.490625 0.000000 0.717187 0.003125 0.720313 0.003125 0.725000 0.001563 0.726562 0.001563 0.728125 0.003125 0.728125 0.004687 0.729688 0.006250 0.729688 0.007812 0.728125 0.025000 0.728125 0.026562 0.729688 0.045312 0.729688 0.046875 0.731250 0.043750 0.734375 0.042188 0.734375 0.040625 0.732812 0.039062 0.732812 0.037500 0.734375 0.035937 0.734375 0.032813 0.737500 0.032813 0.739062 0.028125 0.743750 0.028125 0.745313 0.021875 0.751563 0.021875 0.753125 0.009375 0.765625 0.007812 0.765625 0.004687 0.768750 0.004687 0.770312 0.003125 0.771875 0.003125 0.773438 0.001563 0.775000 0.000000 0.775000 0.000000 0.846875 0.001563 0.848437 0.000000 0.850000 0.000000 0.854688 0.001563 0.854688 0.003125 0.856250 0.003125 0.857812 0.004687 0.859375 0.007812 0.859375 0.009375 0.857812 0.010937 0.859375 0.012500 0.859375 0.014063 0.860938 0.012500 0.862500 0.004687 0.862500 0.003125 0.864062 0.003125 0.868750 0.001563 0.870313 0.001563 0.873437 0.003125 0.875000 0.003125 0.937500 0.004687 0.939063 0.004687 0.945312 0.003125 0.946875 0.003125 0.953125 0.004687 0.954688 0.004687 0.960938 0.003125 0.962500 0.003125 0.965625 0.004687 0.967187 0.004687 0.975000 0.003125 0.976562 0.003125 0.996875 0.004687 0.998437 0.389062 0.998437 0.389062 0.996875 0.390625 0.995313 0.396875 0.995313 0.398438 0.996875 0.398438 0.998437 0.471875 0.998437 0.473438 0.996875 0.475000 0.998437 0.479687 0.998437 0.481250 0.996875 0.482812 0.996875 0.484375 0.998437 0.485938 0.998437 0.487500 0.996875 0.490625 0.996875 0.492188 0.998437 0.557813 0.998437 0.557813 0.996875 0.556250 0.995313 0.554688 0.995313 0.553125 0.993750 0.553125 0.992188 0.554688 0.990625 0.556250 0.990625 0.556250 0.989062 0.553125 0.989062 0.551562 0.987500 0.550000 0.989062 0.537500 0.989062 0.534375 0.985938 0.535937 0.984375 0.537500 0.984375 0.539062 0.982812 0.550000 0.982812 0.551562 0.984375 0.553125 0.984375 0.554688 0.982812 0.582812 0.982812 0.584375 0.984375 0.592187 0.984375 0.593750 0.982812 0.595313 0.982812 0.596875 0.984375 0.606250 0.984375 0.607812 0.985938 0.606250 0.987500 0.596875 0.987500 0.595313 0.989062 0.593750 0.989062 0.592187 0.987500 0.587500 0.987500 0.585938 0.989062 0.562500 0.989062 0.564063 0.990625 0.565625 0.990625 0.567187 0.992188 0.568750 0.992188 0.570312 0.990625 0.576562 0.990625 0.578125 0.989062 0.579688 0.990625 0.581250 0.990625 0.582812 0.992188 0.582812 0.993750 0.585938 0.996875 0.585938 0.998437 0.589063 0.998437 0.589063 0.996875 0.590625 0.995313 0.590625 0.993750 0.593750 0.990625 0.595313 0.990625 0.600000 0.995313 0.600000 0.998437 0.631250 0.998437 0.631250 0.993750 0.634375 0.990625 0.635938 0.992188 0.642188 0.992188 0.645312 0.995313 0.646875 0.995313 0.646875 0.993750 0.650000 0.990625 0.653125 0.993750 0.656250 0.990625 0.657813 0.990625 0.660937 0.993750 0.662500 0.993750 0.664062 0.992188 0.665625 0.992188 0.668750 0.995313 0.673438 0.990625 0.676562 0.993750 0.682813 0.993750 0.684375 0.995313 0.685937 0.993750 0.687500 0.993750 0.689063 0.992188 0.692187 0.995313 0.718750 0.995313 0.720313 0.993750 0.721875 0.995313 0.740625 0.995313 0.742188 0.996875 0.742188 0.998437 0.751563 0.998437 0.751563 0.996875 0.753125 0.995313 0.754687 0.995313 0.757812 0.998437 0.768750 0.998437 0.770312 0.996875 0.771875 0.998437 0.784375 0.998437 0.785937 0.996875 0.787500 0.998437 0.893750 0.998437 0.895312 0.996875 0.896875 0.998437 0.907813 0.998437 0.907813 0.996875 0.909375 0.995313 0.912500 0.995313 0.914062 0.996875 0.914062 0.998437 0.920312 0.998437 0.920312 0.996875 0.923438 0.993750 0.928125 0.993750 0.931250 0.996875 0.934375 0.996875 0.935937 0.995313 0.935937 0.993750 0.937500 0.992188 0.937500 0.982812 0.939063 0.981250 0.937500 0.979688 0.937500 0.978125 0.935937 0.976562 0.935937 0.970313 0.939063 0.967187 0.942187 0.967187 0.945312 0.970313 0.942187 0.973437 0.942187 0.979688 0.943750 0.981250 0.943750 0.985938 0.942187 0.987500 0.940625 0.987500 0.940625 0.993750 0.945312 0.993750 0.946875 0.995313 0.950000 0.995313 0.951562 0.993750 0.951562 0.984375 0.953125 0.982812 0.953125 0.981250 0.951562 0.979688 0.951562 0.978125 0.950000 0.976562 0.950000 0.971875 0.948438 0.970313 0.950000 0.968750 0.951562 0.968750 0.953125 0.967187 0.956250 0.967187 0.957812 0.965625 0.959375 0.967187 0.959375 0.968750 0.960938 0.970313 0.959375 0.971875 0.959375 0.985938 0.957812 0.987500 0.957812 0.989062 0.956250 0.990625 0.957812 0.992188 0.957812 0.993750 0.959375 0.993750 0.962500 0.996875 0.962500 0.998437 0.968750 0.992188 0.970313 0.992188 0.971875 0.993750 0.975000 0.993750 0.978125 0.996875 0.978125 0.998437 0.981250 0.995313 0.982812 0.996875 0.982812 0.998437 0.987500 0.998437 0.987500 0.996875 0.989062 0.995313 0.990625 0.995313 0.992188 0.996875 0.992188 0.998437 0.993750 0.998437 0.995313 0.996875 0.995313 0.995313 0.996875 0.993750 0.996875 0.992188 0.995313 0.990625 0.995313 0.985938 0.996875 0.984375 0.996875 0.982812 0.998437 0.981250 0.995313 0.978125 0.995313 0.965625 0.992188 0.962500 0.992188 0.959375 0.989062 0.959375 0.985938 0.956250 0.985938 0.953125 0.982812 0.950000 0.981250 0.950000 0.979688 0.948438 0.978125 0.948438 0.976562 0.946875 0.975000 0.946875 0.973437 0.945312 0.971875 0.945312 0.970313 0.943750 0.968750 0.943750 0.967187 0.942187 0.965625 0.942187 0.964063 0.940625 0.964063 0.939063 0.967187 0.935937 0.967187 0.934375 0.965625 0.932813 0.965625 0.931250 0.959375 0.931250 0.957812 0.932813 0.954688 0.932813 0.953125 0.931250 0.953125 0.929688 0.951562 0.928125 0.951562 0.925000 0.954688 0.921875 0.954688 0.920312 0.956250 0.918750 0.954688 0.917188 0.954688 0.915625 0.953125 0.914062 0.951562 0.914062 0.950000 0.912500 0.948438 0.912500 0.946875 0.910937 0.946875 0.909375 0.945312 0.907813 0.945312 0.906250 0.943750 0.904687 0.943750 0.903125 0.942187 0.901563 0.942187 0.900000 0.939063 0.896875 0.935937 0.896875 0.932813 0.893750 0.932813 0.887500 0.931250 0.887500 0.929688 0.885938 0.929688 0.884375 0.920312 0.875000 0.920312 0.873437 0.915625 0.868750 0.915625 0.867188 0.918750 0.864062 0.931250 0.864062 0.932813 0.862500 0.932813 0.860938 0.934375 0.859375 0.934375 0.856250 0.929688 0.856250 0.928125 0.857812 0.926562 0.857812 0.925000 0.859375 0.923438 0.859375 0.920312 0.856250 0.920312 0.850000 0.918750 0.848437 0.917188 0.848437 0.914062 0.845313 0.917188 0.842187 0.920312 0.842187 0.920312 0.835938 0.918750 0.834375 0.915625 0.834375 0.914062 0.832812 0.912500 0.832812 0.910937 0.831250 0.909375 0.832812 0.898438 0.832812 0.896875 0.831250 0.896875 0.828125 0.898438 0.826562 0.918750 0.826562 0.920312 0.825000 0.918750 0.823438 0.915625 0.823438 0.914062 0.825000 0.896875 0.825000 0.895312 0.826562 0.893750 0.826562 0.892188 0.825000 0.884375 0.825000 0.879687 0.820312 0.878125 0.820312 0.876563 0.818750 0.870313 0.818750 0.868750 0.817187 0.865625 0.817187 0.864062 0.818750 0.862500 0.818750 0.860938 0.817187 0.859375 0.818750 0.857812 0.818750 0.856250 0.820312 0.854688 0.818750 0.850000 0.818750 0.848437 0.820312 0.846875 0.818750 0.843750 0.818750 0.842187 0.820312 0.840625 0.820312 0.837500 0.817187 0.835938 0.818750 0.834375 0.818750 0.832812 0.820312 0.829688 0.817187 0.832812 0.814063 0.834375 0.814063 0.835938 0.812500 0.837500 0.812500 0.840625 0.809375 0.845313 0.809375 0.846875 0.810937 0.856250 0.810937 0.857812 0.809375 0.862500 0.809375 0.864062 0.810937 0.885938 0.810937 0.887500 0.809375 0.885938 0.807813 0.884375 0.807813 0.882812 0.806250 0.882812 0.804688 0.885938 0.801562 0.882812 0.798438 0.882812 0.796875 0.881250 0.795312 0.881250 0.792188 0.879687 0.790625 0.879687 0.789062 0.881250 0.787500 0.881250 0.785937 0.885938 0.781250 0.887500 0.781250 0.889062 0.782813 0.889062 0.784375 0.890625 0.785937 0.890625 0.787500 0.903125 0.787500 0.903125 0.785937 0.898438 0.785937 0.893750 0.781250 0.892188 0.781250 0.887500 0.776563 0.884375 0.776563 0.881250 0.773438 0.881250 0.771875 0.879687 0.770312 0.879687 0.768750 0.876563 0.768750 0.875000 0.770312 0.871875 0.770312 0.871875 0.775000 0.876563 0.779687 0.876563 0.782813 0.873437 0.785937 0.854688 0.785937 0.853125 0.784375 0.845313 0.784375 0.842187 0.781250 0.840625 0.781250 0.834375 0.775000 0.834375 0.771875 0.832812 0.770312 0.832812 0.768750 0.826562 0.768750 0.825000 0.770312 0.821875 0.770312 0.820312 0.768750 0.818750 0.768750 0.817187 0.767188 0.818750 0.765625 0.820312 0.765625 0.821875 0.764062 0.823438 0.764062 0.823438 0.760938 0.821875 0.760938 0.820312 0.759375 0.815625 0.759375 0.815625 0.760938 0.814063 0.762500 0.815625 0.764062 0.815625 0.765625 0.817187 0.767188 0.815625 0.768750 0.807813 0.768750 0.806250 0.770312 0.803125 0.767188 0.800000 0.767188 0.796875 0.770312 0.793750 0.770312 0.793750 0.773438 0.795312 0.775000 0.796875 0.773438 0.800000 0.776563 0.800000 0.778125 0.814063 0.778125 0.815625 0.779687 0.821875 0.779687 0.823438 0.778125 0.823438 0.776563 0.821875 0.776563 0.820312 0.775000 0.820312 0.773438 0.821875 0.771875 0.825000 0.771875 0.826562 0.773438 0.826562 0.779687 0.828125 0.781250 0.828125 0.782813 0.826562 0.784375 0.818750 0.784375 0.817187 0.785937 0.815625 0.785937 0.814063 0.787500 0.807813 0.787500 0.806250 0.789062 0.796875 0.789062 0.795312 0.787500 0.792188 0.787500 0.790625 0.785937 0.789062 0.785937 0.785937 0.789062 0.756250 0.789062 0.751563 0.784375 0.751563 0.779687 0.750000 0.778125 0.748437 0.778125 0.743750 0.773438 0.743750 0.770312 0.740625 0.767188 0.740625 0.764062 0.737500 0.760938 0.735938 0.760938 0.734375 0.759375 0.732812 0.759375 0.731250 0.757812 0.731250 0.754687 0.728125 0.751563 0.728125 0.750000 0.729688 0.748437 0.729688 0.746875 0.728125 0.746875 0.725000 0.743750 0.725000 0.740625 0.723437 0.739062 0.723437 0.737500 0.715625 0.729688 0.714063 0.729688 0.712500 0.728125 0.712500 0.726562 0.710938 0.725000 0.710938 0.723437 0.707812 0.720313 0.707812 0.718750 0.709375 0.717187 0.709375 0.715625 0.712500 0.712500 0.714063 0.712500 0.715625 0.714063 0.715625 0.715625 0.717187 0.715625 0.717187 0.712500 0.718750 0.710938 0.720313 0.710938 0.721875 0.712500 0.721875 0.717187 0.723437 0.718750 0.723437 0.725000 0.726562 0.728125 0.728125 0.728125 0.731250 0.731250 0.734375 0.728125 0.734375 0.726562 0.735938 0.725000 0.737500 0.726562 0.737500 0.729688 0.739062 0.731250 0.739062 0.732812 0.742188 0.732812 0.743750 0.731250 0.748437 0.731250 0.748437 0.729688 0.750000 0.728125 0.750000 0.726562 0.746875 0.723437 0.745313 0.725000 0.745313 0.726562 0.743750 0.728125 0.742188 0.726562 0.742188 0.723437 0.740625 0.721875 0.740625 0.720313 0.743750 0.717187 0.750000 0.717187 0.751563 0.718750 0.757812 0.718750 0.759375 0.717187 0.771875 0.717187 0.773438 0.715625 0.775000 0.715625 0.776563 0.717187 0.778125 0.717187 0.782813 0.721875 0.782813 0.723437 0.784375 0.725000 0.784375 0.726562 0.785937 0.728125 0.785937 0.729688 0.789062 0.732812 0.789062 0.734375 0.790625 0.735938 0.787500 0.739062 0.787500 0.740625 0.784375 0.743750 0.787500 0.743750 0.789062 0.742188 0.800000 0.742188 0.801562 0.743750 0.801562 0.732812 0.798438 0.729688 0.796875 0.729688 0.795312 0.728125 0.795312 0.726562 0.793750 0.725000 0.793750 0.723437 0.792188 0.721875 0.792188 0.720313 0.790625 0.718750 0.790625 0.717187 0.787500 0.714063 0.787500 0.710938 0.782813 0.706250 0.779687 0.706250 0.778125 0.704688 0.779687 0.703125 0.782813 0.703125 0.784375 0.701562 0.789062 0.701562 0.790625 0.700000 0.793750 0.700000 0.796875 0.703125 0.800000 0.703125 0.801562 0.701562 0.803125 0.703125 0.807813 0.703125 0.809375 0.701562 0.820312 0.701562 0.821875 0.700000 0.823438 0.700000 0.825000 0.701562 0.834375 0.701562 0.835938 0.700000 0.840625 0.700000 0.842187 0.701562 0.843750 0.701562 0.845313 0.703125 0.846875 0.703125 0.848437 0.704688 0.848437 0.715625 0.851562 0.715625 0.850000 0.715625 0.848437 0.714063 0.848437 0.712500 0.851562 0.709375 0.854688 0.709375 0.857812 0.712500 0.857812 0.714063 0.859375 0.715625 0.860938 0.715625 0.862500 0.717187 0.864062 0.717187 0.865625 0.718750 0.867188 0.718750 0.868750 0.720313 0.868750 0.721875 0.870313 0.723437 0.870313 0.725000 0.871875 0.726562 0.871875 0.728125 0.873437 0.729688 0.873437 0.731250 0.875000 0.732812 0.876563 0.732812 0.878125 0.734375 0.879687 0.734375 0.881250 0.735938 0.881250 0.737500 0.882812 0.739062 0.881250 0.740625 0.881250 0.742188 0.876563 0.746875 0.875000 0.746875 0.875000 0.748437 0.876563 0.750000 0.876563 0.753125 0.875000 0.754687 0.875000 0.757812 0.873437 0.759375 0.873437 0.762500 0.876563 0.765625 0.878125 0.765625 0.879687 0.764062 0.879687 0.762500 0.881250 0.760938 0.881250 0.759375 0.876563 0.754687 0.876563 0.750000 0.879687 0.746875 0.881250 0.746875 0.882812 0.748437 0.885938 0.748437 0.887500 0.746875 0.903125 0.746875 0.903125 0.743750 0.903125 0.745313 0.901563 0.746875 0.900000 0.746875 0.895312 0.742188 0.892188 0.742188 0.890625 0.740625 0.890625 0.739062 0.889062 0.737500 0.889062 0.735938 0.887500 0.734375 0.887500 0.732812 0.885938 0.732812 0.881250 0.728125 0.881250 0.723437 0.868750 0.710938 0.868750 0.709375 0.867188 0.707812 0.867188 0.706250 0.865625 0.704688 0.865625 0.703125 0.867188 0.701562 0.870313 0.701562 0.871875 0.700000 0.873437 0.701562 0.882812 0.701562 0.884375 0.703125 0.885938 0.701562 0.900000 0.701562 0.901563 0.700000 0.904687 0.700000 0.906250 0.701562 0.910937 0.701562 0.912500 0.700000 0.928125 0.700000 0.929688 0.701562 0.931250 0.701562 0.932813 0.700000 0.935937 0.700000 0.937500 0.701562 0.946875 0.701562 0.948438 0.700000 0.951562 0.700000 0.953125 0.701562 0.953125 0.709375 0.956250 0.712500 0.953125 0.715625 0.964063 0.715625 0.960938 0.712500 0.960938 0.710938 0.959375 0.709375 0.959375 0.707812 0.954688 0.703125 0.954688 0.701562 0.953125 0.700000 0.953125 0.696875 0.954688 0.695312 0.954688 0.693750 0.948438 0.687500 0.948438 0.685937 0.945312 0.682813 0.945312 0.681250 0.934375 0.670312 0.934375 0.668750 0.932813 0.668750 0.929688 0.665625 0.929688 0.664062 0.925000 0.659375 0.923438 0.659375 0.893750 0.629687 0.890625 0.629687 0.889062 0.628125 0.887500 0.628125 0.882812 0.623437 0.882812 0.621875 0.879687 0.618750 0.876563 0.618750 0.873437 0.615625 0.871875 0.615625 0.859375 0.603125 0.857812 0.603125 0.856250 0.601562 0.854688 0.601562 0.853125 0.600000 0.851562 0.600000 0.848437 0.596875 0.846875 0.596875 0.843750 0.593750 0.842187 0.593750 0.839063 0.590625 0.837500 0.590625 0.835938 0.589063 0.835938 0.587500 0.832812 0.584375 0.831250 0.584375 0.826562 0.579688 0.825000 0.579688 0.820312 0.575000 0.818750 0.575000 0.817187 0.573438 0.817187 0.571875 0.815625 0.571875 0.812500 0.568750 0.810937 0.568750 0.809375 0.567187 0.807813 0.567187 0.800000 0.559375 0.798438 0.559375 0.796875 0.557813 0.796875 0.556250 0.795312 0.556250 0.792188 0.553125 0.790625 0.553125 0.789062 0.551562 0.789062 0.550000 0.784375 0.545312 0.782813 0.545312 0.781250 0.543750 0.781250 0.542188 0.778125 0.539062 0.776563 0.539062 0.771875 0.534375 0.770312 0.534375 0.768750 0.532813 0.768750 0.531250 0.767188 0.531250 0.756250 0.520312 0.754687 0.520312 0.748437 0.514062 0.746875 0.514062 0.739062 0.506250 0.737500 0.506250 0.731250 0.500000 0.729688 0.500000 0.725000 0.495312 0.725000 0.493750 0.723437 0.492188 0.721875 0.492188 0.720313 0.490625 0.718750 0.490625 0.709375 0.481250 0.707812 0.481250 0.703125 0.476562 0.701562 0.476562 0.700000 0.475000 0.698438 0.475000 0.693750 0.470313 0.692187 0.470313 0.690625 0.468750 0.689063 0.468750 0.687500 0.467187 0.682813 0.467187 0.681250 0.465625 0.681250 0.462500 0.679688 0.460938 0.678125 0.460938 0.676562 0.459375 0.676562 0.457813 0.675000 0.456250 0.673438 0.456250 0.670312 0.453125 0.668750 0.453125 0.660937 0.445312 0.659375 0.445312 0.654687 0.440625 0.653125 0.440625 0.651563 0.439063 0.651563 0.437500 0.650000 0.437500 0.642188 0.429688 0.640625 0.429688 0.639062 0.428125 0.637500 0.428125 0.634375 0.425000 0.632812 0.425000 0.628125 0.420312 0.626563 0.420312 0.621875 0.415625 0.620313 0.415625 0.617188 0.412500 0.615625 0.412500 0.609375 0.406250 0.607812 0.406250 0.600000 0.398438 0.596875 0.398438 0.595313 0.396875 0.593750 0.396875 0.592187 0.395313 0.587500 0.395313 0.587500 0.400000 0.585938 0.401562 0.585938 0.435937 0.587500 0.437500 0.587500 0.442188 0.581250 0.448437 0.578125 0.448437 0.576562 0.450000 0.575000 0.450000 0.573438 0.448437 0.570312 0.448437 0.568750 0.446875 0.562500 0.446875 0.560937 0.445312 0.559375 0.445312 0.554688 0.440625 0.554688 0.429688 0.556250 0.428125 0.556250 0.425000 0.554688 0.423438 0.554688 0.421875 0.556250 0.420312 0.556250 0.417187 0.554688 0.415625 0.556250 0.414062 0.556250 0.381250 0.557813 0.379688 0.556250 0.378125 0.556250 0.373437 0.557813 0.371875 0.556250 0.370312 0.556250 0.365625 0.545312 0.354687 0.543750 0.354687 0.540625 0.351562 0.539062 0.351562 0.535937 0.348438 0.534375 0.348438 0.532813 0.346875 0.531250 0.346875 0.520312 0.335938 0.518750 0.335938 0.517188 0.334375 0.515625 0.334375 0.514062 0.332813 0.512500 0.332813 0.503125 0.323437 0.501563 0.323437 0.496875 0.318750 0.495312 0.318750 0.492188 0.315625 0.490625 0.315625 0.485938 0.310937 0.484375 0.310937 0.482812 0.309375 0.481250 0.309375 0.478125 0.306250 0.476562 0.306250 0.475000 0.304688 0.467187 0.304688 0.465625 0.306250 0.443750 0.306250