0 0.059375 0.906250 0.057813 0.907813 0.057813 0.910937 0.059375 0.912500 0.059375 0.914062 0.059375 0.910937 0.060937 0.909375 0.060937 0.907813
0 0.028125 0.906250 0.028125 0.907813 0.026562 0.909375 0.026562 0.912500 0.028125 0.914062 0.028125 0.915625
0 0.087500 0.901563 0.087500 0.904687 0.085938 0.906250 0.087500 0.907813 0.090625 0.907813 0.087500 0.904687
0 0.092188 0.898438 0.093750 0.900000 0.096875 0.900000 0.096875 0.898438
0 0.089063 0.892188 0.090625 0.893750 0.092188 0.892188
0 0.075000 0.892188 0.075000 0.896875 0.071875 0.900000 0.071875 0.906250 0.075000 0.909375 0.075000 0.906250 0.073438 0.904687 0.073438 0.901563 0.075000 0.900000
0 0.057813 0.890625 0.057813 0.893750 0.056250 0.895312 0.057813 0.896875 0.057813 0.898438 0.059375 0.900000 0.059375 0.898438 0.060937 0.896875 0.060937 0.892188 0.059375 0.890625
0 0.043750 0.890625 0.040625 0.893750 0.040625 0.896875 0.042188 0.898438 0.042188 0.900000 0.040625 0.901563 0.040625 0.904687 0.043750 0.907813 0.043750 0.910937 0.043750 0.906250 0.042188 0.904687 0.042188 0.903125 0.043750 0.901563 0.043750 0.900000 0.045312 0.898438 0.045312 0.892188
0 0.028125 0.890625 0.026562 0.892188 0.025000 0.892188 0.025000 0.895312 0.026562 0.896875 0.028125 0.896875 0.029687 0.895312 0.029687 0.892188
0 0.012500 0.882812 0.012500 0.884375 0.009375 0.887500 0.006250 0.887500 0.006250 0.892188 0.007812 0.892188 0.009375 0.893750 0.009375 0.895312 0.010937 0.896875 0.010937 0.900000 0.009375 0.901563 0.007812 0.901563 0.006250 0.900000 0.006250 0.898438 0.006250 0.901563 0.007812 0.903125 0.006250 0.904687 0.006250 0.906250 0.004687 0.907813 0.006250 0.909375 0.007812 0.907813 0.009375 0.907813 0.010937 0.909375 0.010937 0.912500 0.012500 0.914062 0.012500 0.915625 0.009375 0.918750 0.009375 0.920312 0.010937 0.921875 0.010937 0.923438 0.012500 0.925000 0.014063 0.923438 0.014063 0.909375 0.015625 0.907813 0.015625 0.906250 0.012500 0.903125 0.012500 0.901563 0.014063 0.900000 0.014063 0.895312 0.015625 0.893750 0.015625 0.892188 0.014063 0.890625 0.014063 0.889062 0.012500 0.887500
0 0.954688 0.570312 0.954688 0.571875 0.957812 0.571875 0.962500 0.576562 0.964063 0.575000 0.965625 0.575000 0.964063 0.573438 0.962500 0.573438 0.960938 0.571875 0.956250 0.571875
0 0.892188 0.568750 0.890625 0.570312 0.890625 0.575000 0.896875 0.575000 0.896875 0.571875 0.895312 0.570312 0.895312 0.568750
0 0.939063 0.565625 0.939063 0.570312 0.940625 0.570312 0.942187 0.571875 0.945312 0.568750 0.945312 0.567187 0.943750 0.567187 0.942187 0.565625
0 0.921875 0.557813 0.920312 0.559375 0.921875 0.559375 0.923438 0.560937 0.932813 0.560937 0.934375 0.559375 0.932813 0.559375 0.931250 0.557813
0 0.845313 0.521875 0.845313 0.525000 0.843750 0.526563 0.843750 0.528125 0.845313 0.529687 0.850000 0.529687 0.850000 0.526563 0.848437 0.525000 0.848437 0.523438 0.846875 0.521875
0 0.832812 0.518750 0.831250 0.520312 0.829688 0.520312 0.829688 0.521875 0.832812 0.525000
0 0.828125 0.510938 0.826562 0.512500 0.829688 0.515625 0.832812 0.515625 0.835938 0.512500 0.834375 0.512500 0.832812 0.510938
0 0.814063 0.507812 0.814063 0.512500 0.818750 0.512500 0.818750 0.510938 0.815625 0.507812
0 0.782813 0.495312 0.782813 0.496875 0.784375 0.498437 0.787500 0.498437 0.789062 0.496875 0.790625 0.496875 0.789062 0.496875 0.787500 0.495312
0 0.735938 0.475000 0.735938 0.481250 0.737500 0.482812 0.740625 0.482812 0.740625 0.478125 0.739062 0.476562 0.737500 0.476562
0 0.704688 0.462500 0.704688 0.464062 0.706250 0.465625 0.707812 0.465625 0.707812 0.462500
0 0.657813 0.460938 0.657813 0.465625 0.657813 0.464062 0.659375 0.462500
0 0.276562 0.418750 0.276562 0.420312 0.279687 0.420312 0.279687 0.418750
0 0.289062 0.409375 0.287500 0.410938 0.290625 0.410938
0 0.276562 0.404687 0.276562 0.407813 0.275000 0.409375 0.271875 0.406250 0.270313 0.407813 0.270313 0.410938 0.271875 0.412500 0.276562 0.412500 0.278125 0.414062 0.279687 0.412500 0.281250 0.412500 0.281250 0.409375 0.279687 0.407813 0.279687 0.404687
0 0.293750 0.348438 0.292187 0.350000 0.292187 0.353125 0.290625 0.354687 0.289062 0.353125 0.289062 0.351562 0.287500 0.350000 0.284375 0.353125 0.284375 0.354687 0.282813 0.356250 0.282813 0.360938 0.281250 0.362500 0.278125 0.362500 0.276562 0.364063 0.278125 0.365625 0.282813 0.365625 0.284375 0.367188 0.284375 0.375000 0.282813 0.376563 0.281250 0.376563 0.278125 0.373437 0.278125 0.375000 0.275000 0.378125 0.273438 0.378125 0.271875 0.376563 0.271875 0.370312 0.270313 0.368750 0.270313 0.367188 0.270313 0.390625 0.271875 0.390625 0.273438 0.389062 0.273438 0.387500 0.271875 0.385937 0.271875 0.382812 0.273438 0.381250 0.276562 0.381250 0.278125 0.382812 0.281250 0.382812 0.282813 0.384375 0.278125 0.389062 0.278125 0.392188 0.275000 0.395313 0.273438 0.395313 0.271875 0.393750 0.271875 0.396875 0.276562 0.396875 0.278125 0.398438 0.279687 0.396875 0.281250 0.396875 0.281250 0.395313 0.278125 0.392188 0.278125 0.389062 0.279687 0.387500 0.284375 0.387500 0.285938 0.389062 0.290625 0.389062 0.292187 0.390625 0.292187 0.393750 0.290625 0.395313 0.289062 0.395313 0.285938 0.392188 0.285938 0.395313 0.284375 0.396875 0.284375 0.403125 0.285938 0.404687 0.285938 0.401562 0.287500 0.400000 0.287500 0.396875 0.289062 0.395313 0.290625 0.395313 0.292187 0.396875 0.295312 0.396875 0.296875 0.398438 0.296875 0.409375 0.295312 0.410938 0.295312 0.412500 0.296875 0.414062 0.296875 0.415625 0.295312 0.417187 0.293750 0.417187 0.292187 0.418750 0.287500 0.418750 0.285938 0.417187 0.285938 0.421875 0.284375 0.423438 0.275000 0.423438 0.273438 0.425000 0.270313 0.425000 0.267188 0.428125 0.267188 0.442188 0.268750 0.443750 0.268750 0.487500 0.270313 0.489063 0.270313 0.521875 0.271875 0.523438 0.271875 0.545312 0.273438 0.546875 0.273438 0.567187 0.275000 0.568750 0.275000 0.584375 0.276562 0.585938 0.276562 0.600000 0.278125 0.601562 0.278125 0.607812 0.279687 0.609375 0.279687 0.617188 0.281250 0.618750 0.281250 0.625000 0.279687 0.626563 0.281250 0.628125 0.281250 0.645312 0.282813 0.646875 0.282813 0.648438 0.284375 0.650000 0.284375 0.692187 0.285938 0.693750 0.285938 0.707812 0.287500 0.709375 0.287500 0.721875 0.289062 0.723437 0.289062 0.739062 0.290625 0.740625 0.290625 0.743750 0.292187 0.745313 0.292187 0.754687 0.293750 0.756250 0.293750 0.764062 0.292187 0.765625 0.292187 0.768750 0.290625 0.770312 0.290625 0.773438 0.289062 0.775000 0.289062 0.784375 0.290625 0.785937 0.290625 0.789062 0.293750 0.792188 0.293750 0.795312 0.290625 0.798438 0.292187 0.800000 0.292187 0.801562 0.295312 0.804688 0.295312 0.810937 0.296875 0.812500 0.296875 0.815625 0.298438 0.817187 0.298438 0.820312 0.300000 0.821875 0.300000 0.835938 0.293750 0.842187 0.292187 0.842187 0.290625 0.843750 0.289062 0.843750 0.287500 0.842187 0.285938 0.842187 0.284375 0.843750 0.270313 0.843750 0.268750 0.845313 0.267188 0.845313 0.265625 0.846875 0.259375 0.846875 0.257812 0.848437 0.246875 0.848437 0.245312 0.850000 0.239063 0.850000 0.237500 0.851562 0.232813 0.851562 0.225000 0.859375 0.223438 0.859375 0.221875 0.860938 0.221875 0.865625 0.220312 0.867188 0.217188 0.864062 0.217188 0.862500 0.215625 0.860938 0.206250 0.860938 0.206250 0.862500 0.207813 0.864062 0.207813 0.870313 0.209375 0.870313 0.210938 0.871875 0.209375 0.873437 0.207813 0.873437 0.206250 0.875000 0.204687 0.875000 0.203125 0.873437 0.203125 0.871875 0.201563 0.870313 0.201563 0.867188 0.203125 0.865625 0.203125 0.860938 0.201563 0.859375 0.198437 0.859375 0.196875 0.860938 0.190625 0.860938 0.189062 0.862500 0.187500 0.860938 0.175000 0.860938 0.175000 0.862500 0.173437 0.864062 0.170313 0.860938 0.168750 0.860938 0.165625 0.864062 0.164062 0.864062 0.162500 0.862500 0.160938 0.862500 0.159375 0.864062 0.145313 0.864062 0.143750 0.865625 0.145313 0.867188 0.145313 0.868750 0.148438 0.871875 0.145313 0.875000 0.140625 0.875000 0.137500 0.871875 0.139063 0.870313 0.139063 0.867188 0.140625 0.865625 0.140625 0.864062 0.135937 0.864062 0.134375 0.865625 0.132812 0.864062 0.129688 0.864062 0.128125 0.865625 0.128125 0.867188 0.132812 0.871875 0.129688 0.875000 0.126562 0.875000 0.125000 0.873437 0.125000 0.870313 0.123438 0.868750 0.123438 0.867188 0.121875 0.865625 0.120313 0.867188 0.117188 0.867188 0.115625 0.868750 0.104688 0.868750 0.103125 0.870313 0.103125 0.871875 0.101562 0.873437 0.101562 0.878125 0.103125 0.879687 0.101562 0.881250 0.101562 0.887500 0.100000 0.889062 0.100000 0.893750 0.101562 0.895312 0.100000 0.896875 0.100000 0.900000 0.112500 0.900000 0.112500 0.898438 0.110937 0.898438 0.109375 0.896875 0.109375 0.892188 0.110937 0.890625 0.112500 0.892188 0.115625 0.892188 0.118750 0.895312 0.120313 0.895312 0.121875 0.896875 0.123438 0.895312 0.123438 0.893750 0.126562 0.890625 0.128125 0.890625 0.129688 0.892188 0.131250 0.892188 0.132812 0.890625 0.134375 0.892188 0.134375 0.895312 0.139063 0.895312 0.139063 0.893750 0.142187 0.890625 0.143750 0.890625 0.145313 0.892188 0.146875 0.892188 0.148438 0.890625 0.150000 0.890625 0.151562 0.892188 0.154688 0.892188 0.156250 0.890625 0.162500 0.890625 0.164062 0.889062 0.170313 0.889062 0.171875 0.890625 0.175000 0.890625 0.176563 0.889062 0.182812 0.889062 0.184375 0.887500 0.189062 0.887500 0.190625 0.885938 0.198437 0.885938 0.200000 0.884375 0.201563 0.884375 0.203125 0.882812 0.203125 0.879687 0.204687 0.878125 0.206250 0.879687 0.209375 0.879687 0.210938 0.878125 0.214062 0.878125 0.215625 0.879687 0.218750 0.876563 0.221875 0.876563 0.225000 0.879687 0.225000 0.881250 0.226562 0.882812 0.226562 0.887500 0.225000 0.889062 0.225000 0.896875 0.223438 0.898438 0.223438 0.918750 0.221875 0.920312 0.221875 0.925000 0.223438 0.926562 0.221875 0.928125 0.221875 0.960938 0.220312 0.962500 0.221875 0.964063 0.221875 0.976562 0.220312 0.978125 0.220312 0.984375 0.221875 0.985938 0.221875 0.992188 0.220312 0.993750 0.220312 0.998437 0.343750 0.998437 0.343750 0.993750 0.345313 0.992188 0.345313 0.987500 0.343750 0.985938 0.346875 0.982812 0.348438 0.982812 0.350000 0.981250 0.353125 0.981250 0.354687 0.982812 0.362500 0.982812 0.364063 0.981250 0.365625 0.981250 0.367188 0.979688 0.370312 0.982812 0.370312 0.984375 0.371875 0.985938 0.371875 0.987500 0.370312 0.989062 0.370312 0.992188 0.371875 0.993750 0.367188 0.998437 0.406250 0.998437 0.406250 0.984375 0.407813 0.982812 0.407813 0.979688 0.415625 0.971875 0.421875 0.978125 0.421875 0.979688 0.420312 0.981250 0.421875 0.982812 0.421875 0.987500 0.420312 0.989062 0.420312 0.993750 0.421875 0.995313 0.421875 0.998437 0.426563 0.998437 0.429688 0.995313 0.429688 0.993750 0.431250 0.992188 0.432812 0.993750 0.432812 0.996875 0.434375 0.996875 0.435937 0.998437 0.529687 0.998437 0.531250 0.996875 0.532813 0.996875 0.534375 0.998437 0.546875 0.998437 0.546875 0.996875 0.548438 0.995313 0.550000 0.996875 0.550000 0.998437 0.703125 0.998437 0.704688 0.996875 0.707812 0.996875 0.709375 0.998437 0.718750 0.998437 0.720313 0.996875 0.723437 0.996875 0.725000 0.998437 0.734375 0.998437 0.735938 0.996875 0.739062 0.996875 0.740625 0.998437 0.750000 0.998437 0.751563 0.996875 0.754687 0.996875 0.756250 0.998437 0.765625 0.998437 0.767188 0.996875 0.770312 0.996875 0.771875 0.998437 0.782813 0.998437 0.784375 0.996875 0.785937 0.996875 0.787500 0.998437 0.998437 0.998437 0.998437 0.940625 0.996875 0.939063 0.998437 0.937500 0.998437 0.800000 0.995313 0.796875 0.995313 0.790625 0.990625 0.785937 0.989062 0.785937 0.976562 0.773438 0.975000 0.773438 0.973437 0.771875 0.971875 0.771875 0.970313 0.770312 0.968750 0.770312 0.967187 0.768750 0.965625 0.768750 0.962500 0.765625 0.962500 0.762500 0.959375 0.759375 0.957812 0.759375 0.956250 0.757812 0.954688 0.757812 0.951562 0.754687 0.950000 0.754687 0.940625 0.745313 0.939063 0.745313 0.934375 0.740625 0.932813 0.740625 0.931250 0.739062 0.929688 0.739062 0.926562 0.735938 0.925000 0.735938 0.917188 0.728125 0.915625 0.728125 0.914062 0.726562 0.912500 0.726562 0.910937 0.725000 0.909375 0.725000 0.907813 0.723437 0.906250 0.723437 0.904687 0.721875 0.903125 0.721875 0.900000 0.718750 0.900000 0.717187 0.895312 0.712500 0.892188 0.712500 0.889062 0.709375 0.887500 0.709375 0.885938 0.707812 0.884375 0.707812 0.881250 0.704688 0.879687 0.704688 0.870313 0.695312 0.868750 0.695312 0.867188 0.693750 0.864062 0.693750 0.862500 0.692187 0.859375 0.692187 0.857812 0.690625 0.851562 0.690625 0.850000 0.689063 0.853125 0.685937 0.853125 0.684375 0.850000 0.684375 0.848437 0.682813 0.845313 0.682813 0.843750 0.681250 0.842187 0.681250 0.839063 0.678125 0.828125 0.678125 0.826562 0.676562 0.823438 0.676562 0.821875 0.678125 0.807813 0.678125 0.806250 0.676562 0.803125 0.676562 0.801562 0.675000 0.800000 0.675000 0.796875 0.671875 0.795312 0.671875 0.792188 0.668750 0.790625 0.668750 0.787500 0.665625 0.785937 0.665625 0.784375 0.664062 0.782813 0.664062 0.781250 0.662500 0.779687 0.662500 0.778125 0.660937 0.776563 0.660937 0.771875 0.656250 0.770312 0.656250 0.768750 0.654687 0.767188 0.654687 0.762500 0.650000 0.760938 0.650000 0.759375 0.648438 0.757812 0.648438 0.751563 0.642188 0.750000 0.642188 0.746875 0.639062 0.745313 0.639062 0.739062 0.632812 0.737500 0.632812 0.735938 0.631250 0.734375 0.631250 0.731250 0.628125 0.729688 0.628125 0.721875 0.620313 0.720313 0.620313 0.717187 0.617188 0.715625 0.617188 0.714063 0.615625 0.712500 0.615625 0.707812 0.610938 0.706250 0.610938 0.700000 0.604688 0.698438 0.604688 0.693750 0.600000 0.692187 0.600000 0.689063 0.596875 0.685937 0.596875 0.676562 0.587500 0.675000 0.587500 0.673438 0.585938 0.671875 0.585938 0.670312 0.584375 0.668750 0.584375 0.667188 0.582812 0.665625 0.582812 0.660937 0.578125 0.659375 0.578125 0.657813 0.576562 0.656250 0.576562 0.653125 0.573438 0.651563 0.573438 0.646875 0.568750 0.645312 0.568750 0.642188 0.565625 0.640625 0.565625 0.639062 0.564063 0.637500 0.564063 0.635938 0.562500 0.635938 0.560937 0.628125 0.553125 0.626563 0.553125 0.625000 0.551562 0.621875 0.551562 0.615625 0.545312 0.614062 0.545312 0.612500 0.543750 0.612500 0.542188 0.610938 0.542188 0.604688 0.535937 0.603125 0.535937 0.598437 0.531250 0.596875 0.531250 0.595313 0.529687 0.593750 0.529687 0.590625 0.526563 0.589063 0.526563 0.581250 0.518750 0.579688 0.518750 0.578125 0.517188 0.576562 0.517188 0.571875 0.512500 0.570312 0.512500 0.568750 0.510938 0.568750 0.509375 0.565625 0.506250 0.564063 0.506250 0.562500 0.504687 0.560937 0.504687 0.559375 0.503125 0.557813 0.503125 0.554688 0.500000 0.554688 0.498437 0.551562 0.495312 0.550000 0.495312 0.546875 0.492188 0.545312 0.492188 0.542188 0.489063 0.540625 0.489063 0.535937 0.484375 0.534375 0.484375 0.528125 0.478125 0.526563 0.478125 0.525000 0.476562 0.523438 0.476562 0.518750 0.471875 0.517188 0.471875 0.515625 0.470313 0.514062 0.470313 0.510938 0.467187 0.509375 0.467187 0.506250 0.464062 0.506250 0.462500 0.504687 0.460938 0.501563 0.460938 0.498437 0.457813 0.496875 0.457813 0.495312 0.456250 0.493750 0.456250 0.487500 0.450000 0.485938 0.450000 0.481250 0.445312 0.478125 0.445312 0.475000 0.442188 0.475000 0.440625 0.473438 0.439063 0.471875 0.439063 0.470313 0.437500 0.468750 0.437500 0.465625 0.434375 0.464062 0.434375 0.454688 0.425000 0.453125 0.425000 0.451562 0.423438 0.450000 0.423438 0.448437 0.421875 0.448437 0.420312 0.446875 0.420312 0.442188 0.415625 0.442188 0.414062 0.440625 0.414062 0.439063 0.412500 0.437500 0.412500 0.435937 0.410938 0.434375 0.410938 0.423438 0.400000 0.421875 0.400000 0.420312 0.398438 0.418750 0.398438 0.417187 0.396875 0.417187 0.395313 0.415625 0.395313 0.409375 0.389062 0.407813 0.389062 0.401562 0.382812 0.400000 0.382812 0.396875 0.379688 0.396875 0.378125 0.395313 0.376563 0.393750 0.376563 0.392188 0.375000 0.390625 0.375000 0.387500 0.371875 0.385937 0.371875 0.384375 0.370312 0.382812 0.370312 0.379688 0.367188 0.379688 0.365625 0.375000 0.360938 0.373437 0.360938 0.371875 0.359375 0.370312 0.359375 0.368750 0.357812 0.367188 0.357812 0.365625 0.359375 0.360938 0.359375 0.357812 0.356250 0.357812 0.348438 0.339062 0.348438 0.337500 0.350000 0.335938 0.350000 0.334375 0.348438 0.315625 0.348438 0.314063 0.350000 0.312500 0.348438 0.307812 0.348438 0.306250 0.350000 0.307812 0.351562 0.307812 0.354687 0.306250 0.356250 0.303125 0.353125 0.303125 0.350000 0.301563 0.350000 0.301563 0.351562 0.300000 0.353125 0.300000 0.354687 0.298438 0.356250 0.296875 0.356250 0.295312 0.354687 0.295312 0.348438