0 0.915625 0.992188 0.917188 0.993750 0.918750 0.993750 0.918750 0.992188
0 0.965625 0.851562 0.965625 0.853125 0.968750 0.853125 0.967187 0.851562
0 0.970313 0.835938 0.968750 0.837500 0.968750 0.840625 0.971875 0.837500
0 0.970313 0.817187 0.965625 0.821875 0.964063 0.820312 0.960938 0.820312 0.960938 0.821875 0.962500 0.823438 0.965625 0.823438 0.967187 0.825000 0.968750 0.825000 0.970313 0.826562 0.970313 0.825000 0.971875 0.823438 0.971875 0.818750
0 0.985938 0.804688 0.984375 0.806250 0.984375 0.815625 0.982812 0.817187 0.982812 0.818750 0.981250 0.820312 0.978125 0.817187 0.976562 0.817187 0.975000 0.818750 0.975000 0.823438 0.976562 0.825000 0.976562 0.826562 0.979688 0.826562 0.981250 0.825000 0.984375 0.828125 0.984375 0.834375 0.981250 0.837500 0.979688 0.835938 0.975000 0.835938 0.975000 0.837500 0.976562 0.839063 0.976562 0.840625 0.978125 0.842187 0.979688 0.842187 0.981250 0.840625 0.984375 0.843750 0.984375 0.850000 0.981250 0.853125 0.976562 0.853125 0.979688 0.856250 0.979688 0.857812 0.985938 0.864062 0.984375 0.865625 0.981250 0.865625 0.981250 0.868750 0.985938 0.873437 0.992188 0.873437 0.993750 0.875000 0.995313 0.873437 0.995313 0.871875 0.996875 0.870313 0.998437 0.870313 0.998437 0.868750 0.996875 0.867188 0.995313 0.867188 0.992188 0.864062 0.993750 0.862500 0.993750 0.860938 0.995313 0.859375 0.995313 0.851562 0.992188 0.848437 0.992188 0.846875 0.993750 0.845313 0.993750 0.843750 0.995313 0.842187 0.995313 0.839063 0.996875 0.837500 0.995313 0.835938 0.995313 0.834375 0.993750 0.832812 0.993750 0.829688 0.998437 0.825000 0.996875 0.825000 0.995313 0.823438 0.995313 0.821875 0.992188 0.818750 0.990625 0.818750 0.985938 0.814063
0 0.978125 0.804688 0.976562 0.806250 0.976562 0.809375 0.978125 0.810937 0.978125 0.812500 0.978125 0.810937 0.979688 0.809375 0.979688 0.806250
0 0.962500 0.804688 0.960938 0.806250 0.960938 0.807813 0.962500 0.809375 0.964063 0.809375 0.964063 0.806250
0 0.918750 0.804688 0.918750 0.807813 0.920312 0.807813 0.921875 0.806250 0.920312 0.804688
0 0.915625 0.790625 0.918750 0.793750 0.920312 0.793750 0.920312 0.790625
0 0.975000 0.785937 0.978125 0.789062 0.978125 0.792188 0.976562 0.793750 0.978125 0.795312 0.979688 0.793750 0.978125 0.792188 0.978125 0.785937
0 0.970313 0.784375 0.965625 0.789062 0.962500 0.785937 0.954688 0.785937 0.954688 0.789062 0.956250 0.787500 0.957812 0.787500 0.960938 0.790625 0.960938 0.792188 0.962500 0.793750 0.967187 0.793750 0.965625 0.792188 0.965625 0.789062 0.967187 0.787500 0.968750 0.789062 0.970313 0.787500 0.971875 0.787500 0.971875 0.785937
0 0.946875 0.771875 0.946875 0.776563 0.948438 0.776563 0.950000 0.778125 0.948438 0.776563 0.948438 0.771875
0 0.987500 0.754687 0.987500 0.762500 0.989062 0.762500 0.993750 0.767188 0.990625 0.770312 0.987500 0.770312 0.985938 0.768750 0.984375 0.770312 0.981250 0.770312 0.979688 0.768750 0.976562 0.768750 0.975000 0.770312 0.960938 0.770312 0.960938 0.776563 0.959375 0.778125 0.960938 0.779687 0.964063 0.779687 0.965625 0.778125 0.968750 0.778125 0.968750 0.775000 0.971875 0.771875 0.973437 0.771875 0.976562 0.775000 0.975000 0.776563 0.975000 0.778125 0.976562 0.779687 0.985938 0.779687 0.987500 0.778125 0.990625 0.778125 0.992188 0.779687 0.992188 0.781250 0.993750 0.782813 0.989062 0.787500 0.987500 0.787500 0.985938 0.789062 0.984375 0.789062 0.984375 0.795312 0.985938 0.796875 0.985938 0.798438 0.985938 0.793750 0.989062 0.790625 0.993750 0.790625 0.993750 0.778125 0.995313 0.776563 0.995313 0.770312 0.993750 0.768750 0.993750 0.765625 0.995313 0.764062 0.995313 0.756250 0.993750 0.754687
0 0.529687 0.382812 0.528125 0.384375 0.512500 0.384375 0.510938 0.385937 0.507812 0.385937 0.506250 0.384375 0.504687 0.384375 0.503125 0.385937 0.495312 0.385937 0.493750 0.387500 0.492188 0.385937 0.485938 0.385937 0.484375 0.387500 0.470313 0.387500 0.468750 0.389062 0.457813 0.389062 0.456250 0.390625 0.437500 0.390625 0.435937 0.389062 0.409375 0.389062 0.407813 0.390625 0.371875 0.390625 0.370312 0.392188 0.343750 0.392188 0.342187 0.393750 0.325000 0.393750 0.323437 0.395313 0.306250 0.395313 0.304688 0.396875 0.276562 0.396875 0.275000 0.398438 0.271875 0.398438 0.270313 0.396875 0.268750 0.398438 0.237500 0.398438 0.235937 0.400000 0.234375 0.400000 0.232813 0.398438 0.231250 0.398438 0.229687 0.400000 0.218750 0.400000 0.218750 0.401562 0.215625 0.404687 0.201563 0.404687 0.200000 0.403125 0.187500 0.403125 0.185938 0.404687 0.159375 0.404687 0.157812 0.406250 0.095312 0.406250 0.093750 0.407813 0.076563 0.407813 0.073438 0.410938 0.068750 0.410938 0.067187 0.409375 0.065625 0.410938 0.060937 0.410938 0.059375 0.412500 0.057813 0.412500 0.056250 0.414062 0.050000 0.414062 0.050000 0.415625 0.048438 0.417187 0.046875 0.415625 0.046875 0.412500 0.042188 0.412500 0.040625 0.414062 0.034375 0.414062 0.032813 0.415625 0.029687 0.412500 0.026562 0.412500 0.025000 0.414062 0.023438 0.414062 0.023438 0.415625 0.025000 0.415625 0.028125 0.418750 0.029687 0.418750 0.031250 0.420312 0.031250 0.421875 0.032813 0.423438 0.032813 0.425000 0.035937 0.425000 0.037500 0.426563 0.037500 0.429688 0.039062 0.431250 0.040625 0.431250 0.043750 0.434375 0.045312 0.434375 0.046875 0.435937 0.046875 0.437500 0.048438 0.439063 0.048438 0.445312 0.050000 0.446875 0.050000 0.448437 0.051562 0.450000 0.051562 0.451562 0.053125 0.453125 0.053125 0.454688 0.054688 0.456250 0.054688 0.457813 0.053125 0.459375 0.053125 0.460938 0.051562 0.462500 0.051562 0.470313 0.050000 0.471875 0.050000 0.475000 0.042188 0.482812 0.042188 0.484375 0.026562 0.500000 0.026562 0.501563 0.006250 0.521875 0.004687 0.521875 0.003125 0.523438 0.003125 0.525000 0.000000 0.528125 0.000000 0.634375 0.001563 0.634375 0.003125 0.635938 0.014063 0.635938 0.015625 0.637500 0.014063 0.639062 0.006250 0.639062 0.001563 0.643750 0.000000 0.643750 0.000000 0.993750 0.001563 0.993750 0.003125 0.995313 0.003125 0.998437 0.720313 0.998437 0.721875 0.996875 0.725000 0.996875 0.726562 0.998437 0.734375 0.998437 0.735938 0.996875 0.756250 0.996875 0.757812 0.998437 0.767188 0.998437 0.768750 0.996875 0.771875 0.996875 0.773438 0.998437 0.875000 0.998437 0.876563 0.996875 0.878125 0.996875 0.879687 0.995313 0.882812 0.998437 0.889062 0.998437 0.889062 0.996875 0.890625 0.995313 0.898438 0.995313 0.900000 0.996875 0.903125 0.996875 0.904687 0.995313 0.904687 0.987500 0.906250 0.985938 0.904687 0.984375 0.904687 0.982812 0.903125 0.981250 0.903125 0.971875 0.904687 0.970313 0.904687 0.962500 0.903125 0.960938 0.903125 0.959375 0.901563 0.957812 0.903125 0.956250 0.903125 0.950000 0.900000 0.950000 0.900000 0.953125 0.898438 0.954688 0.895312 0.954688 0.896875 0.956250 0.896875 0.957812 0.893750 0.960938 0.892188 0.960938 0.890625 0.959375 0.890625 0.937500 0.893750 0.934375 0.896875 0.934375 0.898438 0.935937 0.906250 0.935937 0.909375 0.932813 0.910937 0.932813 0.914062 0.935937 0.915625 0.935937 0.917188 0.937500 0.918750 0.935937 0.920312 0.935937 0.920312 0.928125 0.918750 0.926562 0.918750 0.923438 0.920312 0.921875 0.920312 0.910937 0.918750 0.909375 0.912500 0.909375 0.910937 0.907813 0.907813 0.907813 0.904687 0.904687 0.904687 0.892188 0.906250 0.890625 0.906250 0.876563 0.907813 0.875000 0.912500 0.875000 0.914062 0.876563 0.914062 0.884375 0.915625 0.884375 0.917188 0.882812 0.917188 0.881250 0.918750 0.879687 0.918750 0.876563 0.920312 0.875000 0.934375 0.875000 0.935937 0.876563 0.935937 0.885938 0.937500 0.887500 0.937500 0.889062 0.939063 0.890625 0.939063 0.892188 0.943750 0.896875 0.943750 0.900000 0.940625 0.903125 0.939063 0.903125 0.939063 0.904687 0.940625 0.904687 0.942187 0.903125 0.946875 0.907813 0.946875 0.909375 0.943750 0.912500 0.943750 0.917188 0.946875 0.920312 0.951562 0.920312 0.953125 0.918750 0.954688 0.918750 0.956250 0.917188 0.957812 0.917188 0.959375 0.918750 0.960938 0.918750 0.962500 0.920312 0.964063 0.918750 0.967187 0.918750 0.968750 0.917188 0.968750 0.914062 0.965625 0.910937 0.965625 0.909375 0.968750 0.906250 0.970313 0.906250 0.971875 0.904687 0.981250 0.904687 0.984375 0.907813 0.984375 0.912500 0.982812 0.914062 0.982812 0.918750 0.984375 0.918750 0.985938 0.920312 0.987500 0.918750 0.995313 0.918750 0.996875 0.917188 0.998437 0.917188 0.998437 0.914062 0.996875 0.914062 0.993750 0.910937 0.993750 0.904687 0.985938 0.896875 0.984375 0.896875 0.982812 0.898438 0.981250 0.898438 0.976562 0.893750 0.976562 0.892188 0.970313 0.885938 0.970313 0.884375 0.967187 0.881250 0.964063 0.881250 0.959375 0.876563 0.959375 0.875000 0.956250 0.871875 0.956250 0.870313 0.953125 0.867188 0.953125 0.865625 0.950000 0.865625 0.945312 0.860938 0.945312 0.857812 0.943750 0.856250 0.943750 0.854688 0.940625 0.851562 0.940625 0.850000 0.937500 0.846875 0.934375 0.846875 0.932813 0.845313 0.932813 0.842187 0.929688 0.839063 0.929688 0.837500 0.925000 0.832812 0.925000 0.831250 0.923438 0.831250 0.921875 0.829688 0.921875 0.828125 0.917188 0.823438 0.917188 0.821875 0.910937 0.815625 0.910937 0.814063 0.907813 0.810937 0.907813 0.809375 0.903125 0.804688 0.900000 0.804688 0.898438 0.803125 0.896875 0.803125 0.893750 0.800000 0.889062 0.800000 0.885938 0.796875 0.885938 0.793750 0.887500 0.792188 0.889062 0.792188 0.890625 0.793750 0.890625 0.795312 0.892188 0.795312 0.892188 0.792188 0.889062 0.789062 0.884375 0.789062 0.881250 0.785937 0.879687 0.785937 0.878125 0.784375 0.878125 0.782813 0.876563 0.781250 0.876563 0.779687 0.875000 0.778125 0.876563 0.776563 0.878125 0.776563 0.879687 0.775000 0.884375 0.775000 0.887500 0.771875 0.893750 0.771875 0.895312 0.770312 0.900000 0.770312 0.901563 0.768750 0.904687 0.768750 0.906250 0.770312 0.907813 0.770312 0.909375 0.768750 0.910937 0.768750 0.912500 0.767188 0.915625 0.767188 0.918750 0.764062 0.920312 0.764062 0.921875 0.765625 0.923438 0.765625 0.925000 0.764062 0.925000 0.762500 0.928125 0.759375 0.929688 0.759375 0.931250 0.757812 0.931250 0.751563 0.929688 0.750000 0.929688 0.748437 0.926562 0.745313 0.926562 0.743750 0.925000 0.743750 0.921875 0.740625 0.918750 0.740625 0.915625 0.737500 0.914062 0.737500 0.912500 0.735938 0.910937 0.735938 0.909375 0.734375 0.904687 0.734375 0.901563 0.731250 0.900000 0.731250 0.896875 0.728125 0.896875 0.726562 0.895312 0.725000 0.895312 0.723437 0.892188 0.720313 0.892188 0.717187 0.882812 0.707812 0.881250 0.707812 0.865625 0.692187 0.864062 0.692187 0.860938 0.689063 0.859375 0.689063 0.851562 0.681250 0.850000 0.681250 0.848437 0.679688 0.846875 0.679688 0.843750 0.676562 0.842187 0.676562 0.840625 0.675000 0.839063 0.675000 0.831250 0.667188 0.829688 0.667188 0.826562 0.664062 0.825000 0.664062 0.821875 0.660937 0.820312 0.660937 0.815625 0.656250 0.814063 0.656250 0.810937 0.653125 0.809375 0.653125 0.804688 0.648438 0.803125 0.648438 0.800000 0.645312 0.798438 0.645312 0.796875 0.643750 0.795312 0.643750 0.792188 0.640625 0.790625 0.640625 0.784375 0.634375 0.782813 0.634375 0.781250 0.632812 0.779687 0.632812 0.776563 0.629687 0.775000 0.629687 0.765625 0.620313 0.764062 0.620313 0.759375 0.615625 0.757812 0.615625 0.754687 0.612500 0.753125 0.612500 0.750000 0.609375 0.748437 0.609375 0.740625 0.601562 0.739062 0.601562 0.737500 0.600000 0.735938 0.600000 0.734375 0.598437 0.732812 0.598437 0.723437 0.589063 0.721875 0.589063 0.718750 0.585938 0.717187 0.585938 0.715625 0.584375 0.714063 0.584375 0.710938 0.581250 0.709375 0.581250 0.703125 0.575000 0.701562 0.575000 0.700000 0.573438 0.698438 0.573438 0.693750 0.568750 0.693750 0.567187 0.692187 0.565625 0.692187 0.564063 0.687500 0.559375 0.684375 0.559375 0.679688 0.554688 0.679688 0.553125 0.678125 0.551562 0.676562 0.551562 0.675000 0.550000 0.670312 0.550000 0.664062 0.543750 0.662500 0.543750 0.660937 0.542188 0.650000 0.542188 0.646875 0.539062 0.646875 0.537500 0.645312 0.535937 0.643750 0.535937 0.642188 0.534375 0.635938 0.534375 0.634375 0.532813 0.634375 0.528125 0.631250 0.528125 0.629687 0.526563 0.628125 0.526563 0.626563 0.525000 0.620313 0.525000 0.618750 0.523438 0.620313 0.521875 0.620313 0.520312 0.617188 0.517188 0.617188 0.510938 0.615625 0.509375 0.615625 0.507812 0.614062 0.506250 0.614062 0.504687 0.612500 0.504687 0.610938 0.503125 0.606250 0.503125 0.603125 0.500000 0.603125 0.498437 0.601562 0.496875 0.596875 0.496875 0.595313 0.495312 0.593750 0.495312 0.592187 0.493750 0.589063 0.493750 0.581250 0.485938 0.579688 0.485938 0.578125 0.484375 0.575000 0.484375 0.570312 0.479687 0.570312 0.478125 0.565625 0.473438 0.564063 0.473438 0.560937 0.470313 0.557813 0.470313 0.556250 0.468750 0.551562 0.468750 0.550000 0.467187 0.548438 0.467187 0.546875 0.465625 0.546875 0.462500 0.542188 0.457813 0.540625 0.457813 0.537500 0.454688 0.535937 0.454688 0.534375 0.453125 0.529687 0.453125 0.528125 0.451562 0.525000 0.451562 0.523438 0.450000 0.523438 0.448437 0.521875 0.446875 0.521875 0.443750 0.518750 0.440625 0.517188 0.440625 0.515625 0.439063 0.512500 0.439063 0.510938 0.437500 0.509375 0.437500 0.506250 0.434375 0.506250 0.432812 0.504687 0.431250 0.504687 0.421875 0.501563 0.418750 0.501563 0.417187 0.504687 0.414062 0.504687 0.412500 0.506250 0.410938 0.506250 0.409375 0.507812 0.407813 0.507812 0.406250 0.514062 0.400000 0.515625 0.400000 0.520312 0.395313 0.521875 0.395313 0.521875 0.393750 0.523438 0.392188 0.523438 0.390625 0.526563 0.387500 0.534375 0.387500 0.535937 0.385937 0.537500 0.385937 0.539062 0.384375 0.543750 0.384375 0.543750 0.382812
0 0.265625 0.317188 0.267188 0.318750 0.292187 0.318750 0.293750 0.320312 0.295312 0.318750 0.295312 0.317188
0 0.385937 0.314063 0.384375 0.315625 0.379688 0.315625 0.378125 0.317188 0.384375 0.317188 0.385937 0.318750 0.389062 0.318750 0.390625 0.317188 0.387500 0.314063
0 0.370312 0.314063 0.370312 0.315625 0.368750 0.317188 0.367188 0.317188 0.365625 0.315625 0.364063 0.317188 0.370312 0.317188 0.371875 0.318750 0.373437 0.318750 0.375000 0.317188 0.373437 0.315625 0.373437 0.314063